Period,Scenario,LoadLevel,Unit,p.u.
2030,sc01,01-07 08:00:00+01:00,121_NUCLEAR_1,0.0
2030,sc01,01-07 08:00:00+01:00,113_CT_4,1.0
2030,sc01,01-07 08:00:00+01:00,115_STEAM_3,0.0
2030,sc01,01-07 08:00:00+01:00,102_STEAM_4,0.0
2030,sc01,01-07 08:00:00+01:00,113_CT_1,1.0
2030,sc01,01-07 08:00:00+01:00,107_CC_1,0.0
2030,sc01,01-07 08:00:00+01:00,102_CT_2,1.0
2030,sc01,01-07 08:00:00+01:00,101_CT_1,1.0
2030,sc01,01-07 08:00:00+01:00,102_STEAM_3,0.0
2030,sc01,01-07 08:00:00+01:00,115_STEAM_1,1.0
2030,sc01,01-07 08:00:00+01:00,113_CT_3,1.0
2030,sc01,01-07 08:00:00+01:00,123_CT_5,1.0
2030,sc01,01-07 08:00:00+01:00,116_STEAM_1,1.0
2030,sc01,01-07 08:00:00+01:00,123_STEAM_2,0.0
2030,sc01,01-07 08:00:00+01:00,101_CT_2,1.0
2030,sc01,01-07 08:00:00+01:00,123_CT_4,1.0
2030,sc01,01-07 08:00:00+01:00,101_STEAM_4,0.0
2030,sc01,01-07 08:00:00+01:00,123_STEAM_3,1.0
2030,sc01,01-07 08:00:00+01:00,118_CC_1,0.0
2030,sc01,01-07 08:00:00+01:00,123_CT_1,1.0
2030,sc01,01-07 08:00:00+01:00,101_STEAM_3,0.0
2030,sc01,01-07 08:00:00+01:00,102_CT_1,1.0
2030,sc01,01-07 08:00:00+01:00,113_CT_2,1.0
2030,sc01,01-07 08:00:00+01:00,115_STEAM_2,1.0
2030,sc01,01-08 17:00:00+01:00,121_NUCLEAR_1,0.9871068900921631
2030,sc01,01-08 17:00:00+01:00,113_CT_4,0.0
2030,sc01,01-08 17:00:00+01:00,115_STEAM_3,0.0
2030,sc01,01-08 17:00:00+01:00,102_STEAM_4,0.0
2030,sc01,01-08 17:00:00+01:00,113_CT_1,0.0
2030,sc01,01-08 17:00:00+01:00,107_CC_1,0.0
2030,sc01,01-08 17:00:00+01:00,102_CT_2,0.0
2030,sc01,01-08 17:00:00+01:00,101_CT_1,0.0
2030,sc01,01-08 17:00:00+01:00,102_STEAM_3,0.0
2030,sc01,01-08 17:00:00+01:00,115_STEAM_1,0.0
2030,sc01,01-08 17:00:00+01:00,113_CT_3,0.0
2030,sc01,01-08 17:00:00+01:00,123_CT_5,0.0
2030,sc01,01-08 17:00:00+01:00,116_STEAM_1,0.0
2030,sc01,01-08 17:00:00+01:00,123_STEAM_2,1.0
2030,sc01,01-08 17:00:00+01:00,101_CT_2,0.0
2030,sc01,01-08 17:00:00+01:00,123_CT_4,0.0
2030,sc01,01-08 17:00:00+01:00,101_STEAM_4,0.0
2030,sc01,01-08 17:00:00+01:00,123_STEAM_3,0.0
2030,sc01,01-08 17:00:00+01:00,118_CC_1,1.0
2030,sc01,01-08 17:00:00+01:00,123_CT_1,0.0
2030,sc01,01-08 17:00:00+01:00,101_STEAM_3,0.0
2030,sc01,01-08 17:00:00+01:00,102_CT_1,0.0
2030,sc01,01-08 17:00:00+01:00,113_CT_2,0.0
2030,sc01,01-08 17:00:00+01:00,115_STEAM_2,0.0
2030,sc01,01-09 13:00:00+01:00,121_NUCLEAR_1,0.35143880801060495
2030,sc01,01-09 13:00:00+01:00,113_CT_4,0.0
2030,sc01,01-09 13:00:00+01:00,115_STEAM_3,0.0
2030,sc01,01-09 13:00:00+01:00,102_STEAM_4,1.0
2030,sc01,01-09 13:00:00+01:00,113_CT_1,0.0
2030,sc01,01-09 13:00:00+01:00,107_CC_1,0.0
2030,sc01,01-09 13:00:00+01:00,102_CT_2,0.0
2030,sc01,01-09 13:00:00+01:00,101_CT_1,0.0
2030,sc01,01-09 13:00:00+01:00,102_STEAM_3,1.0
2030,sc01,01-09 13:00:00+01:00,115_STEAM_1,0.0
2030,sc01,01-09 13:00:00+01:00,113_CT_3,0.0
2030,sc01,01-09 13:00:00+01:00,123_CT_5,0.0
2030,sc01,01-09 13:00:00+01:00,116_STEAM_1,0.0
2030,sc01,01-09 13:00:00+01:00,123_STEAM_2,0.0
2030,sc01,01-09 13:00:00+01:00,101_CT_2,0.0
2030,sc01,01-09 13:00:00+01:00,123_CT_4,0.0
2030,sc01,01-09 13:00:00+01:00,101_STEAM_4,1.0
2030,sc01,01-09 13:00:00+01:00,123_STEAM_3,0.0
2030,sc01,01-09 13:00:00+01:00,118_CC_1,0.0
2030,sc01,01-09 13:00:00+01:00,123_CT_1,0.0
2030,sc01,01-09 13:00:00+01:00,101_STEAM_3,1.0
2030,sc01,01-09 13:00:00+01:00,102_CT_1,0.0
2030,sc01,01-09 13:00:00+01:00,113_CT_2,0.0
2030,sc01,01-09 13:00:00+01:00,115_STEAM_2,0.0
2030,sc01,01-09 17:00:00+01:00,121_NUCLEAR_1,0.5949680837296086
2030,sc01,01-09 17:00:00+01:00,113_CT_4,0.0
2030,sc01,01-09 17:00:00+01:00,115_STEAM_3,0.0
2030,sc01,01-09 17:00:00+01:00,102_STEAM_4,0.0
2030,sc01,01-09 17:00:00+01:00,113_CT_1,0.0
2030,sc01,01-09 17:00:00+01:00,107_CC_1,0.0
2030,sc01,01-09 17:00:00+01:00,102_CT_2,0.0
2030,sc01,01-09 17:00:00+01:00,101_CT_1,0.0
2030,sc01,01-09 17:00:00+01:00,102_STEAM_3,0.0
2030,sc01,01-09 17:00:00+01:00,115_STEAM_1,0.0
2030,sc01,01-09 17:00:00+01:00,113_CT_3,0.0
2030,sc01,01-09 17:00:00+01:00,123_CT_5,0.0
2030,sc01,01-09 17:00:00+01:00,116_STEAM_1,0.0
2030,sc01,01-09 17:00:00+01:00,123_STEAM_2,0.0
2030,sc01,01-09 17:00:00+01:00,101_CT_2,0.0
2030,sc01,01-09 17:00:00+01:00,123_CT_4,0.0
2030,sc01,01-09 17:00:00+01:00,101_STEAM_4,0.0
2030,sc01,01-09 17:00:00+01:00,123_STEAM_3,0.0
2030,sc01,01-09 17:00:00+01:00,118_CC_1,0.0
2030,sc01,01-09 17:00:00+01:00,123_CT_1,0.0
2030,sc01,01-09 17:00:00+01:00,101_STEAM_3,0.0
2030,sc01,01-09 17:00:00+01:00,102_CT_1,0.0
2030,sc01,01-09 17:00:00+01:00,113_CT_2,0.0
2030,sc01,01-09 17:00:00+01:00,115_STEAM_2,0.0
2030,sc01,01-10 16:00:00+01:00,121_NUCLEAR_1,0.06648621816762339
2030,sc01,01-10 16:00:00+01:00,113_CT_4,0.0
2030,sc01,01-10 16:00:00+01:00,115_STEAM_3,0.0
2030,sc01,01-10 16:00:00+01:00,102_STEAM_4,0.03926011520376086
2030,sc01,01-10 16:00:00+01:00,113_CT_1,0.0
2030,sc01,01-10 16:00:00+01:00,107_CC_1,0.0
2030,sc01,01-10 16:00:00+01:00,102_CT_2,0.0
2030,sc01,01-10 16:00:00+01:00,101_CT_1,0.0
2030,sc01,01-10 16:00:00+01:00,102_STEAM_3,0.0
2030,sc01,01-10 16:00:00+01:00,115_STEAM_1,0.0
2030,sc01,01-10 16:00:00+01:00,113_CT_3,0.0
2030,sc01,01-10 16:00:00+01:00,123_CT_5,0.0
2030,sc01,01-10 16:00:00+01:00,116_STEAM_1,0.0
2030,sc01,01-10 16:00:00+01:00,123_STEAM_2,0.0
2030,sc01,01-10 16:00:00+01:00,101_CT_2,0.0
2030,sc01,01-10 16:00:00+01:00,123_CT_4,0.0
2030,sc01,01-10 16:00:00+01:00,101_STEAM_4,0.0
2030,sc01,01-10 16:00:00+01:00,123_STEAM_3,0.0
2030,sc01,01-10 16:00:00+01:00,118_CC_1,0.0
2030,sc01,01-10 16:00:00+01:00,123_CT_1,0.0
2030,sc01,01-10 16:00:00+01:00,101_STEAM_3,0.0
2030,sc01,01-10 16:00:00+01:00,102_CT_1,0.0
2030,sc01,01-10 16:00:00+01:00,113_CT_2,0.0
2030,sc01,01-10 16:00:00+01:00,115_STEAM_2,0.0
2030,sc01,01-11 09:00:00+01:00,121_NUCLEAR_1,1.0
2030,sc01,01-11 09:00:00+01:00,113_CT_4,0.0
2030,sc01,01-11 09:00:00+01:00,115_STEAM_3,0.0
2030,sc01,01-11 09:00:00+01:00,102_STEAM_4,0.0
2030,sc01,01-11 09:00:00+01:00,113_CT_1,0.0
2030,sc01,01-11 09:00:00+01:00,107_CC_1,0.0
2030,sc01,01-11 09:00:00+01:00,102_CT_2,0.0
2030,sc01,01-11 09:00:00+01:00,101_CT_1,0.0
2030,sc01,01-11 09:00:00+01:00,102_STEAM_3,0.0
2030,sc01,01-11 09:00:00+01:00,115_STEAM_1,0.0
2030,sc01,01-11 09:00:00+01:00,113_CT_3,0.0
2030,sc01,01-11 09:00:00+01:00,123_CT_5,0.0
2030,sc01,01-11 09:00:00+01:00,116_STEAM_1,0.0
2030,sc01,01-11 09:00:00+01:00,123_STEAM_2,0.0
2030,sc01,01-11 09:00:00+01:00,101_CT_2,0.0
2030,sc01,01-11 09:00:00+01:00,123_CT_4,0.0
2030,sc01,01-11 09:00:00+01:00,101_STEAM_4,0.0
2030,sc01,01-11 09:00:00+01:00,123_STEAM_3,0.0
2030,sc01,01-11 09:00:00+01:00,118_CC_1,1.0
2030,sc01,01-11 09:00:00+01:00,123_CT_1,0.0
2030,sc01,01-11 09:00:00+01:00,101_STEAM_3,0.0
2030,sc01,01-11 09:00:00+01:00,102_CT_1,0.0
2030,sc01,01-11 09:00:00+01:00,113_CT_2,0.0
2030,sc01,01-11 09:00:00+01:00,115_STEAM_2,0.0
2030,sc01,01-11 18:00:00+01:00,121_NUCLEAR_1,1.0
2030,sc01,01-11 18:00:00+01:00,113_CT_4,0.0
2030,sc01,01-11 18:00:00+01:00,115_STEAM_3,0.0
2030,sc01,01-11 18:00:00+01:00,102_STEAM_4,1.0
2030,sc01,01-11 18:00:00+01:00,113_CT_1,0.0
2030,sc01,01-11 18:00:00+01:00,107_CC_1,0.766295362029463
2030,sc01,01-11 18:00:00+01:00,102_CT_2,0.0
2030,sc01,01-11 18:00:00+01:00,101_CT_1,0.0
2030,sc01,01-11 18:00:00+01:00,102_STEAM_3,1.0
2030,sc01,01-11 18:00:00+01:00,115_STEAM_1,0.0
2030,sc01,01-11 18:00:00+01:00,113_CT_3,0.0
2030,sc01,01-11 18:00:00+01:00,123_CT_5,0.0
2030,sc01,01-11 18:00:00+01:00,116_STEAM_1,0.0
2030,sc01,01-11 18:00:00+01:00,123_STEAM_2,1.0
2030,sc01,01-11 18:00:00+01:00,101_CT_2,0.0
2030,sc01,01-11 18:00:00+01:00,123_CT_4,0.0
2030,sc01,01-11 18:00:00+01:00,101_STEAM_4,1.0
2030,sc01,01-11 18:00:00+01:00,123_STEAM_3,1.0
2030,sc01,01-11 18:00:00+01:00,118_CC_1,0.0
2030,sc01,01-11 18:00:00+01:00,123_CT_1,0.0
2030,sc01,01-11 18:00:00+01:00,101_STEAM_3,1.0
2030,sc01,01-11 18:00:00+01:00,102_CT_1,0.0
2030,sc01,01-11 18:00:00+01:00,113_CT_2,0.0
2030,sc01,01-11 18:00:00+01:00,115_STEAM_2,0.0
2030,sc01,01-14 16:00:00+01:00,121_NUCLEAR_1,0.0
2030,sc01,01-14 16:00:00+01:00,113_CT_4,0.0
2030,sc01,01-14 16:00:00+01:00,115_STEAM_3,0.0
2030,sc01,01-14 16:00:00+01:00,102_STEAM_4,0.0
2030,sc01,01-14 16:00:00+01:00,113_CT_1,0.0
2030,sc01,01-14 16:00:00+01:00,107_CC_1,0.23370463797053703
2030,sc01,01-14 16:00:00+01:00,102_CT_2,0.0
2030,sc01,01-14 16:00:00+01:00,101_CT_1,0.0
2030,sc01,01-14 16:00:00+01:00,102_STEAM_3,0.0
2030,sc01,01-14 16:00:00+01:00,115_STEAM_1,0.0
2030,sc01,01-14 16:00:00+01:00,113_CT_3,0.0
2030,sc01,01-14 16:00:00+01:00,123_CT_5,0.0
2030,sc01,01-14 16:00:00+01:00,116_STEAM_1,0.0
2030,sc01,01-14 16:00:00+01:00,123_STEAM_2,0.2943963351595871
2030,sc01,01-14 16:00:00+01:00,101_CT_2,0.0
2030,sc01,01-14 16:00:00+01:00,123_CT_4,0.0
2030,sc01,01-14 16:00:00+01:00,101_STEAM_4,0.0
2030,sc01,01-14 16:00:00+01:00,123_STEAM_3,0.0
2030,sc01,01-14 16:00:00+01:00,118_CC_1,0.0
2030,sc01,01-14 16:00:00+01:00,123_CT_1,0.0
2030,sc01,01-14 16:00:00+01:00,101_STEAM_3,0.0
2030,sc01,01-14 16:00:00+01:00,102_CT_1,0.0
2030,sc01,01-14 16:00:00+01:00,113_CT_2,0.0
2030,sc01,01-14 16:00:00+01:00,115_STEAM_2,0.0
2030,sc01,01-16 10:00:00+01:00,121_NUCLEAR_1,0.011136652188161289
2030,sc01,01-16 10:00:00+01:00,113_CT_4,0.0
2030,sc01,01-16 10:00:00+01:00,115_STEAM_3,0.0
2030,sc01,01-16 10:00:00+01:00,102_STEAM_4,0.48255039519493903
2030,sc01,01-16 10:00:00+01:00,113_CT_1,0.0
2030,sc01,01-16 10:00:00+01:00,107_CC_1,0.0
2030,sc01,01-16 10:00:00+01:00,102_CT_2,0.0
2030,sc01,01-16 10:00:00+01:00,101_CT_1,0.0
2030,sc01,01-16 10:00:00+01:00,102_STEAM_3,0.2689431312585112
2030,sc01,01-16 10:00:00+01:00,115_STEAM_1,0.0
2030,sc01,01-16 10:00:00+01:00,113_CT_3,0.0
2030,sc01,01-16 10:00:00+01:00,123_CT_5,0.0
2030,sc01,01-16 10:00:00+01:00,116_STEAM_1,0.0
2030,sc01,01-16 10:00:00+01:00,123_STEAM_2,1.0
2030,sc01,01-16 10:00:00+01:00,101_CT_2,0.0
2030,sc01,01-16 10:00:00+01:00,123_CT_4,0.0
2030,sc01,01-16 10:00:00+01:00,101_STEAM_4,0.0
2030,sc01,01-16 10:00:00+01:00,123_STEAM_3,0.0
2030,sc01,01-16 10:00:00+01:00,118_CC_1,0.0
2030,sc01,01-16 10:00:00+01:00,123_CT_1,0.0
2030,sc01,01-16 10:00:00+01:00,101_STEAM_3,0.0
2030,sc01,01-16 10:00:00+01:00,102_CT_1,0.0
2030,sc01,01-16 10:00:00+01:00,113_CT_2,0.0
2030,sc01,01-16 10:00:00+01:00,115_STEAM_2,0.0
2030,sc01,01-16 11:00:00+01:00,121_NUCLEAR_1,0.006055797261321105
2030,sc01,01-16 11:00:00+01:00,113_CT_4,0.0
2030,sc01,01-16 11:00:00+01:00,115_STEAM_3,0.0
2030,sc01,01-16 11:00:00+01:00,102_STEAM_4,0.517449604805061
2030,sc01,01-16 11:00:00+01:00,113_CT_1,0.0
2030,sc01,01-16 11:00:00+01:00,107_CC_1,0.0
2030,sc01,01-16 11:00:00+01:00,102_CT_2,0.0
2030,sc01,01-16 11:00:00+01:00,101_CT_1,0.0
2030,sc01,01-16 11:00:00+01:00,102_STEAM_3,0.0
2030,sc01,01-16 11:00:00+01:00,115_STEAM_1,0.0
2030,sc01,01-16 11:00:00+01:00,113_CT_3,0.0
2030,sc01,01-16 11:00:00+01:00,123_CT_5,0.0
2030,sc01,01-16 11:00:00+01:00,116_STEAM_1,0.0
2030,sc01,01-16 11:00:00+01:00,123_STEAM_2,0.3260204723371244
2030,sc01,01-16 11:00:00+01:00,101_CT_2,0.0
2030,sc01,01-16 11:00:00+01:00,123_CT_4,0.0
2030,sc01,01-16 11:00:00+01:00,101_STEAM_4,1.0
2030,sc01,01-16 11:00:00+01:00,123_STEAM_3,1.0
2030,sc01,01-16 11:00:00+01:00,118_CC_1,0.0
2030,sc01,01-16 11:00:00+01:00,123_CT_1,0.0
2030,sc01,01-16 11:00:00+01:00,101_STEAM_3,0.0
2030,sc01,01-16 11:00:00+01:00,102_CT_1,0.0
2030,sc01,01-16 11:00:00+01:00,113_CT_2,0.0
2030,sc01,01-16 11:00:00+01:00,115_STEAM_2,0.0
2030,sc01,01-17 08:00:00+01:00,121_NUCLEAR_1,0.0
2030,sc01,01-17 08:00:00+01:00,113_CT_4,0.0
2030,sc01,01-17 08:00:00+01:00,115_STEAM_3,0.0
2030,sc01,01-17 08:00:00+01:00,102_STEAM_4,0.0
2030,sc01,01-17 08:00:00+01:00,113_CT_1,0.0
2030,sc01,01-17 08:00:00+01:00,107_CC_1,0.0
2030,sc01,01-17 08:00:00+01:00,102_CT_2,0.0
2030,sc01,01-17 08:00:00+01:00,101_CT_1,0.0
2030,sc01,01-17 08:00:00+01:00,102_STEAM_3,0.0
2030,sc01,01-17 08:00:00+01:00,115_STEAM_1,0.0
2030,sc01,01-17 08:00:00+01:00,113_CT_3,0.0
2030,sc01,01-17 08:00:00+01:00,123_CT_5,0.0
2030,sc01,01-17 08:00:00+01:00,116_STEAM_1,0.0
2030,sc01,01-17 08:00:00+01:00,123_STEAM_2,0.6739795276628756
2030,sc01,01-17 08:00:00+01:00,101_CT_2,0.0
2030,sc01,01-17 08:00:00+01:00,123_CT_4,0.0
2030,sc01,01-17 08:00:00+01:00,101_STEAM_4,0.0
2030,sc01,01-17 08:00:00+01:00,123_STEAM_3,0.0
2030,sc01,01-17 08:00:00+01:00,118_CC_1,0.0
2030,sc01,01-17 08:00:00+01:00,123_CT_1,0.0
2030,sc01,01-17 08:00:00+01:00,101_STEAM_3,0.0
2030,sc01,01-17 08:00:00+01:00,102_CT_1,0.0
2030,sc01,01-17 08:00:00+01:00,113_CT_2,0.0
2030,sc01,01-17 08:00:00+01:00,115_STEAM_2,0.0
2030,sc01,01-17 09:00:00+01:00,121_NUCLEAR_1,0.0
2030,sc01,01-17 09:00:00+01:00,113_CT_4,0.0
2030,sc01,01-17 09:00:00+01:00,115_STEAM_3,0.0
2030,sc01,01-17 09:00:00+01:00,102_STEAM_4,0.0
2030,sc01,01-17 09:00:00+01:00,113_CT_1,0.0
2030,sc01,01-17 09:00:00+01:00,107_CC_1,0.0
2030,sc01,01-17 09:00:00+01:00,102_CT_2,0.0
2030,sc01,01-17 09:00:00+01:00,101_CT_1,0.0
2030,sc01,01-17 09:00:00+01:00,102_STEAM_3,0.0
2030,sc01,01-17 09:00:00+01:00,115_STEAM_1,0.0
2030,sc01,01-17 09:00:00+01:00,113_CT_3,0.0
2030,sc01,01-17 09:00:00+01:00,123_CT_5,0.0
2030,sc01,01-17 09:00:00+01:00,116_STEAM_1,0.0
2030,sc01,01-17 09:00:00+01:00,123_STEAM_2,0.0
2030,sc01,01-17 09:00:00+01:00,101_CT_2,0.0
2030,sc01,01-17 09:00:00+01:00,123_CT_4,0.0
2030,sc01,01-17 09:00:00+01:00,101_STEAM_4,0.0
2030,sc01,01-17 09:00:00+01:00,123_STEAM_3,0.7516153267736506
2030,sc01,01-17 09:00:00+01:00,118_CC_1,0.7347091317455184
2030,sc01,01-17 09:00:00+01:00,123_CT_1,0.0
2030,sc01,01-17 09:00:00+01:00,101_STEAM_3,0.0
2030,sc01,01-17 09:00:00+01:00,102_CT_1,0.0
2030,sc01,01-17 09:00:00+01:00,113_CT_2,0.0
2030,sc01,01-17 09:00:00+01:00,115_STEAM_2,0.0
2030,sc01,01-17 21:00:00+01:00,121_NUCLEAR_1,1.0
2030,sc01,01-17 21:00:00+01:00,113_CT_4,0.0
2030,sc01,01-17 21:00:00+01:00,115_STEAM_3,1.0
2030,sc01,01-17 21:00:00+01:00,102_STEAM_4,1.0
2030,sc01,01-17 21:00:00+01:00,113_CT_1,0.0
2030,sc01,01-17 21:00:00+01:00,107_CC_1,0.6597291365315517
2030,sc01,01-17 21:00:00+01:00,102_CT_2,0.0
2030,sc01,01-17 21:00:00+01:00,101_CT_1,0.0
2030,sc01,01-17 21:00:00+01:00,102_STEAM_3,1.0
2030,sc01,01-17 21:00:00+01:00,115_STEAM_1,0.0
2030,sc01,01-17 21:00:00+01:00,113_CT_3,0.0
2030,sc01,01-17 21:00:00+01:00,123_CT_5,0.0
2030,sc01,01-17 21:00:00+01:00,116_STEAM_1,0.0
2030,sc01,01-17 21:00:00+01:00,123_STEAM_2,1.0
2030,sc01,01-17 21:00:00+01:00,101_CT_2,0.0
2030,sc01,01-17 21:00:00+01:00,123_CT_4,0.0
2030,sc01,01-17 21:00:00+01:00,101_STEAM_4,1.0
2030,sc01,01-17 21:00:00+01:00,123_STEAM_3,0.2483846732263494
2030,sc01,01-17 21:00:00+01:00,118_CC_1,1.0
2030,sc01,01-17 21:00:00+01:00,123_CT_1,0.0
2030,sc01,01-17 21:00:00+01:00,101_STEAM_3,1.0
2030,sc01,01-17 21:00:00+01:00,102_CT_1,0.0
2030,sc01,01-17 21:00:00+01:00,113_CT_2,0.0
2030,sc01,01-17 21:00:00+01:00,115_STEAM_2,0.0
2030,sc01,01-17 23:00:00+01:00,121_NUCLEAR_1,0.0
2030,sc01,01-17 23:00:00+01:00,113_CT_4,0.0
2030,sc01,01-17 23:00:00+01:00,115_STEAM_3,0.0
2030,sc01,01-17 23:00:00+01:00,102_STEAM_4,0.0
2030,sc01,01-17 23:00:00+01:00,113_CT_1,0.0
2030,sc01,01-17 23:00:00+01:00,107_CC_1,0.20575376924646632
2030,sc01,01-17 23:00:00+01:00,102_CT_2,0.0
2030,sc01,01-17 23:00:00+01:00,101_CT_1,0.0
2030,sc01,01-17 23:00:00+01:00,102_STEAM_3,0.0
2030,sc01,01-17 23:00:00+01:00,115_STEAM_1,0.0
2030,sc01,01-17 23:00:00+01:00,113_CT_3,0.0
2030,sc01,01-17 23:00:00+01:00,123_CT_5,0.0
2030,sc01,01-17 23:00:00+01:00,116_STEAM_1,0.0
2030,sc01,01-17 23:00:00+01:00,123_STEAM_2,0.0
2030,sc01,01-17 23:00:00+01:00,101_CT_2,0.0
2030,sc01,01-17 23:00:00+01:00,123_CT_4,0.0
2030,sc01,01-17 23:00:00+01:00,101_STEAM_4,0.0
2030,sc01,01-17 23:00:00+01:00,123_STEAM_3,0.0
2030,sc01,01-17 23:00:00+01:00,118_CC_1,0.0
2030,sc01,01-17 23:00:00+01:00,123_CT_1,0.0
2030,sc01,01-17 23:00:00+01:00,101_STEAM_3,0.0
2030,sc01,01-17 23:00:00+01:00,102_CT_1,0.0
2030,sc01,01-17 23:00:00+01:00,113_CT_2,0.0
2030,sc01,01-17 23:00:00+01:00,115_STEAM_2,0.0
2030,sc01,01-18 08:00:00+01:00,121_NUCLEAR_1,0.0
2030,sc01,01-18 08:00:00+01:00,113_CT_4,0.0
2030,sc01,01-18 08:00:00+01:00,115_STEAM_3,0.0
2030,sc01,01-18 08:00:00+01:00,102_STEAM_4,0.0
2030,sc01,01-18 08:00:00+01:00,113_CT_1,0.0
2030,sc01,01-18 08:00:00+01:00,107_CC_1,0.0
2030,sc01,01-18 08:00:00+01:00,102_CT_2,0.0
2030,sc01,01-18 08:00:00+01:00,101_CT_1,0.0
2030,sc01,01-18 08:00:00+01:00,102_STEAM_3,0.0
2030,sc01,01-18 08:00:00+01:00,115_STEAM_1,0.0
2030,sc01,01-18 08:00:00+01:00,113_CT_3,0.0
2030,sc01,01-18 08:00:00+01:00,123_CT_5,0.0
2030,sc01,01-18 08:00:00+01:00,116_STEAM_1,0.0
2030,sc01,01-18 08:00:00+01:00,123_STEAM_2,0.0
2030,sc01,01-18 08:00:00+01:00,101_CT_2,0.0
2030,sc01,01-18 08:00:00+01:00,123_CT_4,0.0
2030,sc01,01-18 08:00:00+01:00,101_STEAM_4,0.0
2030,sc01,01-18 08:00:00+01:00,123_STEAM_3,0.0
2030,sc01,01-18 08:00:00+01:00,118_CC_1,0.0
2030,sc01,01-18 08:00:00+01:00,123_CT_1,0.0
2030,sc01,01-18 08:00:00+01:00,101_STEAM_3,0.0
2030,sc01,01-18 08:00:00+01:00,102_CT_1,0.0
2030,sc01,01-18 08:00:00+01:00,113_CT_2,0.0
2030,sc01,01-18 08:00:00+01:00,115_STEAM_2,0.0
2030,sc01,01-20 12:00:00+01:00,121_NUCLEAR_1,0.0
2030,sc01,01-20 12:00:00+01:00,113_CT_4,0.0
2030,sc01,01-20 12:00:00+01:00,115_STEAM_3,0.0
2030,sc01,01-20 12:00:00+01:00,102_STEAM_4,1.0
2030,sc01,01-20 12:00:00+01:00,113_CT_1,0.0
2030,sc01,01-20 12:00:00+01:00,107_CC_1,0.0
2030,sc01,01-20 12:00:00+01:00,102_CT_2,0.0
2030,sc01,01-20 12:00:00+01:00,101_CT_1,0.0
2030,sc01,01-20 12:00:00+01:00,102_STEAM_3,1.0
2030,sc01,01-20 12:00:00+01:00,115_STEAM_1,0.0
2030,sc01,01-20 12:00:00+01:00,113_CT_3,0.0
2030,sc01,01-20 12:00:00+01:00,123_CT_5,0.0
2030,sc01,01-20 12:00:00+01:00,116_STEAM_1,0.0
2030,sc01,01-20 12:00:00+01:00,123_STEAM_2,1.0
2030,sc01,01-20 12:00:00+01:00,101_CT_2,0.0
2030,sc01,01-20 12:00:00+01:00,123_CT_4,0.0
2030,sc01,01-20 12:00:00+01:00,101_STEAM_4,1.0
2030,sc01,01-20 12:00:00+01:00,123_STEAM_3,1.0
2030,sc01,01-20 12:00:00+01:00,118_CC_1,0.0
2030,sc01,01-20 12:00:00+01:00,123_CT_1,0.0
2030,sc01,01-20 12:00:00+01:00,101_STEAM_3,1.0
2030,sc01,01-20 12:00:00+01:00,102_CT_1,0.0
2030,sc01,01-20 12:00:00+01:00,113_CT_2,0.0
2030,sc01,01-20 12:00:00+01:00,115_STEAM_2,0.0
2030,sc01,01-22 10:00:00+01:00,121_NUCLEAR_1,0.0
2030,sc01,01-22 10:00:00+01:00,113_CT_4,0.0
2030,sc01,01-22 10:00:00+01:00,115_STEAM_3,0.0
2030,sc01,01-22 10:00:00+01:00,102_STEAM_4,0.0
2030,sc01,01-22 10:00:00+01:00,113_CT_1,0.0
2030,sc01,01-22 10:00:00+01:00,107_CC_1,0.0
2030,sc01,01-22 10:00:00+01:00,102_CT_2,0.0
2030,sc01,01-22 10:00:00+01:00,101_CT_1,0.0
2030,sc01,01-22 10:00:00+01:00,102_STEAM_3,0.0
2030,sc01,01-22 10:00:00+01:00,115_STEAM_1,0.0
2030,sc01,01-22 10:00:00+01:00,113_CT_3,0.0
2030,sc01,01-22 10:00:00+01:00,123_CT_5,0.0
2030,sc01,01-22 10:00:00+01:00,116_STEAM_1,0.0
2030,sc01,01-22 10:00:00+01:00,123_STEAM_2,0.0
2030,sc01,01-22 10:00:00+01:00,101_CT_2,0.0
2030,sc01,01-22 10:00:00+01:00,123_CT_4,0.0
2030,sc01,01-22 10:00:00+01:00,101_STEAM_4,0.0
2030,sc01,01-22 10:00:00+01:00,123_STEAM_3,0.0
2030,sc01,01-22 10:00:00+01:00,118_CC_1,0.0
2030,sc01,01-22 10:00:00+01:00,123_CT_1,0.0
2030,sc01,01-22 10:00:00+01:00,101_STEAM_3,0.0
2030,sc01,01-22 10:00:00+01:00,102_CT_1,0.0
2030,sc01,01-22 10:00:00+01:00,113_CT_2,0.0
2030,sc01,01-22 10:00:00+01:00,115_STEAM_2,0.0
2030,sc01,01-22 11:00:00+01:00,121_NUCLEAR_1,0.0
2030,sc01,01-22 11:00:00+01:00,113_CT_4,0.0
2030,sc01,01-22 11:00:00+01:00,115_STEAM_3,0.0
2030,sc01,01-22 11:00:00+01:00,102_STEAM_4,0.0
2030,sc01,01-22 11:00:00+01:00,113_CT_1,0.0
2030,sc01,01-22 11:00:00+01:00,107_CC_1,0.0
2030,sc01,01-22 11:00:00+01:00,102_CT_2,0.0
2030,sc01,01-22 11:00:00+01:00,101_CT_1,0.0
2030,sc01,01-22 11:00:00+01:00,102_STEAM_3,0.0
2030,sc01,01-22 11:00:00+01:00,115_STEAM_1,0.0
2030,sc01,01-22 11:00:00+01:00,113_CT_3,0.0
2030,sc01,01-22 11:00:00+01:00,123_CT_5,0.0
2030,sc01,01-22 11:00:00+01:00,116_STEAM_1,0.0
2030,sc01,01-22 11:00:00+01:00,123_STEAM_2,0.0
2030,sc01,01-22 11:00:00+01:00,101_CT_2,0.0
2030,sc01,01-22 11:00:00+01:00,123_CT_4,0.0
2030,sc01,01-22 11:00:00+01:00,101_STEAM_4,0.0
2030,sc01,01-22 11:00:00+01:00,123_STEAM_3,0.9555665806025135
2030,sc01,01-22 11:00:00+01:00,118_CC_1,0.0
2030,sc01,01-22 11:00:00+01:00,123_CT_1,0.0
2030,sc01,01-22 11:00:00+01:00,101_STEAM_3,0.0
2030,sc01,01-22 11:00:00+01:00,102_CT_1,0.0
2030,sc01,01-22 11:00:00+01:00,113_CT_2,0.0
2030,sc01,01-22 11:00:00+01:00,115_STEAM_2,0.0
2030,sc01,01-22 17:00:00+01:00,121_NUCLEAR_1,0.23615511793192967
2030,sc01,01-22 17:00:00+01:00,113_CT_4,0.0
2030,sc01,01-22 17:00:00+01:00,115_STEAM_3,0.0
2030,sc01,01-22 17:00:00+01:00,102_STEAM_4,0.0
2030,sc01,01-22 17:00:00+01:00,113_CT_1,0.0
2030,sc01,01-22 17:00:00+01:00,107_CC_1,0.0
2030,sc01,01-22 17:00:00+01:00,102_CT_2,0.0
2030,sc01,01-22 17:00:00+01:00,101_CT_1,0.0
2030,sc01,01-22 17:00:00+01:00,102_STEAM_3,0.0
2030,sc01,01-22 17:00:00+01:00,115_STEAM_1,0.0
2030,sc01,01-22 17:00:00+01:00,113_CT_3,0.0
2030,sc01,01-22 17:00:00+01:00,123_CT_5,0.0
2030,sc01,01-22 17:00:00+01:00,116_STEAM_1,0.0
2030,sc01,01-22 17:00:00+01:00,123_STEAM_2,0.0
2030,sc01,01-22 17:00:00+01:00,101_CT_2,0.0
2030,sc01,01-22 17:00:00+01:00,123_CT_4,0.0
2030,sc01,01-22 17:00:00+01:00,101_STEAM_4,0.0
2030,sc01,01-22 17:00:00+01:00,123_STEAM_3,0.0
2030,sc01,01-22 17:00:00+01:00,118_CC_1,1.0
2030,sc01,01-22 17:00:00+01:00,123_CT_1,0.0
2030,sc01,01-22 17:00:00+01:00,101_STEAM_3,0.0
2030,sc01,01-22 17:00:00+01:00,102_CT_1,0.0
2030,sc01,01-22 17:00:00+01:00,113_CT_2,0.0
2030,sc01,01-22 17:00:00+01:00,115_STEAM_2,0.0
2030,sc01,01-24 17:00:00+01:00,121_NUCLEAR_1,0.7638448820680703
2030,sc01,01-24 17:00:00+01:00,113_CT_4,0.0
2030,sc01,01-24 17:00:00+01:00,115_STEAM_3,0.0
2030,sc01,01-24 17:00:00+01:00,102_STEAM_4,0.0
2030,sc01,01-24 17:00:00+01:00,113_CT_1,0.0
2030,sc01,01-24 17:00:00+01:00,107_CC_1,0.0
2030,sc01,01-24 17:00:00+01:00,102_CT_2,0.0
2030,sc01,01-24 17:00:00+01:00,101_CT_1,1.0
2030,sc01,01-24 17:00:00+01:00,102_STEAM_3,0.0
2030,sc01,01-24 17:00:00+01:00,115_STEAM_1,0.0
2030,sc01,01-24 17:00:00+01:00,113_CT_3,0.0
2030,sc01,01-24 17:00:00+01:00,123_CT_5,0.0
2030,sc01,01-24 17:00:00+01:00,116_STEAM_1,0.0
2030,sc01,01-24 17:00:00+01:00,123_STEAM_2,0.0
2030,sc01,01-24 17:00:00+01:00,101_CT_2,1.0
2030,sc01,01-24 17:00:00+01:00,123_CT_4,0.0
2030,sc01,01-24 17:00:00+01:00,101_STEAM_4,0.0
2030,sc01,01-24 17:00:00+01:00,123_STEAM_3,0.0
2030,sc01,01-24 17:00:00+01:00,118_CC_1,0.0
2030,sc01,01-24 17:00:00+01:00,123_CT_1,0.0
2030,sc01,01-24 17:00:00+01:00,101_STEAM_3,0.0
2030,sc01,01-24 17:00:00+01:00,102_CT_1,0.0
2030,sc01,01-24 17:00:00+01:00,113_CT_2,0.0
2030,sc01,01-24 17:00:00+01:00,115_STEAM_2,0.0
2030,sc01,01-25 09:00:00+01:00,121_NUCLEAR_1,0.0
2030,sc01,01-25 09:00:00+01:00,113_CT_4,0.0
2030,sc01,01-25 09:00:00+01:00,115_STEAM_3,0.0
2030,sc01,01-25 09:00:00+01:00,102_STEAM_4,0.0
2030,sc01,01-25 09:00:00+01:00,113_CT_1,0.0
2030,sc01,01-25 09:00:00+01:00,107_CC_1,0.0
2030,sc01,01-25 09:00:00+01:00,102_CT_2,0.0
2030,sc01,01-25 09:00:00+01:00,101_CT_1,0.0
2030,sc01,01-25 09:00:00+01:00,102_STEAM_3,0.0
2030,sc01,01-25 09:00:00+01:00,115_STEAM_1,0.0
2030,sc01,01-25 09:00:00+01:00,113_CT_3,0.0
2030,sc01,01-25 09:00:00+01:00,123_CT_5,0.0
2030,sc01,01-25 09:00:00+01:00,116_STEAM_1,0.0
2030,sc01,01-25 09:00:00+01:00,123_STEAM_2,0.0
2030,sc01,01-25 09:00:00+01:00,101_CT_2,0.0
2030,sc01,01-25 09:00:00+01:00,123_CT_4,0.0
2030,sc01,01-25 09:00:00+01:00,101_STEAM_4,0.9607921729784676
2030,sc01,01-25 09:00:00+01:00,123_STEAM_3,0.0
2030,sc01,01-25 09:00:00+01:00,118_CC_1,0.0
2030,sc01,01-25 09:00:00+01:00,123_CT_1,0.0
2030,sc01,01-25 09:00:00+01:00,101_STEAM_3,1.0
2030,sc01,01-25 09:00:00+01:00,102_CT_1,0.0
2030,sc01,01-25 09:00:00+01:00,113_CT_2,0.0
2030,sc01,01-25 09:00:00+01:00,115_STEAM_2,0.0
2030,sc01,01-25 17:00:00+01:00,121_NUCLEAR_1,0.0
2030,sc01,01-25 17:00:00+01:00,113_CT_4,0.0
2030,sc01,01-25 17:00:00+01:00,115_STEAM_3,0.0
2030,sc01,01-25 17:00:00+01:00,102_STEAM_4,0.0
2030,sc01,01-25 17:00:00+01:00,113_CT_1,0.0
2030,sc01,01-25 17:00:00+01:00,107_CC_1,0.0
2030,sc01,01-25 17:00:00+01:00,102_CT_2,0.0
2030,sc01,01-25 17:00:00+01:00,101_CT_1,0.0
2030,sc01,01-25 17:00:00+01:00,102_STEAM_3,0.0
2030,sc01,01-25 17:00:00+01:00,115_STEAM_1,0.0
2030,sc01,01-25 17:00:00+01:00,113_CT_3,0.0
2030,sc01,01-25 17:00:00+01:00,123_CT_5,0.0
2030,sc01,01-25 17:00:00+01:00,116_STEAM_1,1.0
2030,sc01,01-25 17:00:00+01:00,123_STEAM_2,0.0
2030,sc01,01-25 17:00:00+01:00,101_CT_2,0.0
2030,sc01,01-25 17:00:00+01:00,123_CT_4,0.0
2030,sc01,01-25 17:00:00+01:00,101_STEAM_4,0.03920782702153237
2030,sc01,01-25 17:00:00+01:00,123_STEAM_3,1.0
2030,sc01,01-25 17:00:00+01:00,118_CC_1,0.9550374352722338
2030,sc01,01-25 17:00:00+01:00,123_CT_1,0.0
2030,sc01,01-25 17:00:00+01:00,101_STEAM_3,0.0
2030,sc01,01-25 17:00:00+01:00,102_CT_1,0.0
2030,sc01,01-25 17:00:00+01:00,113_CT_2,0.0
2030,sc01,01-25 17:00:00+01:00,115_STEAM_2,0.0
2030,sc01,01-28 10:00:00+01:00,121_NUCLEAR_1,0.0
2030,sc01,01-28 10:00:00+01:00,113_CT_4,0.0
2030,sc01,01-28 10:00:00+01:00,115_STEAM_3,0.0
2030,sc01,01-28 10:00:00+01:00,102_STEAM_4,1.0
2030,sc01,01-28 10:00:00+01:00,113_CT_1,0.0
2030,sc01,01-28 10:00:00+01:00,107_CC_1,0.0
2030,sc01,01-28 10:00:00+01:00,102_CT_2,0.0
2030,sc01,01-28 10:00:00+01:00,101_CT_1,0.0
2030,sc01,01-28 10:00:00+01:00,102_STEAM_3,1.0
2030,sc01,01-28 10:00:00+01:00,115_STEAM_1,0.0
2030,sc01,01-28 10:00:00+01:00,113_CT_3,0.0
2030,sc01,01-28 10:00:00+01:00,123_CT_5,0.0
2030,sc01,01-28 10:00:00+01:00,116_STEAM_1,0.0
2030,sc01,01-28 10:00:00+01:00,123_STEAM_2,0.0
2030,sc01,01-28 10:00:00+01:00,101_CT_2,0.0
2030,sc01,01-28 10:00:00+01:00,123_CT_4,0.0
2030,sc01,01-28 10:00:00+01:00,101_STEAM_4,0.0
2030,sc01,01-28 10:00:00+01:00,123_STEAM_3,0.0
2030,sc01,01-28 10:00:00+01:00,118_CC_1,0.0
2030,sc01,01-28 10:00:00+01:00,123_CT_1,0.0
2030,sc01,01-28 10:00:00+01:00,101_STEAM_3,0.0
2030,sc01,01-28 10:00:00+01:00,102_CT_1,0.0
2030,sc01,01-28 10:00:00+01:00,113_CT_2,0.0
2030,sc01,01-28 10:00:00+01:00,115_STEAM_2,0.0
2030,sc01,01-28 15:00:00+01:00,121_NUCLEAR_1,0.0
2030,sc01,01-28 15:00:00+01:00,113_CT_4,0.0
2030,sc01,01-28 15:00:00+01:00,115_STEAM_3,0.0
2030,sc01,01-28 15:00:00+01:00,102_STEAM_4,0.0
2030,sc01,01-28 15:00:00+01:00,113_CT_1,0.0
2030,sc01,01-28 15:00:00+01:00,107_CC_1,0.0
2030,sc01,01-28 15:00:00+01:00,102_CT_2,0.0
2030,sc01,01-28 15:00:00+01:00,101_CT_1,0.0
2030,sc01,01-28 15:00:00+01:00,102_STEAM_3,0.0
2030,sc01,01-28 15:00:00+01:00,115_STEAM_1,0.0
2030,sc01,01-28 15:00:00+01:00,113_CT_3,0.0
2030,sc01,01-28 15:00:00+01:00,123_CT_5,0.0
2030,sc01,01-28 15:00:00+01:00,116_STEAM_1,0.0
2030,sc01,01-28 15:00:00+01:00,123_STEAM_2,0.3633657573607798
2030,sc01,01-28 15:00:00+01:00,101_CT_2,0.0
2030,sc01,01-28 15:00:00+01:00,123_CT_4,0.0
2030,sc01,01-28 15:00:00+01:00,101_STEAM_4,1.0
2030,sc01,01-28 15:00:00+01:00,123_STEAM_3,0.5537713113355288
2030,sc01,01-28 15:00:00+01:00,118_CC_1,0.32003374426453335
2030,sc01,01-28 15:00:00+01:00,123_CT_1,0.0
2030,sc01,01-28 15:00:00+01:00,101_STEAM_3,1.0
2030,sc01,01-28 15:00:00+01:00,102_CT_1,0.0
2030,sc01,01-28 15:00:00+01:00,113_CT_2,0.0
2030,sc01,01-28 15:00:00+01:00,115_STEAM_2,0.0
2030,sc01,01-29 09:00:00+01:00,121_NUCLEAR_1,0.0
2030,sc01,01-29 09:00:00+01:00,113_CT_4,0.0
2030,sc01,01-29 09:00:00+01:00,115_STEAM_3,0.0
2030,sc01,01-29 09:00:00+01:00,102_STEAM_4,0.0
2030,sc01,01-29 09:00:00+01:00,113_CT_1,0.0
2030,sc01,01-29 09:00:00+01:00,107_CC_1,0.0
2030,sc01,01-29 09:00:00+01:00,102_CT_2,0.0
2030,sc01,01-29 09:00:00+01:00,101_CT_1,0.0
2030,sc01,01-29 09:00:00+01:00,102_STEAM_3,0.0
2030,sc01,01-29 09:00:00+01:00,115_STEAM_1,0.0
2030,sc01,01-29 09:00:00+01:00,113_CT_3,0.0
2030,sc01,01-29 09:00:00+01:00,123_CT_5,0.0
2030,sc01,01-29 09:00:00+01:00,116_STEAM_1,0.0
2030,sc01,01-29 09:00:00+01:00,123_STEAM_2,0.0
2030,sc01,01-29 09:00:00+01:00,101_CT_2,0.0
2030,sc01,01-29 09:00:00+01:00,123_CT_4,0.0
2030,sc01,01-29 09:00:00+01:00,101_STEAM_4,0.0
2030,sc01,01-29 09:00:00+01:00,123_STEAM_3,0.0
2030,sc01,01-29 09:00:00+01:00,118_CC_1,0.0
2030,sc01,01-29 09:00:00+01:00,123_CT_1,0.0
2030,sc01,01-29 09:00:00+01:00,101_STEAM_3,0.0
2030,sc01,01-29 09:00:00+01:00,102_CT_1,0.0
2030,sc01,01-29 09:00:00+01:00,113_CT_2,0.0
2030,sc01,01-29 09:00:00+01:00,115_STEAM_2,0.0
2030,sc01,01-30 08:00:00+01:00,121_NUCLEAR_1,0.0
2030,sc01,01-30 08:00:00+01:00,113_CT_4,0.0
2030,sc01,01-30 08:00:00+01:00,115_STEAM_3,0.0
2030,sc01,01-30 08:00:00+01:00,102_STEAM_4,0.0
2030,sc01,01-30 08:00:00+01:00,113_CT_1,0.0
2030,sc01,01-30 08:00:00+01:00,107_CC_1,0.0
2030,sc01,01-30 08:00:00+01:00,102_CT_2,0.0
2030,sc01,01-30 08:00:00+01:00,101_CT_1,0.0
2030,sc01,01-30 08:00:00+01:00,102_STEAM_3,0.0
2030,sc01,01-30 08:00:00+01:00,115_STEAM_1,0.0
2030,sc01,01-30 08:00:00+01:00,113_CT_3,0.0
2030,sc01,01-30 08:00:00+01:00,123_CT_5,0.0
2030,sc01,01-30 08:00:00+01:00,116_STEAM_1,1.0
2030,sc01,01-30 08:00:00+01:00,123_STEAM_2,0.0
2030,sc01,01-30 08:00:00+01:00,101_CT_2,0.0
2030,sc01,01-30 08:00:00+01:00,123_CT_4,0.0
2030,sc01,01-30 08:00:00+01:00,101_STEAM_4,0.0
2030,sc01,01-30 08:00:00+01:00,123_STEAM_3,1.0
2030,sc01,01-30 08:00:00+01:00,118_CC_1,0.0
2030,sc01,01-30 08:00:00+01:00,123_CT_1,0.0
2030,sc01,01-30 08:00:00+01:00,101_STEAM_3,0.0
2030,sc01,01-30 08:00:00+01:00,102_CT_1,0.0
2030,sc01,01-30 08:00:00+01:00,113_CT_2,0.0
2030,sc01,01-30 08:00:00+01:00,115_STEAM_2,0.0
2030,sc01,01-30 09:00:00+01:00,121_NUCLEAR_1,0.0
2030,sc01,01-30 09:00:00+01:00,113_CT_4,0.0
2030,sc01,01-30 09:00:00+01:00,115_STEAM_3,0.0
2030,sc01,01-30 09:00:00+01:00,102_STEAM_4,0.0
2030,sc01,01-30 09:00:00+01:00,113_CT_1,0.0
2030,sc01,01-30 09:00:00+01:00,107_CC_1,0.0
2030,sc01,01-30 09:00:00+01:00,102_CT_2,0.0
2030,sc01,01-30 09:00:00+01:00,101_CT_1,0.0
2030,sc01,01-30 09:00:00+01:00,102_STEAM_3,0.0
2030,sc01,01-30 09:00:00+01:00,115_STEAM_1,0.0
2030,sc01,01-30 09:00:00+01:00,113_CT_3,0.0
2030,sc01,01-30 09:00:00+01:00,123_CT_5,0.0
2030,sc01,01-30 09:00:00+01:00,116_STEAM_1,0.0
2030,sc01,01-30 09:00:00+01:00,123_STEAM_2,1.0
2030,sc01,01-30 09:00:00+01:00,101_CT_2,0.0
2030,sc01,01-30 09:00:00+01:00,123_CT_4,0.0
2030,sc01,01-30 09:00:00+01:00,101_STEAM_4,0.0
2030,sc01,01-30 09:00:00+01:00,123_STEAM_3,0.8521936753194546
2030,sc01,01-30 09:00:00+01:00,118_CC_1,0.0
2030,sc01,01-30 09:00:00+01:00,123_CT_1,0.0
2030,sc01,01-30 09:00:00+01:00,101_STEAM_3,0.0
2030,sc01,01-30 09:00:00+01:00,102_CT_1,0.0
2030,sc01,01-30 09:00:00+01:00,113_CT_2,0.0
2030,sc01,01-30 09:00:00+01:00,115_STEAM_2,0.0
2030,sc01,01-31 08:00:00+01:00,121_NUCLEAR_1,1.0
2030,sc01,01-31 08:00:00+01:00,113_CT_4,0.0
2030,sc01,01-31 08:00:00+01:00,115_STEAM_3,0.0
2030,sc01,01-31 08:00:00+01:00,102_STEAM_4,0.0
2030,sc01,01-31 08:00:00+01:00,113_CT_1,0.0
2030,sc01,01-31 08:00:00+01:00,107_CC_1,0.0
2030,sc01,01-31 08:00:00+01:00,102_CT_2,0.0
2030,sc01,01-31 08:00:00+01:00,101_CT_1,0.0
2030,sc01,01-31 08:00:00+01:00,102_STEAM_3,0.0
2030,sc01,01-31 08:00:00+01:00,115_STEAM_1,0.0
2030,sc01,01-31 08:00:00+01:00,113_CT_3,0.0
2030,sc01,01-31 08:00:00+01:00,123_CT_5,0.0
2030,sc01,01-31 08:00:00+01:00,116_STEAM_1,0.0
2030,sc01,01-31 08:00:00+01:00,123_STEAM_2,0.0
2030,sc01,01-31 08:00:00+01:00,101_CT_2,0.0
2030,sc01,01-31 08:00:00+01:00,123_CT_4,0.0
2030,sc01,01-31 08:00:00+01:00,101_STEAM_4,0.0
2030,sc01,01-31 08:00:00+01:00,123_STEAM_3,0.0
2030,sc01,01-31 08:00:00+01:00,118_CC_1,1.0
2030,sc01,01-31 08:00:00+01:00,123_CT_1,0.0
2030,sc01,01-31 08:00:00+01:00,101_STEAM_3,0.0
2030,sc01,01-31 08:00:00+01:00,102_CT_1,0.0
2030,sc01,01-31 08:00:00+01:00,113_CT_2,0.0
2030,sc01,01-31 08:00:00+01:00,115_STEAM_2,0.0
2030,sc01,01-31 09:00:00+01:00,121_NUCLEAR_1,0.027759230964629067
2030,sc01,01-31 09:00:00+01:00,113_CT_4,0.0
2030,sc01,01-31 09:00:00+01:00,115_STEAM_3,0.0
2030,sc01,01-31 09:00:00+01:00,102_STEAM_4,0.0
2030,sc01,01-31 09:00:00+01:00,113_CT_1,0.0
2030,sc01,01-31 09:00:00+01:00,107_CC_1,0.0
2030,sc01,01-31 09:00:00+01:00,102_CT_2,0.0
2030,sc01,01-31 09:00:00+01:00,101_CT_1,0.0
2030,sc01,01-31 09:00:00+01:00,102_STEAM_3,0.0
2030,sc01,01-31 09:00:00+01:00,115_STEAM_1,0.0
2030,sc01,01-31 09:00:00+01:00,113_CT_3,0.0
2030,sc01,01-31 09:00:00+01:00,123_CT_5,0.0
2030,sc01,01-31 09:00:00+01:00,116_STEAM_1,0.0
2030,sc01,01-31 09:00:00+01:00,123_STEAM_2,0.0
2030,sc01,01-31 09:00:00+01:00,101_CT_2,0.0
2030,sc01,01-31 09:00:00+01:00,123_CT_4,0.0
2030,sc01,01-31 09:00:00+01:00,101_STEAM_4,0.0
2030,sc01,01-31 09:00:00+01:00,123_STEAM_3,0.18021886083598526
2030,sc01,01-31 09:00:00+01:00,118_CC_1,0.0
2030,sc01,01-31 09:00:00+01:00,123_CT_1,0.0
2030,sc01,01-31 09:00:00+01:00,101_STEAM_3,0.0
2030,sc01,01-31 09:00:00+01:00,102_CT_1,0.0
2030,sc01,01-31 09:00:00+01:00,113_CT_2,0.0
2030,sc01,01-31 09:00:00+01:00,115_STEAM_2,0.0
2030,sc01,01-31 10:00:00+01:00,121_NUCLEAR_1,0.9052598997648689
2030,sc01,01-31 10:00:00+01:00,113_CT_4,0.0
2030,sc01,01-31 10:00:00+01:00,115_STEAM_3,0.0
2030,sc01,01-31 10:00:00+01:00,102_STEAM_4,0.0
2030,sc01,01-31 10:00:00+01:00,113_CT_1,0.0
2030,sc01,01-31 10:00:00+01:00,107_CC_1,0.0
2030,sc01,01-31 10:00:00+01:00,102_CT_2,0.0
2030,sc01,01-31 10:00:00+01:00,101_CT_1,0.0
2030,sc01,01-31 10:00:00+01:00,102_STEAM_3,0.0
2030,sc01,01-31 10:00:00+01:00,115_STEAM_1,0.0
2030,sc01,01-31 10:00:00+01:00,113_CT_3,0.0
2030,sc01,01-31 10:00:00+01:00,123_CT_5,0.0
2030,sc01,01-31 10:00:00+01:00,116_STEAM_1,0.0
2030,sc01,01-31 10:00:00+01:00,123_STEAM_2,1.0
2030,sc01,01-31 10:00:00+01:00,101_CT_2,0.0
2030,sc01,01-31 10:00:00+01:00,123_CT_4,0.0
2030,sc01,01-31 10:00:00+01:00,101_STEAM_4,0.0
2030,sc01,01-31 10:00:00+01:00,123_STEAM_3,0.8130690089359806
2030,sc01,01-31 10:00:00+01:00,118_CC_1,0.0
2030,sc01,01-31 10:00:00+01:00,123_CT_1,0.0
2030,sc01,01-31 10:00:00+01:00,101_STEAM_3,0.0
2030,sc01,01-31 10:00:00+01:00,102_CT_1,0.0
2030,sc01,01-31 10:00:00+01:00,113_CT_2,0.0
2030,sc01,01-31 10:00:00+01:00,115_STEAM_2,0.0
2030,sc01,01-31 16:00:00+01:00,121_NUCLEAR_1,0.7511389908269971
2030,sc01,01-31 16:00:00+01:00,113_CT_4,0.0
2030,sc01,01-31 16:00:00+01:00,115_STEAM_3,0.0
2030,sc01,01-31 16:00:00+01:00,102_STEAM_4,0.0
2030,sc01,01-31 16:00:00+01:00,113_CT_1,0.0
2030,sc01,01-31 16:00:00+01:00,107_CC_1,0.0
2030,sc01,01-31 16:00:00+01:00,102_CT_2,0.0
2030,sc01,01-31 16:00:00+01:00,101_CT_1,0.0
2030,sc01,01-31 16:00:00+01:00,102_STEAM_3,0.0
2030,sc01,01-31 16:00:00+01:00,115_STEAM_1,0.0
2030,sc01,01-31 16:00:00+01:00,113_CT_3,0.0
2030,sc01,01-31 16:00:00+01:00,123_CT_5,0.0
2030,sc01,01-31 16:00:00+01:00,116_STEAM_1,0.0
2030,sc01,01-31 16:00:00+01:00,123_STEAM_2,0.0
2030,sc01,01-31 16:00:00+01:00,101_CT_2,0.0
2030,sc01,01-31 16:00:00+01:00,123_CT_4,0.0
2030,sc01,01-31 16:00:00+01:00,101_STEAM_4,0.0
2030,sc01,01-31 16:00:00+01:00,123_STEAM_3,0.8484435957834513
2030,sc01,01-31 16:00:00+01:00,118_CC_1,0.0
2030,sc01,01-31 16:00:00+01:00,123_CT_1,0.0
2030,sc01,01-31 16:00:00+01:00,101_STEAM_3,0.0
2030,sc01,01-31 16:00:00+01:00,102_CT_1,0.0
2030,sc01,01-31 16:00:00+01:00,113_CT_2,0.0
2030,sc01,01-31 16:00:00+01:00,115_STEAM_2,0.0
2030,sc01,02-01 10:00:00+01:00,121_NUCLEAR_1,0.15115214011163514
2030,sc01,02-01 10:00:00+01:00,113_CT_4,0.0
2030,sc01,02-01 10:00:00+01:00,115_STEAM_3,0.0
2030,sc01,02-01 10:00:00+01:00,102_STEAM_4,1.0
2030,sc01,02-01 10:00:00+01:00,113_CT_1,0.0
2030,sc01,02-01 10:00:00+01:00,107_CC_1,0.0
2030,sc01,02-01 10:00:00+01:00,102_CT_2,0.0
2030,sc01,02-01 10:00:00+01:00,101_CT_1,0.0
2030,sc01,02-01 10:00:00+01:00,102_STEAM_3,1.0
2030,sc01,02-01 10:00:00+01:00,115_STEAM_1,0.0
2030,sc01,02-01 10:00:00+01:00,113_CT_3,0.0
2030,sc01,02-01 10:00:00+01:00,123_CT_5,0.0
2030,sc01,02-01 10:00:00+01:00,116_STEAM_1,0.0
2030,sc01,02-01 10:00:00+01:00,123_STEAM_2,1.0
2030,sc01,02-01 10:00:00+01:00,101_CT_2,0.0
2030,sc01,02-01 10:00:00+01:00,123_CT_4,0.0
2030,sc01,02-01 10:00:00+01:00,101_STEAM_4,0.0
2030,sc01,02-01 10:00:00+01:00,123_STEAM_3,0.15826853444458294
2030,sc01,02-01 10:00:00+01:00,118_CC_1,0.013347333084395629
2030,sc01,02-01 10:00:00+01:00,123_CT_1,0.0
2030,sc01,02-01 10:00:00+01:00,101_STEAM_3,0.0
2030,sc01,02-01 10:00:00+01:00,102_CT_1,0.0
2030,sc01,02-01 10:00:00+01:00,113_CT_2,0.0
2030,sc01,02-01 10:00:00+01:00,115_STEAM_2,0.0
2030,sc01,02-01 11:00:00+01:00,121_NUCLEAR_1,0.024898258241206728
2030,sc01,02-01 11:00:00+01:00,113_CT_4,0.0
2030,sc01,02-01 11:00:00+01:00,115_STEAM_3,0.0
2030,sc01,02-01 11:00:00+01:00,102_STEAM_4,0.0
2030,sc01,02-01 11:00:00+01:00,113_CT_1,0.0
2030,sc01,02-01 11:00:00+01:00,107_CC_1,0.0
2030,sc01,02-01 11:00:00+01:00,102_CT_2,0.0
2030,sc01,02-01 11:00:00+01:00,101_CT_1,0.0
2030,sc01,02-01 11:00:00+01:00,102_STEAM_3,0.0
2030,sc01,02-01 11:00:00+01:00,115_STEAM_1,0.0
2030,sc01,02-01 11:00:00+01:00,113_CT_3,0.0
2030,sc01,02-01 11:00:00+01:00,123_CT_5,0.0
2030,sc01,02-01 11:00:00+01:00,116_STEAM_1,0.0
2030,sc01,02-01 11:00:00+01:00,123_STEAM_2,0.0
2030,sc01,02-01 11:00:00+01:00,101_CT_2,0.0
2030,sc01,02-01 11:00:00+01:00,123_CT_4,0.0
2030,sc01,02-01 11:00:00+01:00,101_STEAM_4,0.19492937750054973
2030,sc01,02-01 11:00:00+01:00,123_STEAM_3,0.0
2030,sc01,02-01 11:00:00+01:00,118_CC_1,0.0
2030,sc01,02-01 11:00:00+01:00,123_CT_1,0.0
2030,sc01,02-01 11:00:00+01:00,101_STEAM_3,0.0
2030,sc01,02-01 11:00:00+01:00,102_CT_1,0.0
2030,sc01,02-01 11:00:00+01:00,113_CT_2,0.0
2030,sc01,02-01 11:00:00+01:00,115_STEAM_2,0.0
2030,sc01,02-05 17:00:00+01:00,121_NUCLEAR_1,0.8921007420778754
2030,sc01,02-05 17:00:00+01:00,113_CT_4,0.0
2030,sc01,02-05 17:00:00+01:00,115_STEAM_3,0.0
2030,sc01,02-05 17:00:00+01:00,102_STEAM_4,0.19260802618816053
2030,sc01,02-05 17:00:00+01:00,113_CT_1,0.0
2030,sc01,02-05 17:00:00+01:00,107_CC_1,0.0
2030,sc01,02-05 17:00:00+01:00,102_CT_2,0.0
2030,sc01,02-05 17:00:00+01:00,101_CT_1,0.0
2030,sc01,02-05 17:00:00+01:00,102_STEAM_3,0.0
2030,sc01,02-05 17:00:00+01:00,115_STEAM_1,0.0
2030,sc01,02-05 17:00:00+01:00,113_CT_3,0.0
2030,sc01,02-05 17:00:00+01:00,123_CT_5,0.0
2030,sc01,02-05 17:00:00+01:00,116_STEAM_1,0.0
2030,sc01,02-05 17:00:00+01:00,123_STEAM_2,0.0
2030,sc01,02-05 17:00:00+01:00,101_CT_2,0.0
2030,sc01,02-05 17:00:00+01:00,123_CT_4,0.0
2030,sc01,02-05 17:00:00+01:00,101_STEAM_4,0.8050706224994503
2030,sc01,02-05 17:00:00+01:00,123_STEAM_3,0.0
2030,sc01,02-05 17:00:00+01:00,118_CC_1,0.0
2030,sc01,02-05 17:00:00+01:00,123_CT_1,0.0
2030,sc01,02-05 17:00:00+01:00,101_STEAM_3,0.0
2030,sc01,02-05 17:00:00+01:00,102_CT_1,0.0
2030,sc01,02-05 17:00:00+01:00,113_CT_2,0.0
2030,sc01,02-05 17:00:00+01:00,115_STEAM_2,0.0
2030,sc01,02-06 08:00:00+01:00,121_NUCLEAR_1,0.10745653260160115
2030,sc01,02-06 08:00:00+01:00,113_CT_4,0.0
2030,sc01,02-06 08:00:00+01:00,115_STEAM_3,0.0
2030,sc01,02-06 08:00:00+01:00,102_STEAM_4,0.0
2030,sc01,02-06 08:00:00+01:00,113_CT_1,0.0
2030,sc01,02-06 08:00:00+01:00,107_CC_1,0.0
2030,sc01,02-06 08:00:00+01:00,102_CT_2,0.0
2030,sc01,02-06 08:00:00+01:00,101_CT_1,0.0
2030,sc01,02-06 08:00:00+01:00,102_STEAM_3,0.0
2030,sc01,02-06 08:00:00+01:00,115_STEAM_1,0.0
2030,sc01,02-06 08:00:00+01:00,113_CT_3,0.0
2030,sc01,02-06 08:00:00+01:00,123_CT_5,0.0
2030,sc01,02-06 08:00:00+01:00,116_STEAM_1,0.0
2030,sc01,02-06 08:00:00+01:00,123_STEAM_2,0.3458990549900731
2030,sc01,02-06 08:00:00+01:00,101_CT_2,0.0
2030,sc01,02-06 08:00:00+01:00,123_CT_4,0.0
2030,sc01,02-06 08:00:00+01:00,101_STEAM_4,0.0
2030,sc01,02-06 08:00:00+01:00,123_STEAM_3,0.0
2030,sc01,02-06 08:00:00+01:00,118_CC_1,0.0
2030,sc01,02-06 08:00:00+01:00,123_CT_1,0.0
2030,sc01,02-06 08:00:00+01:00,101_STEAM_3,0.0
2030,sc01,02-06 08:00:00+01:00,102_CT_1,0.0
2030,sc01,02-06 08:00:00+01:00,113_CT_2,0.0
2030,sc01,02-06 08:00:00+01:00,115_STEAM_2,0.0
2030,sc01,02-06 10:00:00+01:00,121_NUCLEAR_1,0.004966549745730742
2030,sc01,02-06 10:00:00+01:00,113_CT_4,0.0
2030,sc01,02-06 10:00:00+01:00,115_STEAM_3,0.0
2030,sc01,02-06 10:00:00+01:00,102_STEAM_4,1.0
2030,sc01,02-06 10:00:00+01:00,113_CT_1,0.0
2030,sc01,02-06 10:00:00+01:00,107_CC_1,0.0
2030,sc01,02-06 10:00:00+01:00,102_CT_2,0.0
2030,sc01,02-06 10:00:00+01:00,101_CT_1,0.0
2030,sc01,02-06 10:00:00+01:00,102_STEAM_3,1.0
2030,sc01,02-06 10:00:00+01:00,115_STEAM_1,0.0
2030,sc01,02-06 10:00:00+01:00,113_CT_3,0.0
2030,sc01,02-06 10:00:00+01:00,123_CT_5,0.0
2030,sc01,02-06 10:00:00+01:00,116_STEAM_1,0.0
2030,sc01,02-06 10:00:00+01:00,123_STEAM_2,1.0
2030,sc01,02-06 10:00:00+01:00,101_CT_2,0.0
2030,sc01,02-06 10:00:00+01:00,123_CT_4,0.0
2030,sc01,02-06 10:00:00+01:00,101_STEAM_4,1.0
2030,sc01,02-06 10:00:00+01:00,123_STEAM_3,0.0
2030,sc01,02-06 10:00:00+01:00,118_CC_1,0.0
2030,sc01,02-06 10:00:00+01:00,123_CT_1,0.0
2030,sc01,02-06 10:00:00+01:00,101_STEAM_3,0.7807930313013863
2030,sc01,02-06 10:00:00+01:00,102_CT_1,0.0
2030,sc01,02-06 10:00:00+01:00,113_CT_2,0.0
2030,sc01,02-06 10:00:00+01:00,115_STEAM_2,0.0
2030,sc01,02-06 11:00:00+01:00,121_NUCLEAR_1,0.17972273911530712
2030,sc01,02-06 11:00:00+01:00,113_CT_4,0.0
2030,sc01,02-06 11:00:00+01:00,115_STEAM_3,0.0
2030,sc01,02-06 11:00:00+01:00,102_STEAM_4,0.0
2030,sc01,02-06 11:00:00+01:00,113_CT_1,0.0
2030,sc01,02-06 11:00:00+01:00,107_CC_1,0.0
2030,sc01,02-06 11:00:00+01:00,102_CT_2,0.0
2030,sc01,02-06 11:00:00+01:00,101_CT_1,0.0
2030,sc01,02-06 11:00:00+01:00,102_STEAM_3,0.0
2030,sc01,02-06 11:00:00+01:00,115_STEAM_1,0.0
2030,sc01,02-06 11:00:00+01:00,113_CT_3,0.0
2030,sc01,02-06 11:00:00+01:00,123_CT_5,0.0
2030,sc01,02-06 11:00:00+01:00,116_STEAM_1,0.0
2030,sc01,02-06 11:00:00+01:00,123_STEAM_2,0.0
2030,sc01,02-06 11:00:00+01:00,101_CT_2,0.0
2030,sc01,02-06 11:00:00+01:00,123_CT_4,0.0
2030,sc01,02-06 11:00:00+01:00,101_STEAM_4,0.0
2030,sc01,02-06 11:00:00+01:00,123_STEAM_3,0.0
2030,sc01,02-06 11:00:00+01:00,118_CC_1,0.0
2030,sc01,02-06 11:00:00+01:00,123_CT_1,0.0
2030,sc01,02-06 11:00:00+01:00,101_STEAM_3,0.21920696869861364
2030,sc01,02-06 11:00:00+01:00,102_CT_1,0.0
2030,sc01,02-06 11:00:00+01:00,113_CT_2,0.0
2030,sc01,02-06 11:00:00+01:00,115_STEAM_2,0.0
2030,sc01,02-06 17:00:00+01:00,121_NUCLEAR_1,0.6397030381066438
2030,sc01,02-06 17:00:00+01:00,113_CT_4,0.0
2030,sc01,02-06 17:00:00+01:00,115_STEAM_3,0.0
2030,sc01,02-06 17:00:00+01:00,102_STEAM_4,0.0
2030,sc01,02-06 17:00:00+01:00,113_CT_1,0.0
2030,sc01,02-06 17:00:00+01:00,107_CC_1,0.0
2030,sc01,02-06 17:00:00+01:00,102_CT_2,0.0
2030,sc01,02-06 17:00:00+01:00,101_CT_1,0.0
2030,sc01,02-06 17:00:00+01:00,102_STEAM_3,0.0
2030,sc01,02-06 17:00:00+01:00,115_STEAM_1,0.0
2030,sc01,02-06 17:00:00+01:00,113_CT_3,0.0
2030,sc01,02-06 17:00:00+01:00,123_CT_5,0.0
2030,sc01,02-06 17:00:00+01:00,116_STEAM_1,0.0
2030,sc01,02-06 17:00:00+01:00,123_STEAM_2,0.0
2030,sc01,02-06 17:00:00+01:00,101_CT_2,0.0
2030,sc01,02-06 17:00:00+01:00,123_CT_4,0.0
2030,sc01,02-06 17:00:00+01:00,101_STEAM_4,0.0
2030,sc01,02-06 17:00:00+01:00,123_STEAM_3,0.0
2030,sc01,02-06 17:00:00+01:00,118_CC_1,0.30401584087290967
2030,sc01,02-06 17:00:00+01:00,123_CT_1,0.0
2030,sc01,02-06 17:00:00+01:00,101_STEAM_3,0.0
2030,sc01,02-06 17:00:00+01:00,102_CT_1,0.0
2030,sc01,02-06 17:00:00+01:00,113_CT_2,0.0
2030,sc01,02-06 17:00:00+01:00,115_STEAM_2,0.0
2030,sc01,02-08 08:00:00+01:00,121_NUCLEAR_1,0.1694151631591222
2030,sc01,02-08 08:00:00+01:00,113_CT_4,0.0
2030,sc01,02-08 08:00:00+01:00,115_STEAM_3,1.0
2030,sc01,02-08 08:00:00+01:00,102_STEAM_4,0.0
2030,sc01,02-08 08:00:00+01:00,113_CT_1,0.0
2030,sc01,02-08 08:00:00+01:00,107_CC_1,0.0
2030,sc01,02-08 08:00:00+01:00,102_CT_2,0.0
2030,sc01,02-08 08:00:00+01:00,101_CT_1,0.0
2030,sc01,02-08 08:00:00+01:00,102_STEAM_3,0.0
2030,sc01,02-08 08:00:00+01:00,115_STEAM_1,0.0
2030,sc01,02-08 08:00:00+01:00,113_CT_3,0.0
2030,sc01,02-08 08:00:00+01:00,123_CT_5,0.0
2030,sc01,02-08 08:00:00+01:00,116_STEAM_1,0.0
2030,sc01,02-08 08:00:00+01:00,123_STEAM_2,0.0
2030,sc01,02-08 08:00:00+01:00,101_CT_2,0.0
2030,sc01,02-08 08:00:00+01:00,123_CT_4,0.0
2030,sc01,02-08 08:00:00+01:00,101_STEAM_4,0.0
2030,sc01,02-08 08:00:00+01:00,123_STEAM_3,0.39276986721753016
2030,sc01,02-08 08:00:00+01:00,118_CC_1,0.6959841591270903
2030,sc01,02-08 08:00:00+01:00,123_CT_1,0.0
2030,sc01,02-08 08:00:00+01:00,101_STEAM_3,0.0
2030,sc01,02-08 08:00:00+01:00,102_CT_1,0.0
2030,sc01,02-08 08:00:00+01:00,113_CT_2,0.0
2030,sc01,02-08 08:00:00+01:00,115_STEAM_2,0.0
2030,sc01,02-11 18:00:00+01:00,121_NUCLEAR_1,0.8305848368408778
2030,sc01,02-11 18:00:00+01:00,113_CT_4,0.0
2030,sc01,02-11 18:00:00+01:00,115_STEAM_3,1.0
2030,sc01,02-11 18:00:00+01:00,102_STEAM_4,1.0
2030,sc01,02-11 18:00:00+01:00,113_CT_1,0.0
2030,sc01,02-11 18:00:00+01:00,107_CC_1,0.0
2030,sc01,02-11 18:00:00+01:00,102_CT_2,0.0
2030,sc01,02-11 18:00:00+01:00,101_CT_1,0.0
2030,sc01,02-11 18:00:00+01:00,102_STEAM_3,1.0
2030,sc01,02-11 18:00:00+01:00,115_STEAM_1,0.0
2030,sc01,02-11 18:00:00+01:00,113_CT_3,0.0
2030,sc01,02-11 18:00:00+01:00,123_CT_5,0.0
2030,sc01,02-11 18:00:00+01:00,116_STEAM_1,0.0
2030,sc01,02-11 18:00:00+01:00,123_STEAM_2,1.0
2030,sc01,02-11 18:00:00+01:00,101_CT_2,0.0
2030,sc01,02-11 18:00:00+01:00,123_CT_4,0.0
2030,sc01,02-11 18:00:00+01:00,101_STEAM_4,1.0
2030,sc01,02-11 18:00:00+01:00,123_STEAM_3,1.0
2030,sc01,02-11 18:00:00+01:00,118_CC_1,0.0
2030,sc01,02-11 18:00:00+01:00,123_CT_1,0.0
2030,sc01,02-11 18:00:00+01:00,101_STEAM_3,0.0
2030,sc01,02-11 18:00:00+01:00,102_CT_1,0.0
2030,sc01,02-11 18:00:00+01:00,113_CT_2,0.0
2030,sc01,02-11 18:00:00+01:00,115_STEAM_2,0.0
2030,sc01,02-12 21:00:00+01:00,121_NUCLEAR_1,0.0
2030,sc01,02-12 21:00:00+01:00,113_CT_4,0.0
2030,sc01,02-12 21:00:00+01:00,115_STEAM_3,0.0
2030,sc01,02-12 21:00:00+01:00,102_STEAM_4,0.0
2030,sc01,02-12 21:00:00+01:00,113_CT_1,0.0
2030,sc01,02-12 21:00:00+01:00,107_CC_1,1.0
2030,sc01,02-12 21:00:00+01:00,102_CT_2,0.0
2030,sc01,02-12 21:00:00+01:00,101_CT_1,0.0
2030,sc01,02-12 21:00:00+01:00,102_STEAM_3,0.0
2030,sc01,02-12 21:00:00+01:00,115_STEAM_1,0.0
2030,sc01,02-12 21:00:00+01:00,113_CT_3,0.0
2030,sc01,02-12 21:00:00+01:00,123_CT_5,0.0
2030,sc01,02-12 21:00:00+01:00,116_STEAM_1,0.0
2030,sc01,02-12 21:00:00+01:00,123_STEAM_2,0.0
2030,sc01,02-12 21:00:00+01:00,101_CT_2,0.0
2030,sc01,02-12 21:00:00+01:00,123_CT_4,0.0
2030,sc01,02-12 21:00:00+01:00,101_STEAM_4,1.0
2030,sc01,02-12 21:00:00+01:00,123_STEAM_3,0.0
2030,sc01,02-12 21:00:00+01:00,118_CC_1,0.0
2030,sc01,02-12 21:00:00+01:00,123_CT_1,0.0
2030,sc01,02-12 21:00:00+01:00,101_STEAM_3,1.0
2030,sc01,02-12 21:00:00+01:00,102_CT_1,0.0
2030,sc01,02-12 21:00:00+01:00,113_CT_2,0.0
2030,sc01,02-12 21:00:00+01:00,115_STEAM_2,0.0
2030,sc01,02-12 23:00:00+01:00,121_NUCLEAR_1,0.0
2030,sc01,02-12 23:00:00+01:00,113_CT_4,0.0
2030,sc01,02-12 23:00:00+01:00,115_STEAM_3,0.0
2030,sc01,02-12 23:00:00+01:00,102_STEAM_4,0.0
2030,sc01,02-12 23:00:00+01:00,113_CT_1,0.0
2030,sc01,02-12 23:00:00+01:00,107_CC_1,1.0
2030,sc01,02-12 23:00:00+01:00,102_CT_2,0.0
2030,sc01,02-12 23:00:00+01:00,101_CT_1,0.0
2030,sc01,02-12 23:00:00+01:00,102_STEAM_3,0.0
2030,sc01,02-12 23:00:00+01:00,115_STEAM_1,0.0
2030,sc01,02-12 23:00:00+01:00,113_CT_3,0.0
2030,sc01,02-12 23:00:00+01:00,123_CT_5,0.0
2030,sc01,02-12 23:00:00+01:00,116_STEAM_1,0.0
2030,sc01,02-12 23:00:00+01:00,123_STEAM_2,0.0
2030,sc01,02-12 23:00:00+01:00,101_CT_2,0.0
2030,sc01,02-12 23:00:00+01:00,123_CT_4,0.0
2030,sc01,02-12 23:00:00+01:00,101_STEAM_4,0.0
2030,sc01,02-12 23:00:00+01:00,123_STEAM_3,0.0
2030,sc01,02-12 23:00:00+01:00,118_CC_1,0.0
2030,sc01,02-12 23:00:00+01:00,123_CT_1,0.0
2030,sc01,02-12 23:00:00+01:00,101_STEAM_3,0.0
2030,sc01,02-12 23:00:00+01:00,102_CT_1,0.0
2030,sc01,02-12 23:00:00+01:00,113_CT_2,0.0
2030,sc01,02-12 23:00:00+01:00,115_STEAM_2,0.0
2030,sc01,02-13 09:00:00+01:00,121_NUCLEAR_1,0.25124607153546963
2030,sc01,02-13 09:00:00+01:00,113_CT_4,0.0
2030,sc01,02-13 09:00:00+01:00,115_STEAM_3,0.0
2030,sc01,02-13 09:00:00+01:00,102_STEAM_4,0.0
2030,sc01,02-13 09:00:00+01:00,113_CT_1,0.0
2030,sc01,02-13 09:00:00+01:00,107_CC_1,0.0
2030,sc01,02-13 09:00:00+01:00,102_CT_2,0.0
2030,sc01,02-13 09:00:00+01:00,101_CT_1,0.0
2030,sc01,02-13 09:00:00+01:00,102_STEAM_3,0.0
2030,sc01,02-13 09:00:00+01:00,115_STEAM_1,0.0
2030,sc01,02-13 09:00:00+01:00,113_CT_3,0.0
2030,sc01,02-13 09:00:00+01:00,123_CT_5,0.0
2030,sc01,02-13 09:00:00+01:00,116_STEAM_1,0.0
2030,sc01,02-13 09:00:00+01:00,123_STEAM_2,0.0
2030,sc01,02-13 09:00:00+01:00,101_CT_2,0.0
2030,sc01,02-13 09:00:00+01:00,123_CT_4,0.0
2030,sc01,02-13 09:00:00+01:00,101_STEAM_4,0.0
2030,sc01,02-13 09:00:00+01:00,123_STEAM_3,0.0
2030,sc01,02-13 09:00:00+01:00,118_CC_1,0.0
2030,sc01,02-13 09:00:00+01:00,123_CT_1,0.0
2030,sc01,02-13 09:00:00+01:00,101_STEAM_3,0.0
2030,sc01,02-13 09:00:00+01:00,102_CT_1,0.0
2030,sc01,02-13 09:00:00+01:00,113_CT_2,0.0
2030,sc01,02-13 09:00:00+01:00,115_STEAM_2,0.0
2030,sc01,02-13 11:00:00+01:00,121_NUCLEAR_1,0.6059130820869909
2030,sc01,02-13 11:00:00+01:00,113_CT_4,0.0
2030,sc01,02-13 11:00:00+01:00,115_STEAM_3,1.0
2030,sc01,02-13 11:00:00+01:00,102_STEAM_4,0.0
2030,sc01,02-13 11:00:00+01:00,113_CT_1,0.0
2030,sc01,02-13 11:00:00+01:00,107_CC_1,0.0
2030,sc01,02-13 11:00:00+01:00,102_CT_2,0.0
2030,sc01,02-13 11:00:00+01:00,101_CT_1,0.0
2030,sc01,02-13 11:00:00+01:00,102_STEAM_3,0.0
2030,sc01,02-13 11:00:00+01:00,115_STEAM_1,0.0
2030,sc01,02-13 11:00:00+01:00,113_CT_3,0.0
2030,sc01,02-13 11:00:00+01:00,123_CT_5,0.0
2030,sc01,02-13 11:00:00+01:00,116_STEAM_1,0.0
2030,sc01,02-13 11:00:00+01:00,123_STEAM_2,0.0
2030,sc01,02-13 11:00:00+01:00,101_CT_2,0.0
2030,sc01,02-13 11:00:00+01:00,123_CT_4,0.0
2030,sc01,02-13 11:00:00+01:00,101_STEAM_4,1.0
2030,sc01,02-13 11:00:00+01:00,123_STEAM_3,0.0
2030,sc01,02-13 11:00:00+01:00,118_CC_1,0.0
2030,sc01,02-13 11:00:00+01:00,123_CT_1,0.0
2030,sc01,02-13 11:00:00+01:00,101_STEAM_3,1.0
2030,sc01,02-13 11:00:00+01:00,102_CT_1,0.0
2030,sc01,02-13 11:00:00+01:00,113_CT_2,0.0
2030,sc01,02-13 11:00:00+01:00,115_STEAM_2,0.0
2030,sc01,02-13 18:00:00+01:00,121_NUCLEAR_1,0.14284084637753952
2030,sc01,02-13 18:00:00+01:00,113_CT_4,0.0
2030,sc01,02-13 18:00:00+01:00,115_STEAM_3,0.0
2030,sc01,02-13 18:00:00+01:00,102_STEAM_4,0.0
2030,sc01,02-13 18:00:00+01:00,113_CT_1,0.0
2030,sc01,02-13 18:00:00+01:00,107_CC_1,0.0
2030,sc01,02-13 18:00:00+01:00,102_CT_2,0.0
2030,sc01,02-13 18:00:00+01:00,101_CT_1,0.0
2030,sc01,02-13 18:00:00+01:00,102_STEAM_3,0.0
2030,sc01,02-13 18:00:00+01:00,115_STEAM_1,0.0
2030,sc01,02-13 18:00:00+01:00,113_CT_3,0.0
2030,sc01,02-13 18:00:00+01:00,123_CT_5,0.0
2030,sc01,02-13 18:00:00+01:00,116_STEAM_1,0.0
2030,sc01,02-13 18:00:00+01:00,123_STEAM_2,0.0
2030,sc01,02-13 18:00:00+01:00,101_CT_2,0.0
2030,sc01,02-13 18:00:00+01:00,123_CT_4,0.0
2030,sc01,02-13 18:00:00+01:00,101_STEAM_4,0.0
2030,sc01,02-13 18:00:00+01:00,123_STEAM_3,0.0
2030,sc01,02-13 18:00:00+01:00,118_CC_1,0.0
2030,sc01,02-13 18:00:00+01:00,123_CT_1,0.0
2030,sc01,02-13 18:00:00+01:00,101_STEAM_3,0.6546618161913891
2030,sc01,02-13 18:00:00+01:00,102_CT_1,0.0
2030,sc01,02-13 18:00:00+01:00,113_CT_2,0.0
2030,sc01,02-13 18:00:00+01:00,115_STEAM_2,0.0
2030,sc01,02-14 10:00:00+01:00,121_NUCLEAR_1,0.7895803682645289
2030,sc01,02-14 10:00:00+01:00,113_CT_4,0.0
2030,sc01,02-14 10:00:00+01:00,115_STEAM_3,0.0
2030,sc01,02-14 10:00:00+01:00,102_STEAM_4,0.0
2030,sc01,02-14 10:00:00+01:00,113_CT_1,0.0
2030,sc01,02-14 10:00:00+01:00,107_CC_1,0.0
2030,sc01,02-14 10:00:00+01:00,102_CT_2,0.0
2030,sc01,02-14 10:00:00+01:00,101_CT_1,0.0
2030,sc01,02-14 10:00:00+01:00,102_STEAM_3,0.0
2030,sc01,02-14 10:00:00+01:00,115_STEAM_1,0.0
2030,sc01,02-14 10:00:00+01:00,113_CT_3,0.0
2030,sc01,02-14 10:00:00+01:00,123_CT_5,0.0
2030,sc01,02-14 10:00:00+01:00,116_STEAM_1,0.0
2030,sc01,02-14 10:00:00+01:00,123_STEAM_2,0.0
2030,sc01,02-14 10:00:00+01:00,101_CT_2,0.0
2030,sc01,02-14 10:00:00+01:00,123_CT_4,0.0
2030,sc01,02-14 10:00:00+01:00,101_STEAM_4,0.0
2030,sc01,02-14 10:00:00+01:00,123_STEAM_3,0.0
2030,sc01,02-14 10:00:00+01:00,118_CC_1,0.0
2030,sc01,02-14 10:00:00+01:00,123_CT_1,0.0
2030,sc01,02-14 10:00:00+01:00,101_STEAM_3,1.0
2030,sc01,02-14 10:00:00+01:00,102_CT_1,0.0
2030,sc01,02-14 10:00:00+01:00,113_CT_2,0.0
2030,sc01,02-14 10:00:00+01:00,115_STEAM_2,0.0
2030,sc01,02-15 12:00:00+01:00,121_NUCLEAR_1,0.3734491111783339
2030,sc01,02-15 12:00:00+01:00,113_CT_4,0.0
2030,sc01,02-15 12:00:00+01:00,115_STEAM_3,1.0
2030,sc01,02-15 12:00:00+01:00,102_STEAM_4,0.0
2030,sc01,02-15 12:00:00+01:00,113_CT_1,0.0
2030,sc01,02-15 12:00:00+01:00,107_CC_1,0.7868495251597455
2030,sc01,02-15 12:00:00+01:00,102_CT_2,0.0
2030,sc01,02-15 12:00:00+01:00,101_CT_1,0.0
2030,sc01,02-15 12:00:00+01:00,102_STEAM_3,0.0
2030,sc01,02-15 12:00:00+01:00,115_STEAM_1,0.0
2030,sc01,02-15 12:00:00+01:00,113_CT_3,0.0
2030,sc01,02-15 12:00:00+01:00,123_CT_5,0.0
2030,sc01,02-15 12:00:00+01:00,116_STEAM_1,0.0
2030,sc01,02-15 12:00:00+01:00,123_STEAM_2,0.0
2030,sc01,02-15 12:00:00+01:00,101_CT_2,0.0
2030,sc01,02-15 12:00:00+01:00,123_CT_4,0.0
2030,sc01,02-15 12:00:00+01:00,101_STEAM_4,0.0
2030,sc01,02-15 12:00:00+01:00,123_STEAM_3,0.0
2030,sc01,02-15 12:00:00+01:00,118_CC_1,0.0
2030,sc01,02-15 12:00:00+01:00,123_CT_1,0.0
2030,sc01,02-15 12:00:00+01:00,101_STEAM_3,0.0
2030,sc01,02-15 12:00:00+01:00,102_CT_1,0.0
2030,sc01,02-15 12:00:00+01:00,113_CT_2,0.0
2030,sc01,02-15 12:00:00+01:00,115_STEAM_2,0.0
2030,sc01,02-16 10:00:00+01:00,121_NUCLEAR_1,1.0
2030,sc01,02-16 10:00:00+01:00,113_CT_4,0.0
2030,sc01,02-16 10:00:00+01:00,115_STEAM_3,0.0
2030,sc01,02-16 10:00:00+01:00,102_STEAM_4,0.0
2030,sc01,02-16 10:00:00+01:00,113_CT_1,0.0
2030,sc01,02-16 10:00:00+01:00,107_CC_1,1.0
2030,sc01,02-16 10:00:00+01:00,102_CT_2,0.0
2030,sc01,02-16 10:00:00+01:00,101_CT_1,0.0
2030,sc01,02-16 10:00:00+01:00,102_STEAM_3,0.0
2030,sc01,02-16 10:00:00+01:00,115_STEAM_1,0.0
2030,sc01,02-16 10:00:00+01:00,113_CT_3,0.0
2030,sc01,02-16 10:00:00+01:00,123_CT_5,0.0
2030,sc01,02-16 10:00:00+01:00,116_STEAM_1,0.0
2030,sc01,02-16 10:00:00+01:00,123_STEAM_2,0.0
2030,sc01,02-16 10:00:00+01:00,101_CT_2,0.0
2030,sc01,02-16 10:00:00+01:00,123_CT_4,0.0
2030,sc01,02-16 10:00:00+01:00,101_STEAM_4,0.0
2030,sc01,02-16 10:00:00+01:00,123_STEAM_3,0.0
2030,sc01,02-16 10:00:00+01:00,118_CC_1,0.0
2030,sc01,02-16 10:00:00+01:00,123_CT_1,0.0
2030,sc01,02-16 10:00:00+01:00,101_STEAM_3,0.0
2030,sc01,02-16 10:00:00+01:00,102_CT_1,0.0
2030,sc01,02-16 10:00:00+01:00,113_CT_2,0.0
2030,sc01,02-16 10:00:00+01:00,115_STEAM_2,0.0
2030,sc01,02-17 00:00:00+01:00,121_NUCLEAR_1,0.0
2030,sc01,02-17 00:00:00+01:00,113_CT_4,0.0
2030,sc01,02-17 00:00:00+01:00,115_STEAM_3,0.015788651953796282
2030,sc01,02-17 00:00:00+01:00,102_STEAM_4,0.0
2030,sc01,02-17 00:00:00+01:00,113_CT_1,0.0
2030,sc01,02-17 00:00:00+01:00,107_CC_1,0.0
2030,sc01,02-17 00:00:00+01:00,102_CT_2,0.0
2030,sc01,02-17 00:00:00+01:00,101_CT_1,0.0
2030,sc01,02-17 00:00:00+01:00,102_STEAM_3,0.0
2030,sc01,02-17 00:00:00+01:00,115_STEAM_1,0.0
2030,sc01,02-17 00:00:00+01:00,113_CT_3,0.0
2030,sc01,02-17 00:00:00+01:00,123_CT_5,0.0
2030,sc01,02-17 00:00:00+01:00,116_STEAM_1,0.0
2030,sc01,02-17 00:00:00+01:00,123_STEAM_2,0.0
2030,sc01,02-17 00:00:00+01:00,101_CT_2,0.0
2030,sc01,02-17 00:00:00+01:00,123_CT_4,0.0
2030,sc01,02-17 00:00:00+01:00,101_STEAM_4,0.0
2030,sc01,02-17 00:00:00+01:00,123_STEAM_3,0.0
2030,sc01,02-17 00:00:00+01:00,118_CC_1,0.0
2030,sc01,02-17 00:00:00+01:00,123_CT_1,0.0
2030,sc01,02-17 00:00:00+01:00,101_STEAM_3,0.0
2030,sc01,02-17 00:00:00+01:00,102_CT_1,0.0
2030,sc01,02-17 00:00:00+01:00,113_CT_2,0.0
2030,sc01,02-17 00:00:00+01:00,115_STEAM_2,0.0
2030,sc01,02-18 07:00:00+01:00,121_NUCLEAR_1,0.9851666398730614
2030,sc01,02-18 07:00:00+01:00,113_CT_4,0.0
2030,sc01,02-18 07:00:00+01:00,115_STEAM_3,0.0
2030,sc01,02-18 07:00:00+01:00,102_STEAM_4,0.0
2030,sc01,02-18 07:00:00+01:00,113_CT_1,0.0
2030,sc01,02-18 07:00:00+01:00,107_CC_1,0.0
2030,sc01,02-18 07:00:00+01:00,102_CT_2,0.0
2030,sc01,02-18 07:00:00+01:00,101_CT_1,0.0
2030,sc01,02-18 07:00:00+01:00,102_STEAM_3,0.0
2030,sc01,02-18 07:00:00+01:00,115_STEAM_1,0.0
2030,sc01,02-18 07:00:00+01:00,113_CT_3,0.0
2030,sc01,02-18 07:00:00+01:00,123_CT_5,0.0
2030,sc01,02-18 07:00:00+01:00,116_STEAM_1,0.0
2030,sc01,02-18 07:00:00+01:00,123_STEAM_2,0.0
2030,sc01,02-18 07:00:00+01:00,101_CT_2,0.0
2030,sc01,02-18 07:00:00+01:00,123_CT_4,0.0
2030,sc01,02-18 07:00:00+01:00,101_STEAM_4,0.7976005718320193
2030,sc01,02-18 07:00:00+01:00,123_STEAM_3,0.0
2030,sc01,02-18 07:00:00+01:00,118_CC_1,0.0
2030,sc01,02-18 07:00:00+01:00,123_CT_1,0.0
2030,sc01,02-18 07:00:00+01:00,101_STEAM_3,0.0
2030,sc01,02-18 07:00:00+01:00,102_CT_1,0.0
2030,sc01,02-18 07:00:00+01:00,113_CT_2,0.0
2030,sc01,02-18 07:00:00+01:00,115_STEAM_2,0.0
2030,sc01,02-19 17:00:00+01:00,121_NUCLEAR_1,0.0
2030,sc01,02-19 17:00:00+01:00,113_CT_4,0.0
2030,sc01,02-19 17:00:00+01:00,115_STEAM_3,0.0
2030,sc01,02-19 17:00:00+01:00,102_STEAM_4,0.0
2030,sc01,02-19 17:00:00+01:00,113_CT_1,0.0
2030,sc01,02-19 17:00:00+01:00,107_CC_1,0.0
2030,sc01,02-19 17:00:00+01:00,102_CT_2,0.0
2030,sc01,02-19 17:00:00+01:00,101_CT_1,0.0
2030,sc01,02-19 17:00:00+01:00,102_STEAM_3,0.022679808534680546
2030,sc01,02-19 17:00:00+01:00,115_STEAM_1,0.0
2030,sc01,02-19 17:00:00+01:00,113_CT_3,0.0
2030,sc01,02-19 17:00:00+01:00,123_CT_5,0.0
2030,sc01,02-19 17:00:00+01:00,116_STEAM_1,0.0
2030,sc01,02-19 17:00:00+01:00,123_STEAM_2,0.0
2030,sc01,02-19 17:00:00+01:00,101_CT_2,0.0
2030,sc01,02-19 17:00:00+01:00,123_CT_4,0.0
2030,sc01,02-19 17:00:00+01:00,101_STEAM_4,0.2023994281679807
2030,sc01,02-19 17:00:00+01:00,123_STEAM_3,0.0
2030,sc01,02-19 17:00:00+01:00,118_CC_1,0.0
2030,sc01,02-19 17:00:00+01:00,123_CT_1,0.0
2030,sc01,02-19 17:00:00+01:00,101_STEAM_3,0.0
2030,sc01,02-19 17:00:00+01:00,102_CT_1,0.0
2030,sc01,02-19 17:00:00+01:00,113_CT_2,0.0
2030,sc01,02-19 17:00:00+01:00,115_STEAM_2,0.0
2030,sc01,02-20 09:00:00+01:00,121_NUCLEAR_1,0.8353756945568488
2030,sc01,02-20 09:00:00+01:00,113_CT_4,0.0
2030,sc01,02-20 09:00:00+01:00,115_STEAM_3,0.0
2030,sc01,02-20 09:00:00+01:00,102_STEAM_4,0.0
2030,sc01,02-20 09:00:00+01:00,113_CT_1,0.0
2030,sc01,02-20 09:00:00+01:00,107_CC_1,0.0
2030,sc01,02-20 09:00:00+01:00,102_CT_2,0.0
2030,sc01,02-20 09:00:00+01:00,101_CT_1,0.0
2030,sc01,02-20 09:00:00+01:00,102_STEAM_3,0.9773201914653195
2030,sc01,02-20 09:00:00+01:00,115_STEAM_1,0.0
2030,sc01,02-20 09:00:00+01:00,113_CT_3,0.0
2030,sc01,02-20 09:00:00+01:00,123_CT_5,0.0
2030,sc01,02-20 09:00:00+01:00,116_STEAM_1,0.0
2030,sc01,02-20 09:00:00+01:00,123_STEAM_2,0.0
2030,sc01,02-20 09:00:00+01:00,101_CT_2,0.0
2030,sc01,02-20 09:00:00+01:00,123_CT_4,0.0
2030,sc01,02-20 09:00:00+01:00,101_STEAM_4,0.7452296212957
2030,sc01,02-20 09:00:00+01:00,123_STEAM_3,0.0
2030,sc01,02-20 09:00:00+01:00,118_CC_1,0.0
2030,sc01,02-20 09:00:00+01:00,123_CT_1,0.0
2030,sc01,02-20 09:00:00+01:00,101_STEAM_3,1.0
2030,sc01,02-20 09:00:00+01:00,102_CT_1,0.0
2030,sc01,02-20 09:00:00+01:00,113_CT_2,0.0
2030,sc01,02-20 09:00:00+01:00,115_STEAM_2,0.0
2030,sc01,02-20 10:00:00+01:00,121_NUCLEAR_1,0.0
2030,sc01,02-20 10:00:00+01:00,113_CT_4,0.0
2030,sc01,02-20 10:00:00+01:00,115_STEAM_3,0.0
2030,sc01,02-20 10:00:00+01:00,102_STEAM_4,0.0
2030,sc01,02-20 10:00:00+01:00,113_CT_1,0.0
2030,sc01,02-20 10:00:00+01:00,107_CC_1,0.0
2030,sc01,02-20 10:00:00+01:00,102_CT_2,0.0
2030,sc01,02-20 10:00:00+01:00,101_CT_1,0.0
2030,sc01,02-20 10:00:00+01:00,102_STEAM_3,0.0
2030,sc01,02-20 10:00:00+01:00,115_STEAM_1,0.0
2030,sc01,02-20 10:00:00+01:00,113_CT_3,0.0
2030,sc01,02-20 10:00:00+01:00,123_CT_5,0.0
2030,sc01,02-20 10:00:00+01:00,116_STEAM_1,0.0
2030,sc01,02-20 10:00:00+01:00,123_STEAM_2,0.0
2030,sc01,02-20 10:00:00+01:00,101_CT_2,0.0
2030,sc01,02-20 10:00:00+01:00,123_CT_4,0.0
2030,sc01,02-20 10:00:00+01:00,101_STEAM_4,0.25477037870429997
2030,sc01,02-20 10:00:00+01:00,123_STEAM_3,0.0
2030,sc01,02-20 10:00:00+01:00,118_CC_1,1.0
2030,sc01,02-20 10:00:00+01:00,123_CT_1,0.0
2030,sc01,02-20 10:00:00+01:00,101_STEAM_3,0.0
2030,sc01,02-20 10:00:00+01:00,102_CT_1,0.0
2030,sc01,02-20 10:00:00+01:00,113_CT_2,0.0
2030,sc01,02-20 10:00:00+01:00,115_STEAM_2,0.0
2030,sc01,03-04 14:00:00+01:00,121_NUCLEAR_1,1.0
2030,sc01,03-04 14:00:00+01:00,113_CT_4,0.0
2030,sc01,03-04 14:00:00+01:00,115_STEAM_3,1.0
2030,sc01,03-04 14:00:00+01:00,102_STEAM_4,0.0
2030,sc01,03-04 14:00:00+01:00,113_CT_1,0.0
2030,sc01,03-04 14:00:00+01:00,107_CC_1,1.0
2030,sc01,03-04 14:00:00+01:00,102_CT_2,0.0
2030,sc01,03-04 14:00:00+01:00,101_CT_1,0.0
2030,sc01,03-04 14:00:00+01:00,102_STEAM_3,0.0
2030,sc01,03-04 14:00:00+01:00,115_STEAM_1,0.0
2030,sc01,03-04 14:00:00+01:00,113_CT_3,0.0
2030,sc01,03-04 14:00:00+01:00,123_CT_5,0.0
2030,sc01,03-04 14:00:00+01:00,116_STEAM_1,0.0
2030,sc01,03-04 14:00:00+01:00,123_STEAM_2,0.0
2030,sc01,03-04 14:00:00+01:00,101_CT_2,0.0
2030,sc01,03-04 14:00:00+01:00,123_CT_4,0.0
2030,sc01,03-04 14:00:00+01:00,101_STEAM_4,0.0
2030,sc01,03-04 14:00:00+01:00,123_STEAM_3,0.0
2030,sc01,03-04 14:00:00+01:00,118_CC_1,1.0
2030,sc01,03-04 14:00:00+01:00,123_CT_1,0.0
2030,sc01,03-04 14:00:00+01:00,101_STEAM_3,0.0
2030,sc01,03-04 14:00:00+01:00,102_CT_1,0.0
2030,sc01,03-04 14:00:00+01:00,113_CT_2,0.0
2030,sc01,03-04 14:00:00+01:00,115_STEAM_2,0.0
2030,sc01,03-05 13:00:00+01:00,121_NUCLEAR_1,0.0
2030,sc01,03-05 13:00:00+01:00,113_CT_4,0.0
2030,sc01,03-05 13:00:00+01:00,115_STEAM_3,1.0
2030,sc01,03-05 13:00:00+01:00,102_STEAM_4,0.0
2030,sc01,03-05 13:00:00+01:00,113_CT_1,0.0
2030,sc01,03-05 13:00:00+01:00,107_CC_1,0.0
2030,sc01,03-05 13:00:00+01:00,102_CT_2,0.0
2030,sc01,03-05 13:00:00+01:00,101_CT_1,0.0
2030,sc01,03-05 13:00:00+01:00,102_STEAM_3,0.0
2030,sc01,03-05 13:00:00+01:00,115_STEAM_1,0.0
2030,sc01,03-05 13:00:00+01:00,113_CT_3,0.0
2030,sc01,03-05 13:00:00+01:00,123_CT_5,0.0
2030,sc01,03-05 13:00:00+01:00,116_STEAM_1,0.0
2030,sc01,03-05 13:00:00+01:00,123_STEAM_2,0.0
2030,sc01,03-05 13:00:00+01:00,101_CT_2,0.0
2030,sc01,03-05 13:00:00+01:00,123_CT_4,0.0
2030,sc01,03-05 13:00:00+01:00,101_STEAM_4,0.0
2030,sc01,03-05 13:00:00+01:00,123_STEAM_3,0.0
2030,sc01,03-05 13:00:00+01:00,118_CC_1,0.0
2030,sc01,03-05 13:00:00+01:00,123_CT_1,0.0
2030,sc01,03-05 13:00:00+01:00,101_STEAM_3,0.0
2030,sc01,03-05 13:00:00+01:00,102_CT_1,0.0
2030,sc01,03-05 13:00:00+01:00,113_CT_2,0.0
2030,sc01,03-05 13:00:00+01:00,115_STEAM_2,0.0
2030,sc01,03-11 09:00:00+01:00,121_NUCLEAR_1,0.0
2030,sc01,03-11 09:00:00+01:00,113_CT_4,0.0
2030,sc01,03-11 09:00:00+01:00,115_STEAM_3,0.0
2030,sc01,03-11 09:00:00+01:00,102_STEAM_4,0.0
2030,sc01,03-11 09:00:00+01:00,113_CT_1,0.0
2030,sc01,03-11 09:00:00+01:00,107_CC_1,0.0
2030,sc01,03-11 09:00:00+01:00,102_CT_2,0.0
2030,sc01,03-11 09:00:00+01:00,101_CT_1,0.0
2030,sc01,03-11 09:00:00+01:00,102_STEAM_3,0.0
2030,sc01,03-11 09:00:00+01:00,115_STEAM_1,0.0
2030,sc01,03-11 09:00:00+01:00,113_CT_3,0.0
2030,sc01,03-11 09:00:00+01:00,123_CT_5,0.0
2030,sc01,03-11 09:00:00+01:00,116_STEAM_1,0.0
2030,sc01,03-11 09:00:00+01:00,123_STEAM_2,0.0
2030,sc01,03-11 09:00:00+01:00,101_CT_2,0.0
2030,sc01,03-11 09:00:00+01:00,123_CT_4,0.0
2030,sc01,03-11 09:00:00+01:00,101_STEAM_4,0.0
2030,sc01,03-11 09:00:00+01:00,123_STEAM_3,0.0
2030,sc01,03-11 09:00:00+01:00,118_CC_1,0.0
2030,sc01,03-11 09:00:00+01:00,123_CT_1,0.0
2030,sc01,03-11 09:00:00+01:00,101_STEAM_3,0.0
2030,sc01,03-11 09:00:00+01:00,102_CT_1,0.0
2030,sc01,03-11 09:00:00+01:00,113_CT_2,0.0
2030,sc01,03-11 09:00:00+01:00,115_STEAM_2,0.0
2030,sc01,03-15 21:00:00+01:00,121_NUCLEAR_1,1.0
2030,sc01,03-15 21:00:00+01:00,113_CT_4,0.0
2030,sc01,03-15 21:00:00+01:00,115_STEAM_3,1.0
2030,sc01,03-15 21:00:00+01:00,102_STEAM_4,0.0
2030,sc01,03-15 21:00:00+01:00,113_CT_1,0.0
2030,sc01,03-15 21:00:00+01:00,107_CC_1,1.0
2030,sc01,03-15 21:00:00+01:00,102_CT_2,0.0
2030,sc01,03-15 21:00:00+01:00,101_CT_1,0.0
2030,sc01,03-15 21:00:00+01:00,102_STEAM_3,0.0
2030,sc01,03-15 21:00:00+01:00,115_STEAM_1,0.0
2030,sc01,03-15 21:00:00+01:00,113_CT_3,0.0
2030,sc01,03-15 21:00:00+01:00,123_CT_5,0.0
2030,sc01,03-15 21:00:00+01:00,116_STEAM_1,0.0
2030,sc01,03-15 21:00:00+01:00,123_STEAM_2,1.0
2030,sc01,03-15 21:00:00+01:00,101_CT_2,0.0
2030,sc01,03-15 21:00:00+01:00,123_CT_4,0.0
2030,sc01,03-15 21:00:00+01:00,101_STEAM_4,0.0
2030,sc01,03-15 21:00:00+01:00,123_STEAM_3,0.0
2030,sc01,03-15 21:00:00+01:00,118_CC_1,1.0
2030,sc01,03-15 21:00:00+01:00,123_CT_1,0.0
2030,sc01,03-15 21:00:00+01:00,101_STEAM_3,0.0
2030,sc01,03-15 21:00:00+01:00,102_CT_1,0.0
2030,sc01,03-15 21:00:00+01:00,113_CT_2,0.0
2030,sc01,03-15 21:00:00+01:00,115_STEAM_2,0.0
2030,sc01,03-20 09:00:00+01:00,121_NUCLEAR_1,0.9071896192653385
2030,sc01,03-20 09:00:00+01:00,113_CT_4,0.0
2030,sc01,03-20 09:00:00+01:00,115_STEAM_3,0.0
2030,sc01,03-20 09:00:00+01:00,102_STEAM_4,0.0
2030,sc01,03-20 09:00:00+01:00,113_CT_1,0.0
2030,sc01,03-20 09:00:00+01:00,107_CC_1,0.3554906818899439
2030,sc01,03-20 09:00:00+01:00,102_CT_2,0.0
2030,sc01,03-20 09:00:00+01:00,101_CT_1,0.0
2030,sc01,03-20 09:00:00+01:00,102_STEAM_3,0.0
2030,sc01,03-20 09:00:00+01:00,115_STEAM_1,0.0
2030,sc01,03-20 09:00:00+01:00,113_CT_3,0.0
2030,sc01,03-20 09:00:00+01:00,123_CT_5,0.0
2030,sc01,03-20 09:00:00+01:00,116_STEAM_1,0.0
2030,sc01,03-20 09:00:00+01:00,123_STEAM_2,0.0
2030,sc01,03-20 09:00:00+01:00,101_CT_2,0.0
2030,sc01,03-20 09:00:00+01:00,123_CT_4,0.0
2030,sc01,03-20 09:00:00+01:00,101_STEAM_4,0.0
2030,sc01,03-20 09:00:00+01:00,123_STEAM_3,0.0
2030,sc01,03-20 09:00:00+01:00,118_CC_1,0.0
2030,sc01,03-20 09:00:00+01:00,123_CT_1,0.0
2030,sc01,03-20 09:00:00+01:00,101_STEAM_3,0.0
2030,sc01,03-20 09:00:00+01:00,102_CT_1,0.0
2030,sc01,03-20 09:00:00+01:00,113_CT_2,0.0
2030,sc01,03-20 09:00:00+01:00,115_STEAM_2,0.0
2030,sc01,03-21 08:00:00+01:00,121_NUCLEAR_1,0.8071432645010995
2030,sc01,03-21 08:00:00+01:00,113_CT_4,0.0
2030,sc01,03-21 08:00:00+01:00,115_STEAM_3,0.0
2030,sc01,03-21 08:00:00+01:00,102_STEAM_4,0.0
2030,sc01,03-21 08:00:00+01:00,113_CT_1,0.0
2030,sc01,03-21 08:00:00+01:00,107_CC_1,0.6704704435775248
2030,sc01,03-21 08:00:00+01:00,102_CT_2,0.0
2030,sc01,03-21 08:00:00+01:00,101_CT_1,0.0
2030,sc01,03-21 08:00:00+01:00,102_STEAM_3,0.0
2030,sc01,03-21 08:00:00+01:00,115_STEAM_1,0.0
2030,sc01,03-21 08:00:00+01:00,113_CT_3,0.0
2030,sc01,03-21 08:00:00+01:00,123_CT_5,0.0
2030,sc01,03-21 08:00:00+01:00,116_STEAM_1,0.0
2030,sc01,03-21 08:00:00+01:00,123_STEAM_2,0.0
2030,sc01,03-21 08:00:00+01:00,101_CT_2,0.0
2030,sc01,03-21 08:00:00+01:00,123_CT_4,0.0
2030,sc01,03-21 08:00:00+01:00,101_STEAM_4,0.0
2030,sc01,03-21 08:00:00+01:00,123_STEAM_3,0.0
2030,sc01,03-21 08:00:00+01:00,118_CC_1,0.0
2030,sc01,03-21 08:00:00+01:00,123_CT_1,0.0
2030,sc01,03-21 08:00:00+01:00,101_STEAM_3,0.0
2030,sc01,03-21 08:00:00+01:00,102_CT_1,0.0
2030,sc01,03-21 08:00:00+01:00,113_CT_2,0.0
2030,sc01,03-21 08:00:00+01:00,115_STEAM_2,0.0
2030,sc01,03-22 17:00:00+01:00,121_NUCLEAR_1,0.1582652469380031
2030,sc01,03-22 17:00:00+01:00,113_CT_4,0.0
2030,sc01,03-22 17:00:00+01:00,115_STEAM_3,0.9978392733509044
2030,sc01,03-22 17:00:00+01:00,102_STEAM_4,0.0
2030,sc01,03-22 17:00:00+01:00,113_CT_1,0.0
2030,sc01,03-22 17:00:00+01:00,107_CC_1,0.9740388745325312
2030,sc01,03-22 17:00:00+01:00,102_CT_2,0.0
2030,sc01,03-22 17:00:00+01:00,101_CT_1,0.0
2030,sc01,03-22 17:00:00+01:00,102_STEAM_3,0.0
2030,sc01,03-22 17:00:00+01:00,115_STEAM_1,0.0
2030,sc01,03-22 17:00:00+01:00,113_CT_3,0.0
2030,sc01,03-22 17:00:00+01:00,123_CT_5,0.0
2030,sc01,03-22 17:00:00+01:00,116_STEAM_1,0.0
2030,sc01,03-22 17:00:00+01:00,123_STEAM_2,0.0
2030,sc01,03-22 17:00:00+01:00,101_CT_2,0.0
2030,sc01,03-22 17:00:00+01:00,123_CT_4,0.0
2030,sc01,03-22 17:00:00+01:00,101_STEAM_4,0.0
2030,sc01,03-22 17:00:00+01:00,123_STEAM_3,0.0
2030,sc01,03-22 17:00:00+01:00,118_CC_1,0.0
2030,sc01,03-22 17:00:00+01:00,123_CT_1,0.0
2030,sc01,03-22 17:00:00+01:00,101_STEAM_3,0.0
2030,sc01,03-22 17:00:00+01:00,102_CT_1,0.0
2030,sc01,03-22 17:00:00+01:00,113_CT_2,0.0
2030,sc01,03-22 17:00:00+01:00,115_STEAM_2,0.0
2030,sc01,03-26 19:00:00+01:00,121_NUCLEAR_1,0.12740186929555897
2030,sc01,03-26 19:00:00+01:00,113_CT_4,0.0
2030,sc01,03-26 19:00:00+01:00,115_STEAM_3,0.002160726649095664
2030,sc01,03-26 19:00:00+01:00,102_STEAM_4,0.0
2030,sc01,03-26 19:00:00+01:00,113_CT_1,0.0
2030,sc01,03-26 19:00:00+01:00,107_CC_1,0.0
2030,sc01,03-26 19:00:00+01:00,102_CT_2,0.0
2030,sc01,03-26 19:00:00+01:00,101_CT_1,0.0
2030,sc01,03-26 19:00:00+01:00,102_STEAM_3,0.0
2030,sc01,03-26 19:00:00+01:00,115_STEAM_1,0.0
2030,sc01,03-26 19:00:00+01:00,113_CT_3,0.0
2030,sc01,03-26 19:00:00+01:00,123_CT_5,0.0
2030,sc01,03-26 19:00:00+01:00,116_STEAM_1,0.0
2030,sc01,03-26 19:00:00+01:00,123_STEAM_2,0.0
2030,sc01,03-26 19:00:00+01:00,101_CT_2,0.0
2030,sc01,03-26 19:00:00+01:00,123_CT_4,0.0
2030,sc01,03-26 19:00:00+01:00,101_STEAM_4,0.0
2030,sc01,03-26 19:00:00+01:00,123_STEAM_3,0.0
2030,sc01,03-26 19:00:00+01:00,118_CC_1,0.0
2030,sc01,03-26 19:00:00+01:00,123_CT_1,0.0
2030,sc01,03-26 19:00:00+01:00,101_STEAM_3,0.0
2030,sc01,03-26 19:00:00+01:00,102_CT_1,0.0
2030,sc01,03-26 19:00:00+01:00,113_CT_2,0.0
2030,sc01,03-26 19:00:00+01:00,115_STEAM_2,0.0
2030,sc01,03-27 07:00:00+01:00,121_NUCLEAR_1,0.5180174393981194
2030,sc01,03-27 07:00:00+01:00,113_CT_4,0.0
2030,sc01,03-27 07:00:00+01:00,115_STEAM_3,0.0
2030,sc01,03-27 07:00:00+01:00,102_STEAM_4,0.0
2030,sc01,03-27 07:00:00+01:00,113_CT_1,0.0
2030,sc01,03-27 07:00:00+01:00,107_CC_1,0.05401043827576757
2030,sc01,03-27 07:00:00+01:00,102_CT_2,0.0
2030,sc01,03-27 07:00:00+01:00,101_CT_1,0.0
2030,sc01,03-27 07:00:00+01:00,102_STEAM_3,0.0
2030,sc01,03-27 07:00:00+01:00,115_STEAM_1,0.0
2030,sc01,03-27 07:00:00+01:00,113_CT_3,0.0
2030,sc01,03-27 07:00:00+01:00,123_CT_5,0.0
2030,sc01,03-27 07:00:00+01:00,116_STEAM_1,0.0
2030,sc01,03-27 07:00:00+01:00,123_STEAM_2,0.0
2030,sc01,03-27 07:00:00+01:00,101_CT_2,0.0
2030,sc01,03-27 07:00:00+01:00,123_CT_4,0.0
2030,sc01,03-27 07:00:00+01:00,101_STEAM_4,1.0
2030,sc01,03-27 07:00:00+01:00,123_STEAM_3,0.0
2030,sc01,03-27 07:00:00+01:00,118_CC_1,1.0
2030,sc01,03-27 07:00:00+01:00,123_CT_1,0.0
2030,sc01,03-27 07:00:00+01:00,101_STEAM_3,0.1296120840303575
2030,sc01,03-27 07:00:00+01:00,102_CT_1,0.0
2030,sc01,03-27 07:00:00+01:00,113_CT_2,0.0
2030,sc01,03-27 07:00:00+01:00,115_STEAM_2,0.0
2030,sc01,04-02 06:00:00+02:00,121_NUCLEAR_1,0.0
2030,sc01,04-02 06:00:00+02:00,113_CT_4,0.0
2030,sc01,04-02 06:00:00+02:00,115_STEAM_3,0.0
2030,sc01,04-02 06:00:00+02:00,102_STEAM_4,0.0
2030,sc01,04-02 06:00:00+02:00,113_CT_1,0.0
2030,sc01,04-02 06:00:00+02:00,107_CC_1,1.0
2030,sc01,04-02 06:00:00+02:00,102_CT_2,0.0
2030,sc01,04-02 06:00:00+02:00,101_CT_1,0.0
2030,sc01,04-02 06:00:00+02:00,102_STEAM_3,0.0
2030,sc01,04-02 06:00:00+02:00,115_STEAM_1,0.0
2030,sc01,04-02 06:00:00+02:00,113_CT_3,0.0
2030,sc01,04-02 06:00:00+02:00,123_CT_5,0.0
2030,sc01,04-02 06:00:00+02:00,116_STEAM_1,0.0
2030,sc01,04-02 06:00:00+02:00,123_STEAM_2,0.0
2030,sc01,04-02 06:00:00+02:00,101_CT_2,0.0
2030,sc01,04-02 06:00:00+02:00,123_CT_4,0.0
2030,sc01,04-02 06:00:00+02:00,101_STEAM_4,0.0
2030,sc01,04-02 06:00:00+02:00,123_STEAM_3,0.0
2030,sc01,04-02 06:00:00+02:00,118_CC_1,0.0
2030,sc01,04-02 06:00:00+02:00,123_CT_1,0.0
2030,sc01,04-02 06:00:00+02:00,101_STEAM_3,0.0
2030,sc01,04-02 06:00:00+02:00,102_CT_1,0.0
2030,sc01,04-02 06:00:00+02:00,113_CT_2,0.0
2030,sc01,04-02 06:00:00+02:00,115_STEAM_2,0.0
2030,sc01,04-03 18:00:00+02:00,121_NUCLEAR_1,0.0
2030,sc01,04-03 18:00:00+02:00,113_CT_4,0.0
2030,sc01,04-03 18:00:00+02:00,115_STEAM_3,0.0
2030,sc01,04-03 18:00:00+02:00,102_STEAM_4,0.0
2030,sc01,04-03 18:00:00+02:00,113_CT_1,0.0
2030,sc01,04-03 18:00:00+02:00,107_CC_1,0.904776789087557
2030,sc01,04-03 18:00:00+02:00,102_CT_2,0.0
2030,sc01,04-03 18:00:00+02:00,101_CT_1,0.0
2030,sc01,04-03 18:00:00+02:00,102_STEAM_3,0.0
2030,sc01,04-03 18:00:00+02:00,115_STEAM_1,0.0
2030,sc01,04-03 18:00:00+02:00,113_CT_3,0.0
2030,sc01,04-03 18:00:00+02:00,123_CT_5,0.0
2030,sc01,04-03 18:00:00+02:00,116_STEAM_1,0.0
2030,sc01,04-03 18:00:00+02:00,123_STEAM_2,0.0
2030,sc01,04-03 18:00:00+02:00,101_CT_2,0.0
2030,sc01,04-03 18:00:00+02:00,123_CT_4,0.0
2030,sc01,04-03 18:00:00+02:00,101_STEAM_4,1.0
2030,sc01,04-03 18:00:00+02:00,123_STEAM_3,0.0
2030,sc01,04-03 18:00:00+02:00,118_CC_1,0.0
2030,sc01,04-03 18:00:00+02:00,123_CT_1,0.0
2030,sc01,04-03 18:00:00+02:00,101_STEAM_3,1.0
2030,sc01,04-03 18:00:00+02:00,102_CT_1,0.0
2030,sc01,04-03 18:00:00+02:00,113_CT_2,0.0
2030,sc01,04-03 18:00:00+02:00,115_STEAM_2,0.0
2030,sc01,04-05 16:00:00+02:00,121_NUCLEAR_1,0.9135565357576325
2030,sc01,04-05 16:00:00+02:00,113_CT_4,0.0
2030,sc01,04-05 16:00:00+02:00,115_STEAM_3,0.7263122213907574
2030,sc01,04-05 16:00:00+02:00,102_STEAM_4,0.0
2030,sc01,04-05 16:00:00+02:00,113_CT_1,0.0
2030,sc01,04-05 16:00:00+02:00,107_CC_1,0.0
2030,sc01,04-05 16:00:00+02:00,102_CT_2,0.0
2030,sc01,04-05 16:00:00+02:00,101_CT_1,0.0
2030,sc01,04-05 16:00:00+02:00,102_STEAM_3,0.0
2030,sc01,04-05 16:00:00+02:00,115_STEAM_1,0.0
2030,sc01,04-05 16:00:00+02:00,113_CT_3,0.0
2030,sc01,04-05 16:00:00+02:00,123_CT_5,0.0
2030,sc01,04-05 16:00:00+02:00,116_STEAM_1,0.0
2030,sc01,04-05 16:00:00+02:00,123_STEAM_2,0.0
2030,sc01,04-05 16:00:00+02:00,101_CT_2,0.0
2030,sc01,04-05 16:00:00+02:00,123_CT_4,0.0
2030,sc01,04-05 16:00:00+02:00,101_STEAM_4,0.0
2030,sc01,04-05 16:00:00+02:00,123_STEAM_3,0.0
2030,sc01,04-05 16:00:00+02:00,118_CC_1,0.9295256772604708
2030,sc01,04-05 16:00:00+02:00,123_CT_1,0.0
2030,sc01,04-05 16:00:00+02:00,101_STEAM_3,0.0
2030,sc01,04-05 16:00:00+02:00,102_CT_1,0.0
2030,sc01,04-05 16:00:00+02:00,113_CT_2,0.0
2030,sc01,04-05 16:00:00+02:00,115_STEAM_2,0.0
2030,sc01,04-06 09:00:00+02:00,121_NUCLEAR_1,0.08644346424236747
2030,sc01,04-06 09:00:00+02:00,113_CT_4,0.0
2030,sc01,04-06 09:00:00+02:00,115_STEAM_3,0.27368777860924265
2030,sc01,04-06 09:00:00+02:00,102_STEAM_4,0.0
2030,sc01,04-06 09:00:00+02:00,113_CT_1,0.0
2030,sc01,04-06 09:00:00+02:00,107_CC_1,0.0
2030,sc01,04-06 09:00:00+02:00,102_CT_2,0.0
2030,sc01,04-06 09:00:00+02:00,101_CT_1,0.0
2030,sc01,04-06 09:00:00+02:00,102_STEAM_3,0.0
2030,sc01,04-06 09:00:00+02:00,115_STEAM_1,0.0
2030,sc01,04-06 09:00:00+02:00,113_CT_3,0.0
2030,sc01,04-06 09:00:00+02:00,123_CT_5,0.0
2030,sc01,04-06 09:00:00+02:00,116_STEAM_1,0.0
2030,sc01,04-06 09:00:00+02:00,123_STEAM_2,0.0
2030,sc01,04-06 09:00:00+02:00,101_CT_2,0.0
2030,sc01,04-06 09:00:00+02:00,123_CT_4,0.0
2030,sc01,04-06 09:00:00+02:00,101_STEAM_4,0.0
2030,sc01,04-06 09:00:00+02:00,123_STEAM_3,0.0
2030,sc01,04-06 09:00:00+02:00,118_CC_1,0.0
2030,sc01,04-06 09:00:00+02:00,123_CT_1,0.0
2030,sc01,04-06 09:00:00+02:00,101_STEAM_3,0.0
2030,sc01,04-06 09:00:00+02:00,102_CT_1,0.0
2030,sc01,04-06 09:00:00+02:00,113_CT_2,0.0
2030,sc01,04-06 09:00:00+02:00,115_STEAM_2,0.0
2030,sc01,04-08 07:00:00+02:00,121_NUCLEAR_1,0.5393810908041131
2030,sc01,04-08 07:00:00+02:00,113_CT_4,0.0
2030,sc01,04-08 07:00:00+02:00,115_STEAM_3,0.0
2030,sc01,04-08 07:00:00+02:00,102_STEAM_4,0.0
2030,sc01,04-08 07:00:00+02:00,113_CT_1,0.0
2030,sc01,04-08 07:00:00+02:00,107_CC_1,0.0
2030,sc01,04-08 07:00:00+02:00,102_CT_2,0.0
2030,sc01,04-08 07:00:00+02:00,101_CT_1,0.0
2030,sc01,04-08 07:00:00+02:00,102_STEAM_3,0.0
2030,sc01,04-08 07:00:00+02:00,115_STEAM_1,0.0
2030,sc01,04-08 07:00:00+02:00,113_CT_3,0.0
2030,sc01,04-08 07:00:00+02:00,123_CT_5,0.0
2030,sc01,04-08 07:00:00+02:00,116_STEAM_1,0.0
2030,sc01,04-08 07:00:00+02:00,123_STEAM_2,0.0
2030,sc01,04-08 07:00:00+02:00,101_CT_2,0.0
2030,sc01,04-08 07:00:00+02:00,123_CT_4,0.0
2030,sc01,04-08 07:00:00+02:00,101_STEAM_4,0.0
2030,sc01,04-08 07:00:00+02:00,123_STEAM_3,0.0
2030,sc01,04-08 07:00:00+02:00,118_CC_1,1.0
2030,sc01,04-08 07:00:00+02:00,123_CT_1,0.0
2030,sc01,04-08 07:00:00+02:00,101_STEAM_3,0.0
2030,sc01,04-08 07:00:00+02:00,102_CT_1,0.0
2030,sc01,04-08 07:00:00+02:00,113_CT_2,0.0
2030,sc01,04-08 07:00:00+02:00,115_STEAM_2,0.0
2030,sc01,04-10 06:00:00+02:00,121_NUCLEAR_1,0.0
2030,sc01,04-10 06:00:00+02:00,113_CT_4,0.0
2030,sc01,04-10 06:00:00+02:00,115_STEAM_3,0.0
2030,sc01,04-10 06:00:00+02:00,102_STEAM_4,0.0
2030,sc01,04-10 06:00:00+02:00,113_CT_1,0.0
2030,sc01,04-10 06:00:00+02:00,107_CC_1,0.014406882389393139
2030,sc01,04-10 06:00:00+02:00,102_CT_2,0.0
2030,sc01,04-10 06:00:00+02:00,101_CT_1,0.0
2030,sc01,04-10 06:00:00+02:00,102_STEAM_3,0.0
2030,sc01,04-10 06:00:00+02:00,115_STEAM_1,0.0
2030,sc01,04-10 06:00:00+02:00,113_CT_3,0.0
2030,sc01,04-10 06:00:00+02:00,123_CT_5,0.0
2030,sc01,04-10 06:00:00+02:00,116_STEAM_1,0.0
2030,sc01,04-10 06:00:00+02:00,123_STEAM_2,0.0
2030,sc01,04-10 06:00:00+02:00,101_CT_2,0.0
2030,sc01,04-10 06:00:00+02:00,123_CT_4,0.0
2030,sc01,04-10 06:00:00+02:00,101_STEAM_4,0.0
2030,sc01,04-10 06:00:00+02:00,123_STEAM_3,0.0
2030,sc01,04-10 06:00:00+02:00,118_CC_1,0.0
2030,sc01,04-10 06:00:00+02:00,123_CT_1,0.0
2030,sc01,04-10 06:00:00+02:00,101_STEAM_3,0.0
2030,sc01,04-10 06:00:00+02:00,102_CT_1,0.0
2030,sc01,04-10 06:00:00+02:00,113_CT_2,0.0
2030,sc01,04-10 06:00:00+02:00,115_STEAM_2,0.0
2030,sc01,04-14 18:00:00+02:00,121_NUCLEAR_1,0.4550878804698768
2030,sc01,04-14 18:00:00+02:00,113_CT_4,0.0
2030,sc01,04-14 18:00:00+02:00,115_STEAM_3,1.0
2030,sc01,04-14 18:00:00+02:00,102_STEAM_4,0.0
2030,sc01,04-14 18:00:00+02:00,113_CT_1,0.0
2030,sc01,04-14 18:00:00+02:00,107_CC_1,0.24560609151780277
2030,sc01,04-14 18:00:00+02:00,102_CT_2,0.0
2030,sc01,04-14 18:00:00+02:00,101_CT_1,0.0
2030,sc01,04-14 18:00:00+02:00,102_STEAM_3,0.0
2030,sc01,04-14 18:00:00+02:00,115_STEAM_1,0.0
2030,sc01,04-14 18:00:00+02:00,113_CT_3,0.0
2030,sc01,04-14 18:00:00+02:00,123_CT_5,0.0
2030,sc01,04-14 18:00:00+02:00,116_STEAM_1,0.0
2030,sc01,04-14 18:00:00+02:00,123_STEAM_2,0.0
2030,sc01,04-14 18:00:00+02:00,101_CT_2,0.0
2030,sc01,04-14 18:00:00+02:00,123_CT_4,0.0
2030,sc01,04-14 18:00:00+02:00,101_STEAM_4,1.0
2030,sc01,04-14 18:00:00+02:00,123_STEAM_3,0.0
2030,sc01,04-14 18:00:00+02:00,118_CC_1,0.2647513711157377
2030,sc01,04-14 18:00:00+02:00,123_CT_1,0.0
2030,sc01,04-14 18:00:00+02:00,101_STEAM_3,1.0
2030,sc01,04-14 18:00:00+02:00,102_CT_1,0.0
2030,sc01,04-14 18:00:00+02:00,113_CT_2,0.0
2030,sc01,04-14 18:00:00+02:00,115_STEAM_2,0.0
2030,sc01,04-17 19:00:00+02:00,121_NUCLEAR_1,0.5449121195301232
2030,sc01,04-17 19:00:00+02:00,113_CT_4,0.0
2030,sc01,04-17 19:00:00+02:00,115_STEAM_3,0.0
2030,sc01,04-17 19:00:00+02:00,102_STEAM_4,0.0
2030,sc01,04-17 19:00:00+02:00,113_CT_1,0.0
2030,sc01,04-17 19:00:00+02:00,107_CC_1,0.7399870260928041
2030,sc01,04-17 19:00:00+02:00,102_CT_2,0.0
2030,sc01,04-17 19:00:00+02:00,101_CT_1,0.0
2030,sc01,04-17 19:00:00+02:00,102_STEAM_3,0.0
2030,sc01,04-17 19:00:00+02:00,115_STEAM_1,0.0
2030,sc01,04-17 19:00:00+02:00,113_CT_3,0.0
2030,sc01,04-17 19:00:00+02:00,123_CT_5,0.0
2030,sc01,04-17 19:00:00+02:00,116_STEAM_1,0.0
2030,sc01,04-17 19:00:00+02:00,123_STEAM_2,0.0
2030,sc01,04-17 19:00:00+02:00,101_CT_2,0.0
2030,sc01,04-17 19:00:00+02:00,123_CT_4,0.0
2030,sc01,04-17 19:00:00+02:00,101_STEAM_4,0.0
2030,sc01,04-17 19:00:00+02:00,123_STEAM_3,0.0
2030,sc01,04-17 19:00:00+02:00,118_CC_1,0.0
2030,sc01,04-17 19:00:00+02:00,123_CT_1,0.0
2030,sc01,04-17 19:00:00+02:00,101_STEAM_3,0.0
2030,sc01,04-17 19:00:00+02:00,102_CT_1,0.0
2030,sc01,04-17 19:00:00+02:00,113_CT_2,0.0
2030,sc01,04-17 19:00:00+02:00,115_STEAM_2,0.0
2030,sc01,04-18 19:00:00+02:00,121_NUCLEAR_1,0.0
2030,sc01,04-18 19:00:00+02:00,113_CT_4,0.0
2030,sc01,04-18 19:00:00+02:00,115_STEAM_3,0.0
2030,sc01,04-18 19:00:00+02:00,102_STEAM_4,0.0
2030,sc01,04-18 19:00:00+02:00,113_CT_1,0.0
2030,sc01,04-18 19:00:00+02:00,107_CC_1,0.0
2030,sc01,04-18 19:00:00+02:00,102_CT_2,0.0
2030,sc01,04-18 19:00:00+02:00,101_CT_1,0.0
2030,sc01,04-18 19:00:00+02:00,102_STEAM_3,0.0
2030,sc01,04-18 19:00:00+02:00,115_STEAM_1,0.0
2030,sc01,04-18 19:00:00+02:00,113_CT_3,0.0
2030,sc01,04-18 19:00:00+02:00,123_CT_5,0.0
2030,sc01,04-18 19:00:00+02:00,116_STEAM_1,0.0
2030,sc01,04-18 19:00:00+02:00,123_STEAM_2,0.0
2030,sc01,04-18 19:00:00+02:00,101_CT_2,0.0
2030,sc01,04-18 19:00:00+02:00,123_CT_4,0.0
2030,sc01,04-18 19:00:00+02:00,101_STEAM_4,1.0
2030,sc01,04-18 19:00:00+02:00,123_STEAM_3,0.0
2030,sc01,04-18 19:00:00+02:00,118_CC_1,0.0
2030,sc01,04-18 19:00:00+02:00,123_CT_1,0.0
2030,sc01,04-18 19:00:00+02:00,101_STEAM_3,0.5327617649790973
2030,sc01,04-18 19:00:00+02:00,102_CT_1,0.0
2030,sc01,04-18 19:00:00+02:00,113_CT_2,0.0
2030,sc01,04-18 19:00:00+02:00,115_STEAM_2,0.0
2030,sc01,04-26 00:00:00+02:00,121_NUCLEAR_1,1.0
2030,sc01,04-26 00:00:00+02:00,113_CT_4,0.0
2030,sc01,04-26 00:00:00+02:00,115_STEAM_3,1.0
2030,sc01,04-26 00:00:00+02:00,102_STEAM_4,0.0
2030,sc01,04-26 00:00:00+02:00,113_CT_1,0.0
2030,sc01,04-26 00:00:00+02:00,107_CC_1,1.0
2030,sc01,04-26 00:00:00+02:00,102_CT_2,0.0
2030,sc01,04-26 00:00:00+02:00,101_CT_1,0.0
2030,sc01,04-26 00:00:00+02:00,102_STEAM_3,0.0
2030,sc01,04-26 00:00:00+02:00,115_STEAM_1,0.0
2030,sc01,04-26 00:00:00+02:00,113_CT_3,0.0
2030,sc01,04-26 00:00:00+02:00,123_CT_5,0.0
2030,sc01,04-26 00:00:00+02:00,116_STEAM_1,0.0
2030,sc01,04-26 00:00:00+02:00,123_STEAM_2,0.0
2030,sc01,04-26 00:00:00+02:00,101_CT_2,0.0
2030,sc01,04-26 00:00:00+02:00,123_CT_4,0.0
2030,sc01,04-26 00:00:00+02:00,101_STEAM_4,0.0
2030,sc01,04-26 00:00:00+02:00,123_STEAM_3,0.0
2030,sc01,04-26 00:00:00+02:00,118_CC_1,1.0
2030,sc01,04-26 00:00:00+02:00,123_CT_1,0.0
2030,sc01,04-26 00:00:00+02:00,101_STEAM_3,0.46723823502090267
2030,sc01,04-26 00:00:00+02:00,102_CT_1,0.0
2030,sc01,04-26 00:00:00+02:00,113_CT_2,0.0
2030,sc01,04-26 00:00:00+02:00,115_STEAM_2,0.0
2030,sc01,04-26 19:00:00+02:00,121_NUCLEAR_1,0.0
2030,sc01,04-26 19:00:00+02:00,113_CT_4,0.0
2030,sc01,04-26 19:00:00+02:00,115_STEAM_3,0.0
2030,sc01,04-26 19:00:00+02:00,102_STEAM_4,0.0
2030,sc01,04-26 19:00:00+02:00,113_CT_1,0.0
2030,sc01,04-26 19:00:00+02:00,107_CC_1,0.0
2030,sc01,04-26 19:00:00+02:00,102_CT_2,0.0
2030,sc01,04-26 19:00:00+02:00,101_CT_1,0.0
2030,sc01,04-26 19:00:00+02:00,102_STEAM_3,0.0
2030,sc01,04-26 19:00:00+02:00,115_STEAM_1,0.0
2030,sc01,04-26 19:00:00+02:00,113_CT_3,0.0
2030,sc01,04-26 19:00:00+02:00,123_CT_5,0.0
2030,sc01,04-26 19:00:00+02:00,116_STEAM_1,0.0
2030,sc01,04-26 19:00:00+02:00,123_STEAM_2,0.0
2030,sc01,04-26 19:00:00+02:00,101_CT_2,0.0
2030,sc01,04-26 19:00:00+02:00,123_CT_4,0.0
2030,sc01,04-26 19:00:00+02:00,101_STEAM_4,0.0
2030,sc01,04-26 19:00:00+02:00,123_STEAM_3,0.0
2030,sc01,04-26 19:00:00+02:00,118_CC_1,0.0
2030,sc01,04-26 19:00:00+02:00,123_CT_1,0.0
2030,sc01,04-26 19:00:00+02:00,101_STEAM_3,0.0
2030,sc01,04-26 19:00:00+02:00,102_CT_1,0.0
2030,sc01,04-26 19:00:00+02:00,113_CT_2,0.0
2030,sc01,04-26 19:00:00+02:00,115_STEAM_2,0.0
2030,sc01,05-01 18:00:00+02:00,121_NUCLEAR_1,1.0
2030,sc01,05-01 18:00:00+02:00,113_CT_4,0.0
2030,sc01,05-01 18:00:00+02:00,115_STEAM_3,1.0
2030,sc01,05-01 18:00:00+02:00,102_STEAM_4,0.0
2030,sc01,05-01 18:00:00+02:00,113_CT_1,0.0
2030,sc01,05-01 18:00:00+02:00,107_CC_1,1.0
2030,sc01,05-01 18:00:00+02:00,102_CT_2,0.0
2030,sc01,05-01 18:00:00+02:00,101_CT_1,0.0
2030,sc01,05-01 18:00:00+02:00,102_STEAM_3,0.0
2030,sc01,05-01 18:00:00+02:00,115_STEAM_1,0.0
2030,sc01,05-01 18:00:00+02:00,113_CT_3,0.0
2030,sc01,05-01 18:00:00+02:00,123_CT_5,0.0
2030,sc01,05-01 18:00:00+02:00,116_STEAM_1,0.0
2030,sc01,05-01 18:00:00+02:00,123_STEAM_2,0.0
2030,sc01,05-01 18:00:00+02:00,101_CT_2,0.0
2030,sc01,05-01 18:00:00+02:00,123_CT_4,0.0
2030,sc01,05-01 18:00:00+02:00,101_STEAM_4,0.0
2030,sc01,05-01 18:00:00+02:00,123_STEAM_3,0.0
2030,sc01,05-01 18:00:00+02:00,118_CC_1,1.0
2030,sc01,05-01 18:00:00+02:00,123_CT_1,0.0
2030,sc01,05-01 18:00:00+02:00,101_STEAM_3,0.0
2030,sc01,05-01 18:00:00+02:00,102_CT_1,0.0
2030,sc01,05-01 18:00:00+02:00,113_CT_2,0.0
2030,sc01,05-01 18:00:00+02:00,115_STEAM_2,0.0
2030,sc01,05-10 19:00:00+02:00,121_NUCLEAR_1,0.0
2030,sc01,05-10 19:00:00+02:00,113_CT_4,0.0
2030,sc01,05-10 19:00:00+02:00,115_STEAM_3,0.0
2030,sc01,05-10 19:00:00+02:00,102_STEAM_4,0.0
2030,sc01,05-10 19:00:00+02:00,113_CT_1,0.0
2030,sc01,05-10 19:00:00+02:00,107_CC_1,0.0
2030,sc01,05-10 19:00:00+02:00,102_CT_2,0.0
2030,sc01,05-10 19:00:00+02:00,101_CT_1,0.0
2030,sc01,05-10 19:00:00+02:00,102_STEAM_3,0.0
2030,sc01,05-10 19:00:00+02:00,115_STEAM_1,0.0
2030,sc01,05-10 19:00:00+02:00,113_CT_3,0.0
2030,sc01,05-10 19:00:00+02:00,123_CT_5,0.0
2030,sc01,05-10 19:00:00+02:00,116_STEAM_1,0.0
2030,sc01,05-10 19:00:00+02:00,123_STEAM_2,0.0
2030,sc01,05-10 19:00:00+02:00,101_CT_2,0.0
2030,sc01,05-10 19:00:00+02:00,123_CT_4,0.0
2030,sc01,05-10 19:00:00+02:00,101_STEAM_4,0.0
2030,sc01,05-10 19:00:00+02:00,123_STEAM_3,0.0
2030,sc01,05-10 19:00:00+02:00,118_CC_1,0.0
2030,sc01,05-10 19:00:00+02:00,123_CT_1,0.0
2030,sc01,05-10 19:00:00+02:00,101_STEAM_3,0.0
2030,sc01,05-10 19:00:00+02:00,102_CT_1,0.0
2030,sc01,05-10 19:00:00+02:00,113_CT_2,0.0
2030,sc01,05-10 19:00:00+02:00,115_STEAM_2,0.0
2030,sc01,05-15 09:00:00+02:00,121_NUCLEAR_1,0.341530815111354
2030,sc01,05-15 09:00:00+02:00,113_CT_4,0.0
2030,sc01,05-15 09:00:00+02:00,115_STEAM_3,1.0
2030,sc01,05-15 09:00:00+02:00,102_STEAM_4,0.0
2030,sc01,05-15 09:00:00+02:00,113_CT_1,0.0
2030,sc01,05-15 09:00:00+02:00,107_CC_1,1.0
2030,sc01,05-15 09:00:00+02:00,102_CT_2,0.0
2030,sc01,05-15 09:00:00+02:00,101_CT_1,0.0
2030,sc01,05-15 09:00:00+02:00,102_STEAM_3,0.0
2030,sc01,05-15 09:00:00+02:00,115_STEAM_1,0.0
2030,sc01,05-15 09:00:00+02:00,113_CT_3,0.0
2030,sc01,05-15 09:00:00+02:00,123_CT_5,0.0
2030,sc01,05-15 09:00:00+02:00,116_STEAM_1,0.0
2030,sc01,05-15 09:00:00+02:00,123_STEAM_2,0.0
2030,sc01,05-15 09:00:00+02:00,101_CT_2,0.0
2030,sc01,05-15 09:00:00+02:00,123_CT_4,0.0
2030,sc01,05-15 09:00:00+02:00,101_STEAM_4,0.0
2030,sc01,05-15 09:00:00+02:00,123_STEAM_3,0.0
2030,sc01,05-15 09:00:00+02:00,118_CC_1,0.0
2030,sc01,05-15 09:00:00+02:00,123_CT_1,0.0
2030,sc01,05-15 09:00:00+02:00,101_STEAM_3,0.0
2030,sc01,05-15 09:00:00+02:00,102_CT_1,0.0
2030,sc01,05-15 09:00:00+02:00,113_CT_2,0.0
2030,sc01,05-15 09:00:00+02:00,115_STEAM_2,0.0
2030,sc01,05-27 06:00:00+02:00,121_NUCLEAR_1,1.0
2030,sc01,05-27 06:00:00+02:00,113_CT_4,0.0
2030,sc01,05-27 06:00:00+02:00,115_STEAM_3,0.02533101063528176
2030,sc01,05-27 06:00:00+02:00,102_STEAM_4,0.0
2030,sc01,05-27 06:00:00+02:00,113_CT_1,0.0
2030,sc01,05-27 06:00:00+02:00,107_CC_1,0.0
2030,sc01,05-27 06:00:00+02:00,102_CT_2,0.0
2030,sc01,05-27 06:00:00+02:00,101_CT_1,0.0
2030,sc01,05-27 06:00:00+02:00,102_STEAM_3,0.0
2030,sc01,05-27 06:00:00+02:00,115_STEAM_1,0.0
2030,sc01,05-27 06:00:00+02:00,113_CT_3,0.0
2030,sc01,05-27 06:00:00+02:00,123_CT_5,0.0
2030,sc01,05-27 06:00:00+02:00,116_STEAM_1,0.0
2030,sc01,05-27 06:00:00+02:00,123_STEAM_2,0.0
2030,sc01,05-27 06:00:00+02:00,101_CT_2,0.0
2030,sc01,05-27 06:00:00+02:00,123_CT_4,0.0
2030,sc01,05-27 06:00:00+02:00,101_STEAM_4,0.0
2030,sc01,05-27 06:00:00+02:00,123_STEAM_3,0.0
2030,sc01,05-27 06:00:00+02:00,118_CC_1,0.0
2030,sc01,05-27 06:00:00+02:00,123_CT_1,0.0
2030,sc01,05-27 06:00:00+02:00,101_STEAM_3,0.0
2030,sc01,05-27 06:00:00+02:00,102_CT_1,0.0
2030,sc01,05-27 06:00:00+02:00,113_CT_2,0.0
2030,sc01,05-27 06:00:00+02:00,115_STEAM_2,0.0
2030,sc01,06-03 08:00:00+02:00,121_NUCLEAR_1,0.0
2030,sc01,06-03 08:00:00+02:00,113_CT_4,0.0
2030,sc01,06-03 08:00:00+02:00,115_STEAM_3,1.0
2030,sc01,06-03 08:00:00+02:00,102_STEAM_4,0.0
2030,sc01,06-03 08:00:00+02:00,113_CT_1,0.0
2030,sc01,06-03 08:00:00+02:00,107_CC_1,0.8304451789648359
2030,sc01,06-03 08:00:00+02:00,102_CT_2,0.0
2030,sc01,06-03 08:00:00+02:00,101_CT_1,0.0
2030,sc01,06-03 08:00:00+02:00,102_STEAM_3,0.0
2030,sc01,06-03 08:00:00+02:00,115_STEAM_1,0.0
2030,sc01,06-03 08:00:00+02:00,113_CT_3,0.0
2030,sc01,06-03 08:00:00+02:00,123_CT_5,0.0
2030,sc01,06-03 08:00:00+02:00,116_STEAM_1,0.0
2030,sc01,06-03 08:00:00+02:00,123_STEAM_2,0.0
2030,sc01,06-03 08:00:00+02:00,101_CT_2,0.0
2030,sc01,06-03 08:00:00+02:00,123_CT_4,0.0
2030,sc01,06-03 08:00:00+02:00,101_STEAM_4,0.0
2030,sc01,06-03 08:00:00+02:00,123_STEAM_3,0.0
2030,sc01,06-03 08:00:00+02:00,118_CC_1,0.0
2030,sc01,06-03 08:00:00+02:00,123_CT_1,0.0
2030,sc01,06-03 08:00:00+02:00,101_STEAM_3,0.0
2030,sc01,06-03 08:00:00+02:00,102_CT_1,0.0
2030,sc01,06-03 08:00:00+02:00,113_CT_2,0.0
2030,sc01,06-03 08:00:00+02:00,115_STEAM_2,0.0
2030,sc01,06-13 08:00:00+02:00,121_NUCLEAR_1,0.6637456951645317
2030,sc01,06-13 08:00:00+02:00,113_CT_4,0.0
2030,sc01,06-13 08:00:00+02:00,115_STEAM_3,0.0
2030,sc01,06-13 08:00:00+02:00,102_STEAM_4,0.0
2030,sc01,06-13 08:00:00+02:00,113_CT_1,0.0
2030,sc01,06-13 08:00:00+02:00,107_CC_1,0.005290117467537786
2030,sc01,06-13 08:00:00+02:00,102_CT_2,0.0
2030,sc01,06-13 08:00:00+02:00,101_CT_1,0.0
2030,sc01,06-13 08:00:00+02:00,102_STEAM_3,0.0
2030,sc01,06-13 08:00:00+02:00,115_STEAM_1,0.0
2030,sc01,06-13 08:00:00+02:00,113_CT_3,0.0
2030,sc01,06-13 08:00:00+02:00,123_CT_5,0.0
2030,sc01,06-13 08:00:00+02:00,116_STEAM_1,0.0
2030,sc01,06-13 08:00:00+02:00,123_STEAM_2,0.0
2030,sc01,06-13 08:00:00+02:00,101_CT_2,0.0
2030,sc01,06-13 08:00:00+02:00,123_CT_4,0.0
2030,sc01,06-13 08:00:00+02:00,101_STEAM_4,0.0
2030,sc01,06-13 08:00:00+02:00,123_STEAM_3,0.0
2030,sc01,06-13 08:00:00+02:00,118_CC_1,0.0
2030,sc01,06-13 08:00:00+02:00,123_CT_1,0.0
2030,sc01,06-13 08:00:00+02:00,101_STEAM_3,0.0
2030,sc01,06-13 08:00:00+02:00,102_CT_1,0.0
2030,sc01,06-13 08:00:00+02:00,113_CT_2,0.0
2030,sc01,06-13 08:00:00+02:00,115_STEAM_2,0.0
2030,sc01,06-14 06:00:00+02:00,121_NUCLEAR_1,0.3342529567556808
2030,sc01,06-14 06:00:00+02:00,113_CT_4,0.0
2030,sc01,06-14 06:00:00+02:00,115_STEAM_3,0.0
2030,sc01,06-14 06:00:00+02:00,102_STEAM_4,0.0
2030,sc01,06-14 06:00:00+02:00,113_CT_1,0.0
2030,sc01,06-14 06:00:00+02:00,107_CC_1,0.10189797737696205
2030,sc01,06-14 06:00:00+02:00,102_CT_2,0.0
2030,sc01,06-14 06:00:00+02:00,101_CT_1,0.0
2030,sc01,06-14 06:00:00+02:00,102_STEAM_3,0.0
2030,sc01,06-14 06:00:00+02:00,115_STEAM_1,0.0
2030,sc01,06-14 06:00:00+02:00,113_CT_3,0.0
2030,sc01,06-14 06:00:00+02:00,123_CT_5,0.0
2030,sc01,06-14 06:00:00+02:00,116_STEAM_1,0.0
2030,sc01,06-14 06:00:00+02:00,123_STEAM_2,0.0
2030,sc01,06-14 06:00:00+02:00,101_CT_2,0.0
2030,sc01,06-14 06:00:00+02:00,123_CT_4,0.0
2030,sc01,06-14 06:00:00+02:00,101_STEAM_4,0.0
2030,sc01,06-14 06:00:00+02:00,123_STEAM_3,0.0
2030,sc01,06-14 06:00:00+02:00,118_CC_1,0.0
2030,sc01,06-14 06:00:00+02:00,123_CT_1,0.0
2030,sc01,06-14 06:00:00+02:00,101_STEAM_3,0.0
2030,sc01,06-14 06:00:00+02:00,102_CT_1,0.0
2030,sc01,06-14 06:00:00+02:00,113_CT_2,0.0
2030,sc01,06-14 06:00:00+02:00,115_STEAM_2,0.0
2030,sc01,06-14 14:00:00+02:00,121_NUCLEAR_1,1.0
2030,sc01,06-14 14:00:00+02:00,113_CT_4,0.0
2030,sc01,06-14 14:00:00+02:00,115_STEAM_3,1.0
2030,sc01,06-14 14:00:00+02:00,102_STEAM_4,0.0
2030,sc01,06-14 14:00:00+02:00,113_CT_1,0.0
2030,sc01,06-14 14:00:00+02:00,107_CC_1,1.0
2030,sc01,06-14 14:00:00+02:00,102_CT_2,0.0
2030,sc01,06-14 14:00:00+02:00,101_CT_1,0.0
2030,sc01,06-14 14:00:00+02:00,102_STEAM_3,0.0
2030,sc01,06-14 14:00:00+02:00,115_STEAM_1,0.0
2030,sc01,06-14 14:00:00+02:00,113_CT_3,0.0
2030,sc01,06-14 14:00:00+02:00,123_CT_5,0.0
2030,sc01,06-14 14:00:00+02:00,116_STEAM_1,0.0
2030,sc01,06-14 14:00:00+02:00,123_STEAM_2,0.0
2030,sc01,06-14 14:00:00+02:00,101_CT_2,0.0
2030,sc01,06-14 14:00:00+02:00,123_CT_4,0.0
2030,sc01,06-14 14:00:00+02:00,101_STEAM_4,0.0
2030,sc01,06-14 14:00:00+02:00,123_STEAM_3,0.0
2030,sc01,06-14 14:00:00+02:00,118_CC_1,1.0
2030,sc01,06-14 14:00:00+02:00,123_CT_1,0.0
2030,sc01,06-14 14:00:00+02:00,101_STEAM_3,0.0
2030,sc01,06-14 14:00:00+02:00,102_CT_1,0.0
2030,sc01,06-14 14:00:00+02:00,113_CT_2,0.0
2030,sc01,06-14 14:00:00+02:00,115_STEAM_2,0.0
2030,sc01,06-19 11:00:00+02:00,121_NUCLEAR_1,0.20666273331923737
2030,sc01,06-19 11:00:00+02:00,113_CT_4,0.0
2030,sc01,06-19 11:00:00+02:00,115_STEAM_3,0.0
2030,sc01,06-19 11:00:00+02:00,102_STEAM_4,0.0
2030,sc01,06-19 11:00:00+02:00,113_CT_1,0.0
2030,sc01,06-19 11:00:00+02:00,107_CC_1,0.5215340129813243
2030,sc01,06-19 11:00:00+02:00,102_CT_2,0.0
2030,sc01,06-19 11:00:00+02:00,101_CT_1,0.0
2030,sc01,06-19 11:00:00+02:00,102_STEAM_3,0.0
2030,sc01,06-19 11:00:00+02:00,115_STEAM_1,0.0
2030,sc01,06-19 11:00:00+02:00,113_CT_3,0.0
2030,sc01,06-19 11:00:00+02:00,123_CT_5,0.0
2030,sc01,06-19 11:00:00+02:00,116_STEAM_1,0.0
2030,sc01,06-19 11:00:00+02:00,123_STEAM_2,0.0
2030,sc01,06-19 11:00:00+02:00,101_CT_2,0.0
2030,sc01,06-19 11:00:00+02:00,123_CT_4,0.0
2030,sc01,06-19 11:00:00+02:00,101_STEAM_4,0.0
2030,sc01,06-19 11:00:00+02:00,123_STEAM_3,0.0
2030,sc01,06-19 11:00:00+02:00,118_CC_1,0.0
2030,sc01,06-19 11:00:00+02:00,123_CT_1,0.0
2030,sc01,06-19 11:00:00+02:00,101_STEAM_3,0.0
2030,sc01,06-19 11:00:00+02:00,102_CT_1,0.0
2030,sc01,06-19 11:00:00+02:00,113_CT_2,0.0
2030,sc01,06-19 11:00:00+02:00,115_STEAM_2,0.0
2030,sc01,06-19 19:00:00+02:00,121_NUCLEAR_1,0.0
2030,sc01,06-19 19:00:00+02:00,113_CT_4,0.0
2030,sc01,06-19 19:00:00+02:00,115_STEAM_3,0.0
2030,sc01,06-19 19:00:00+02:00,102_STEAM_4,0.0
2030,sc01,06-19 19:00:00+02:00,113_CT_1,0.0
2030,sc01,06-19 19:00:00+02:00,107_CC_1,0.4784659870186757
2030,sc01,06-19 19:00:00+02:00,102_CT_2,0.0
2030,sc01,06-19 19:00:00+02:00,101_CT_1,0.0
2030,sc01,06-19 19:00:00+02:00,102_STEAM_3,0.0
2030,sc01,06-19 19:00:00+02:00,115_STEAM_1,0.0
2030,sc01,06-19 19:00:00+02:00,113_CT_3,0.0
2030,sc01,06-19 19:00:00+02:00,123_CT_5,0.0
2030,sc01,06-19 19:00:00+02:00,116_STEAM_1,0.0
2030,sc01,06-19 19:00:00+02:00,123_STEAM_2,0.0
2030,sc01,06-19 19:00:00+02:00,101_CT_2,0.0
2030,sc01,06-19 19:00:00+02:00,123_CT_4,0.0
2030,sc01,06-19 19:00:00+02:00,101_STEAM_4,0.0
2030,sc01,06-19 19:00:00+02:00,123_STEAM_3,0.0
2030,sc01,06-19 19:00:00+02:00,118_CC_1,0.0
2030,sc01,06-19 19:00:00+02:00,123_CT_1,0.0
2030,sc01,06-19 19:00:00+02:00,101_STEAM_3,0.0
2030,sc01,06-19 19:00:00+02:00,102_CT_1,0.0
2030,sc01,06-19 19:00:00+02:00,113_CT_2,0.0
2030,sc01,06-19 19:00:00+02:00,115_STEAM_2,0.0
2030,sc01,06-20 04:00:00+02:00,121_NUCLEAR_1,0.0
2030,sc01,06-20 04:00:00+02:00,113_CT_4,0.0
2030,sc01,06-20 04:00:00+02:00,115_STEAM_3,1.0
2030,sc01,06-20 04:00:00+02:00,102_STEAM_4,0.0
2030,sc01,06-20 04:00:00+02:00,113_CT_1,0.0
2030,sc01,06-20 04:00:00+02:00,107_CC_1,1.0
2030,sc01,06-20 04:00:00+02:00,102_CT_2,0.0
2030,sc01,06-20 04:00:00+02:00,101_CT_1,0.0
2030,sc01,06-20 04:00:00+02:00,102_STEAM_3,0.0
2030,sc01,06-20 04:00:00+02:00,115_STEAM_1,0.0
2030,sc01,06-20 04:00:00+02:00,113_CT_3,0.0
2030,sc01,06-20 04:00:00+02:00,123_CT_5,0.0
2030,sc01,06-20 04:00:00+02:00,116_STEAM_1,0.0
2030,sc01,06-20 04:00:00+02:00,123_STEAM_2,0.0
2030,sc01,06-20 04:00:00+02:00,101_CT_2,0.0
2030,sc01,06-20 04:00:00+02:00,123_CT_4,0.0
2030,sc01,06-20 04:00:00+02:00,101_STEAM_4,0.0
2030,sc01,06-20 04:00:00+02:00,123_STEAM_3,0.0
2030,sc01,06-20 04:00:00+02:00,118_CC_1,0.5031221302721585
2030,sc01,06-20 04:00:00+02:00,123_CT_1,0.0
2030,sc01,06-20 04:00:00+02:00,101_STEAM_3,0.0
2030,sc01,06-20 04:00:00+02:00,102_CT_1,0.0
2030,sc01,06-20 04:00:00+02:00,113_CT_2,0.0
2030,sc01,06-20 04:00:00+02:00,115_STEAM_2,0.0
2030,sc01,06-28 05:00:00+02:00,121_NUCLEAR_1,0.0
2030,sc01,06-28 05:00:00+02:00,113_CT_4,0.0
2030,sc01,06-28 05:00:00+02:00,115_STEAM_3,0.38366242516081395
2030,sc01,06-28 05:00:00+02:00,102_STEAM_4,0.0
2030,sc01,06-28 05:00:00+02:00,113_CT_1,0.0
2030,sc01,06-28 05:00:00+02:00,107_CC_1,0.06777212584993542
2030,sc01,06-28 05:00:00+02:00,102_CT_2,0.0
2030,sc01,06-28 05:00:00+02:00,101_CT_1,0.0
2030,sc01,06-28 05:00:00+02:00,102_STEAM_3,0.0
2030,sc01,06-28 05:00:00+02:00,115_STEAM_1,0.0
2030,sc01,06-28 05:00:00+02:00,113_CT_3,0.0
2030,sc01,06-28 05:00:00+02:00,123_CT_5,0.0
2030,sc01,06-28 05:00:00+02:00,116_STEAM_1,0.0
2030,sc01,06-28 05:00:00+02:00,123_STEAM_2,0.0
2030,sc01,06-28 05:00:00+02:00,101_CT_2,0.0
2030,sc01,06-28 05:00:00+02:00,123_CT_4,0.0
2030,sc01,06-28 05:00:00+02:00,101_STEAM_4,0.0
2030,sc01,06-28 05:00:00+02:00,123_STEAM_3,0.0
2030,sc01,06-28 05:00:00+02:00,118_CC_1,0.0
2030,sc01,06-28 05:00:00+02:00,123_CT_1,0.0
2030,sc01,06-28 05:00:00+02:00,101_STEAM_3,0.0
2030,sc01,06-28 05:00:00+02:00,102_CT_1,0.0
2030,sc01,06-28 05:00:00+02:00,113_CT_2,0.0
2030,sc01,06-28 05:00:00+02:00,115_STEAM_2,0.0
2030,sc01,06-28 20:00:00+02:00,121_NUCLEAR_1,0.0
2030,sc01,06-28 20:00:00+02:00,113_CT_4,0.0
2030,sc01,06-28 20:00:00+02:00,115_STEAM_3,0.0
2030,sc01,06-28 20:00:00+02:00,102_STEAM_4,0.0
2030,sc01,06-28 20:00:00+02:00,113_CT_1,0.0
2030,sc01,06-28 20:00:00+02:00,107_CC_1,0.0
2030,sc01,06-28 20:00:00+02:00,102_CT_2,0.0
2030,sc01,06-28 20:00:00+02:00,101_CT_1,0.0
2030,sc01,06-28 20:00:00+02:00,102_STEAM_3,0.0
2030,sc01,06-28 20:00:00+02:00,115_STEAM_1,0.0
2030,sc01,06-28 20:00:00+02:00,113_CT_3,0.0
2030,sc01,06-28 20:00:00+02:00,123_CT_5,0.0
2030,sc01,06-28 20:00:00+02:00,116_STEAM_1,0.0
2030,sc01,06-28 20:00:00+02:00,123_STEAM_2,0.0
2030,sc01,06-28 20:00:00+02:00,101_CT_2,0.0
2030,sc01,06-28 20:00:00+02:00,123_CT_4,0.0
2030,sc01,06-28 20:00:00+02:00,101_STEAM_4,0.0
2030,sc01,06-28 20:00:00+02:00,123_STEAM_3,0.0
2030,sc01,06-28 20:00:00+02:00,118_CC_1,0.0
2030,sc01,06-28 20:00:00+02:00,123_CT_1,0.0
2030,sc01,06-28 20:00:00+02:00,101_STEAM_3,0.0
2030,sc01,06-28 20:00:00+02:00,102_CT_1,0.0
2030,sc01,06-28 20:00:00+02:00,113_CT_2,0.0
2030,sc01,06-28 20:00:00+02:00,115_STEAM_2,0.0
2030,sc01,06-30 00:00:00+02:00,121_NUCLEAR_1,1.0
2030,sc01,06-30 00:00:00+02:00,113_CT_4,0.0
2030,sc01,06-30 00:00:00+02:00,115_STEAM_3,1.0
2030,sc01,06-30 00:00:00+02:00,102_STEAM_4,0.0
2030,sc01,06-30 00:00:00+02:00,113_CT_1,0.0
2030,sc01,06-30 00:00:00+02:00,107_CC_1,1.0
2030,sc01,06-30 00:00:00+02:00,102_CT_2,0.0
2030,sc01,06-30 00:00:00+02:00,101_CT_1,0.0
2030,sc01,06-30 00:00:00+02:00,102_STEAM_3,0.0
2030,sc01,06-30 00:00:00+02:00,115_STEAM_1,0.0
2030,sc01,06-30 00:00:00+02:00,113_CT_3,0.0
2030,sc01,06-30 00:00:00+02:00,123_CT_5,0.0
2030,sc01,06-30 00:00:00+02:00,116_STEAM_1,0.0
2030,sc01,06-30 00:00:00+02:00,123_STEAM_2,0.0
2030,sc01,06-30 00:00:00+02:00,101_CT_2,0.0
2030,sc01,06-30 00:00:00+02:00,123_CT_4,0.0
2030,sc01,06-30 00:00:00+02:00,101_STEAM_4,0.0
2030,sc01,06-30 00:00:00+02:00,123_STEAM_3,0.0
2030,sc01,06-30 00:00:00+02:00,118_CC_1,1.0
2030,sc01,06-30 00:00:00+02:00,123_CT_1,0.0
2030,sc01,06-30 00:00:00+02:00,101_STEAM_3,0.0
2030,sc01,06-30 00:00:00+02:00,102_CT_1,0.0
2030,sc01,06-30 00:00:00+02:00,113_CT_2,0.0
2030,sc01,06-30 00:00:00+02:00,115_STEAM_2,0.0
2030,sc01,07-01 20:00:00+02:00,121_NUCLEAR_1,0.6277569374428846
2030,sc01,07-01 20:00:00+02:00,113_CT_4,0.0
2030,sc01,07-01 20:00:00+02:00,115_STEAM_3,0.0
2030,sc01,07-01 20:00:00+02:00,102_STEAM_4,0.0
2030,sc01,07-01 20:00:00+02:00,113_CT_1,0.0
2030,sc01,07-01 20:00:00+02:00,107_CC_1,0.0
2030,sc01,07-01 20:00:00+02:00,102_CT_2,0.0
2030,sc01,07-01 20:00:00+02:00,101_CT_1,0.0
2030,sc01,07-01 20:00:00+02:00,102_STEAM_3,0.0
2030,sc01,07-01 20:00:00+02:00,115_STEAM_1,0.0
2030,sc01,07-01 20:00:00+02:00,113_CT_3,0.0
2030,sc01,07-01 20:00:00+02:00,123_CT_5,0.0
2030,sc01,07-01 20:00:00+02:00,116_STEAM_1,0.0
2030,sc01,07-01 20:00:00+02:00,123_STEAM_2,0.0
2030,sc01,07-01 20:00:00+02:00,101_CT_2,0.0
2030,sc01,07-01 20:00:00+02:00,123_CT_4,0.0
2030,sc01,07-01 20:00:00+02:00,101_STEAM_4,0.0
2030,sc01,07-01 20:00:00+02:00,123_STEAM_3,0.0
2030,sc01,07-01 20:00:00+02:00,118_CC_1,0.0
2030,sc01,07-01 20:00:00+02:00,123_CT_1,0.0
2030,sc01,07-01 20:00:00+02:00,101_STEAM_3,0.0
2030,sc01,07-01 20:00:00+02:00,102_CT_1,0.0
2030,sc01,07-01 20:00:00+02:00,113_CT_2,0.0
2030,sc01,07-01 20:00:00+02:00,115_STEAM_2,0.0
2030,sc01,07-03 06:00:00+02:00,121_NUCLEAR_1,0.3237200958038939
2030,sc01,07-03 06:00:00+02:00,113_CT_4,0.0
2030,sc01,07-03 06:00:00+02:00,115_STEAM_3,0.524323191374597
2030,sc01,07-03 06:00:00+02:00,102_STEAM_4,0.0
2030,sc01,07-03 06:00:00+02:00,113_CT_1,0.0
2030,sc01,07-03 06:00:00+02:00,107_CC_1,0.061375385576985964
2030,sc01,07-03 06:00:00+02:00,102_CT_2,0.0
2030,sc01,07-03 06:00:00+02:00,101_CT_1,0.0
2030,sc01,07-03 06:00:00+02:00,102_STEAM_3,0.0
2030,sc01,07-03 06:00:00+02:00,115_STEAM_1,0.0
2030,sc01,07-03 06:00:00+02:00,113_CT_3,0.0
2030,sc01,07-03 06:00:00+02:00,123_CT_5,0.0
2030,sc01,07-03 06:00:00+02:00,116_STEAM_1,0.0
2030,sc01,07-03 06:00:00+02:00,123_STEAM_2,0.0
2030,sc01,07-03 06:00:00+02:00,101_CT_2,0.0
2030,sc01,07-03 06:00:00+02:00,123_CT_4,0.0
2030,sc01,07-03 06:00:00+02:00,101_STEAM_4,0.0
2030,sc01,07-03 06:00:00+02:00,123_STEAM_3,0.0
2030,sc01,07-03 06:00:00+02:00,118_CC_1,0.0
2030,sc01,07-03 06:00:00+02:00,123_CT_1,0.0
2030,sc01,07-03 06:00:00+02:00,101_STEAM_3,0.0
2030,sc01,07-03 06:00:00+02:00,102_CT_1,0.0
2030,sc01,07-03 06:00:00+02:00,113_CT_2,0.0
2030,sc01,07-03 06:00:00+02:00,115_STEAM_2,0.0
2030,sc01,07-03 17:00:00+02:00,121_NUCLEAR_1,0.04852296675322156
2030,sc01,07-03 17:00:00+02:00,113_CT_4,0.0
2030,sc01,07-03 17:00:00+02:00,115_STEAM_3,0.2698981560425001
2030,sc01,07-03 17:00:00+02:00,102_STEAM_4,0.0
2030,sc01,07-03 17:00:00+02:00,113_CT_1,0.0
2030,sc01,07-03 17:00:00+02:00,107_CC_1,0.9244592729221552
2030,sc01,07-03 17:00:00+02:00,102_CT_2,0.0
2030,sc01,07-03 17:00:00+02:00,101_CT_1,0.0
2030,sc01,07-03 17:00:00+02:00,102_STEAM_3,0.0
2030,sc01,07-03 17:00:00+02:00,115_STEAM_1,0.0
2030,sc01,07-03 17:00:00+02:00,113_CT_3,0.0
2030,sc01,07-03 17:00:00+02:00,123_CT_5,0.0
2030,sc01,07-03 17:00:00+02:00,116_STEAM_1,0.0
2030,sc01,07-03 17:00:00+02:00,123_STEAM_2,0.0
2030,sc01,07-03 17:00:00+02:00,101_CT_2,0.0
2030,sc01,07-03 17:00:00+02:00,123_CT_4,0.0
2030,sc01,07-03 17:00:00+02:00,101_STEAM_4,0.0
2030,sc01,07-03 17:00:00+02:00,123_STEAM_3,0.0
2030,sc01,07-03 17:00:00+02:00,118_CC_1,0.0
2030,sc01,07-03 17:00:00+02:00,123_CT_1,0.0
2030,sc01,07-03 17:00:00+02:00,101_STEAM_3,0.0
2030,sc01,07-03 17:00:00+02:00,102_CT_1,0.0
2030,sc01,07-03 17:00:00+02:00,113_CT_2,0.0
2030,sc01,07-03 17:00:00+02:00,115_STEAM_2,0.0
2030,sc01,07-09 19:00:00+02:00,121_NUCLEAR_1,0.5320363898513093
2030,sc01,07-09 19:00:00+02:00,113_CT_4,0.0
2030,sc01,07-09 19:00:00+02:00,115_STEAM_3,0.6163835654260191
2030,sc01,07-09 19:00:00+02:00,102_STEAM_4,0.0
2030,sc01,07-09 19:00:00+02:00,113_CT_1,0.0
2030,sc01,07-09 19:00:00+02:00,107_CC_1,0.01416534150085875
2030,sc01,07-09 19:00:00+02:00,102_CT_2,0.0
2030,sc01,07-09 19:00:00+02:00,101_CT_1,0.0
2030,sc01,07-09 19:00:00+02:00,102_STEAM_3,0.0
2030,sc01,07-09 19:00:00+02:00,115_STEAM_1,0.0
2030,sc01,07-09 19:00:00+02:00,113_CT_3,0.0
2030,sc01,07-09 19:00:00+02:00,123_CT_5,0.0
2030,sc01,07-09 19:00:00+02:00,116_STEAM_1,0.0
2030,sc01,07-09 19:00:00+02:00,123_STEAM_2,0.0
2030,sc01,07-09 19:00:00+02:00,101_CT_2,0.0
2030,sc01,07-09 19:00:00+02:00,123_CT_4,0.0
2030,sc01,07-09 19:00:00+02:00,101_STEAM_4,0.0
2030,sc01,07-09 19:00:00+02:00,123_STEAM_3,0.0
2030,sc01,07-09 19:00:00+02:00,118_CC_1,0.0
2030,sc01,07-09 19:00:00+02:00,123_CT_1,0.0
2030,sc01,07-09 19:00:00+02:00,101_STEAM_3,0.0
2030,sc01,07-09 19:00:00+02:00,102_CT_1,0.0
2030,sc01,07-09 19:00:00+02:00,113_CT_2,0.0
2030,sc01,07-09 19:00:00+02:00,115_STEAM_2,0.0
2030,sc01,07-11 06:00:00+02:00,121_NUCLEAR_1,0.0
2030,sc01,07-11 06:00:00+02:00,113_CT_4,0.0
2030,sc01,07-11 06:00:00+02:00,115_STEAM_3,1.0
2030,sc01,07-11 06:00:00+02:00,102_STEAM_4,0.0
2030,sc01,07-11 06:00:00+02:00,113_CT_1,0.0
2030,sc01,07-11 06:00:00+02:00,107_CC_1,1.0
2030,sc01,07-11 06:00:00+02:00,102_CT_2,0.0
2030,sc01,07-11 06:00:00+02:00,101_CT_1,0.0
2030,sc01,07-11 06:00:00+02:00,102_STEAM_3,0.0
2030,sc01,07-11 06:00:00+02:00,115_STEAM_1,0.0
2030,sc01,07-11 06:00:00+02:00,113_CT_3,0.0
2030,sc01,07-11 06:00:00+02:00,123_CT_5,0.0
2030,sc01,07-11 06:00:00+02:00,116_STEAM_1,0.0
2030,sc01,07-11 06:00:00+02:00,123_STEAM_2,0.0
2030,sc01,07-11 06:00:00+02:00,101_CT_2,0.0
2030,sc01,07-11 06:00:00+02:00,123_CT_4,0.0
2030,sc01,07-11 06:00:00+02:00,101_STEAM_4,0.0
2030,sc01,07-11 06:00:00+02:00,123_STEAM_3,0.0
2030,sc01,07-11 06:00:00+02:00,118_CC_1,0.0
2030,sc01,07-11 06:00:00+02:00,123_CT_1,0.0
2030,sc01,07-11 06:00:00+02:00,101_STEAM_3,0.0
2030,sc01,07-11 06:00:00+02:00,102_CT_1,0.0
2030,sc01,07-11 06:00:00+02:00,113_CT_2,0.0
2030,sc01,07-11 06:00:00+02:00,115_STEAM_2,0.0
2030,sc01,07-19 12:00:00+02:00,121_NUCLEAR_1,0.0
2030,sc01,07-19 12:00:00+02:00,113_CT_4,0.0
2030,sc01,07-19 12:00:00+02:00,115_STEAM_3,0.0
2030,sc01,07-19 12:00:00+02:00,102_STEAM_4,0.0
2030,sc01,07-19 12:00:00+02:00,113_CT_1,0.0
2030,sc01,07-19 12:00:00+02:00,107_CC_1,0.9097461800109556
2030,sc01,07-19 12:00:00+02:00,102_CT_2,0.0
2030,sc01,07-19 12:00:00+02:00,101_CT_1,0.0
2030,sc01,07-19 12:00:00+02:00,102_STEAM_3,0.0
2030,sc01,07-19 12:00:00+02:00,115_STEAM_1,0.0
2030,sc01,07-19 12:00:00+02:00,113_CT_3,0.0
2030,sc01,07-19 12:00:00+02:00,123_CT_5,0.0
2030,sc01,07-19 12:00:00+02:00,116_STEAM_1,0.0
2030,sc01,07-19 12:00:00+02:00,123_STEAM_2,1.0
2030,sc01,07-19 12:00:00+02:00,101_CT_2,0.0
2030,sc01,07-19 12:00:00+02:00,123_CT_4,0.0
2030,sc01,07-19 12:00:00+02:00,101_STEAM_4,0.0
2030,sc01,07-19 12:00:00+02:00,123_STEAM_3,0.7435167938825432
2030,sc01,07-19 12:00:00+02:00,118_CC_1,1.0
2030,sc01,07-19 12:00:00+02:00,123_CT_1,0.0
2030,sc01,07-19 12:00:00+02:00,101_STEAM_3,0.0
2030,sc01,07-19 12:00:00+02:00,102_CT_1,0.0
2030,sc01,07-19 12:00:00+02:00,113_CT_2,0.0
2030,sc01,07-19 12:00:00+02:00,115_STEAM_2,0.0
2030,sc01,07-25 11:00:00+02:00,121_NUCLEAR_1,1.0
2030,sc01,07-25 11:00:00+02:00,113_CT_4,0.0
2030,sc01,07-25 11:00:00+02:00,115_STEAM_3,0.0
2030,sc01,07-25 11:00:00+02:00,102_STEAM_4,0.0
2030,sc01,07-25 11:00:00+02:00,113_CT_1,0.0
2030,sc01,07-25 11:00:00+02:00,107_CC_1,0.010286193040499674
2030,sc01,07-25 11:00:00+02:00,102_CT_2,0.0
2030,sc01,07-25 11:00:00+02:00,101_CT_1,0.0
2030,sc01,07-25 11:00:00+02:00,102_STEAM_3,0.0
2030,sc01,07-25 11:00:00+02:00,115_STEAM_1,0.0
2030,sc01,07-25 11:00:00+02:00,113_CT_3,0.0
2030,sc01,07-25 11:00:00+02:00,123_CT_5,0.0
2030,sc01,07-25 11:00:00+02:00,116_STEAM_1,0.0
2030,sc01,07-25 11:00:00+02:00,123_STEAM_2,0.0
2030,sc01,07-25 11:00:00+02:00,101_CT_2,0.0
2030,sc01,07-25 11:00:00+02:00,123_CT_4,0.0
2030,sc01,07-25 11:00:00+02:00,101_STEAM_4,0.0
2030,sc01,07-25 11:00:00+02:00,123_STEAM_3,0.0
2030,sc01,07-25 11:00:00+02:00,118_CC_1,0.0
2030,sc01,07-25 11:00:00+02:00,123_CT_1,0.0
2030,sc01,07-25 11:00:00+02:00,101_STEAM_3,0.0
2030,sc01,07-25 11:00:00+02:00,102_CT_1,0.0
2030,sc01,07-25 11:00:00+02:00,113_CT_2,0.0
2030,sc01,07-25 11:00:00+02:00,115_STEAM_2,0.0
2030,sc01,08-01 18:00:00+02:00,121_NUCLEAR_1,0.5740543111243008
2030,sc01,08-01 18:00:00+02:00,113_CT_4,0.0
2030,sc01,08-01 18:00:00+02:00,115_STEAM_3,0.0
2030,sc01,08-01 18:00:00+02:00,102_STEAM_4,0.0
2030,sc01,08-01 18:00:00+02:00,113_CT_1,0.0
2030,sc01,08-01 18:00:00+02:00,107_CC_1,0.0
2030,sc01,08-01 18:00:00+02:00,102_CT_2,0.0
2030,sc01,08-01 18:00:00+02:00,101_CT_1,0.0
2030,sc01,08-01 18:00:00+02:00,102_STEAM_3,0.0
2030,sc01,08-01 18:00:00+02:00,115_STEAM_1,0.0
2030,sc01,08-01 18:00:00+02:00,113_CT_3,0.0
2030,sc01,08-01 18:00:00+02:00,123_CT_5,0.0
2030,sc01,08-01 18:00:00+02:00,116_STEAM_1,0.0
2030,sc01,08-01 18:00:00+02:00,123_STEAM_2,0.0
2030,sc01,08-01 18:00:00+02:00,101_CT_2,0.0
2030,sc01,08-01 18:00:00+02:00,123_CT_4,0.0
2030,sc01,08-01 18:00:00+02:00,101_STEAM_4,0.0
2030,sc01,08-01 18:00:00+02:00,123_STEAM_3,0.0
2030,sc01,08-01 18:00:00+02:00,118_CC_1,0.0
2030,sc01,08-01 18:00:00+02:00,123_CT_1,0.0
2030,sc01,08-01 18:00:00+02:00,101_STEAM_3,0.0
2030,sc01,08-01 18:00:00+02:00,102_CT_1,0.0
2030,sc01,08-01 18:00:00+02:00,113_CT_2,0.0
2030,sc01,08-01 18:00:00+02:00,115_STEAM_2,0.0
2030,sc01,08-01 20:00:00+02:00,121_NUCLEAR_1,0.0
2030,sc01,08-01 20:00:00+02:00,113_CT_4,0.0
2030,sc01,08-01 20:00:00+02:00,115_STEAM_3,0.0
2030,sc01,08-01 20:00:00+02:00,102_STEAM_4,0.0
2030,sc01,08-01 20:00:00+02:00,113_CT_1,0.0
2030,sc01,08-01 20:00:00+02:00,107_CC_1,0.0
2030,sc01,08-01 20:00:00+02:00,102_CT_2,0.0
2030,sc01,08-01 20:00:00+02:00,101_CT_1,0.0
2030,sc01,08-01 20:00:00+02:00,102_STEAM_3,0.0
2030,sc01,08-01 20:00:00+02:00,115_STEAM_1,0.0
2030,sc01,08-01 20:00:00+02:00,113_CT_3,0.0
2030,sc01,08-01 20:00:00+02:00,123_CT_5,0.0
2030,sc01,08-01 20:00:00+02:00,116_STEAM_1,0.0
2030,sc01,08-01 20:00:00+02:00,123_STEAM_2,0.0
2030,sc01,08-01 20:00:00+02:00,101_CT_2,0.0
2030,sc01,08-01 20:00:00+02:00,123_CT_4,0.0
2030,sc01,08-01 20:00:00+02:00,101_STEAM_4,0.0
2030,sc01,08-01 20:00:00+02:00,123_STEAM_3,0.0
2030,sc01,08-01 20:00:00+02:00,118_CC_1,0.0
2030,sc01,08-01 20:00:00+02:00,123_CT_1,0.0
2030,sc01,08-01 20:00:00+02:00,101_STEAM_3,0.0
2030,sc01,08-01 20:00:00+02:00,102_CT_1,0.0
2030,sc01,08-01 20:00:00+02:00,113_CT_2,0.0
2030,sc01,08-01 20:00:00+02:00,115_STEAM_2,0.0
2030,sc01,08-02 17:00:00+02:00,121_NUCLEAR_1,0.0
2030,sc01,08-02 17:00:00+02:00,113_CT_4,0.0
2030,sc01,08-02 17:00:00+02:00,115_STEAM_3,0.0
2030,sc01,08-02 17:00:00+02:00,102_STEAM_4,0.0
2030,sc01,08-02 17:00:00+02:00,113_CT_1,0.0
2030,sc01,08-02 17:00:00+02:00,107_CC_1,0.0
2030,sc01,08-02 17:00:00+02:00,102_CT_2,0.0
2030,sc01,08-02 17:00:00+02:00,101_CT_1,0.0
2030,sc01,08-02 17:00:00+02:00,102_STEAM_3,0.0
2030,sc01,08-02 17:00:00+02:00,115_STEAM_1,0.0
2030,sc01,08-02 17:00:00+02:00,113_CT_3,0.0
2030,sc01,08-02 17:00:00+02:00,123_CT_5,0.0
2030,sc01,08-02 17:00:00+02:00,116_STEAM_1,0.0
2030,sc01,08-02 17:00:00+02:00,123_STEAM_2,1.0
2030,sc01,08-02 17:00:00+02:00,101_CT_2,0.0
2030,sc01,08-02 17:00:00+02:00,123_CT_4,0.0
2030,sc01,08-02 17:00:00+02:00,101_STEAM_4,0.0
2030,sc01,08-02 17:00:00+02:00,123_STEAM_3,1.0
2030,sc01,08-02 17:00:00+02:00,118_CC_1,0.0
2030,sc01,08-02 17:00:00+02:00,123_CT_1,0.0
2030,sc01,08-02 17:00:00+02:00,101_STEAM_3,0.0
2030,sc01,08-02 17:00:00+02:00,102_CT_1,0.0
2030,sc01,08-02 17:00:00+02:00,113_CT_2,0.0
2030,sc01,08-02 17:00:00+02:00,115_STEAM_2,0.0
2030,sc01,08-12 11:00:00+02:00,121_NUCLEAR_1,1.0
2030,sc01,08-12 11:00:00+02:00,113_CT_4,0.0
2030,sc01,08-12 11:00:00+02:00,115_STEAM_3,0.0
2030,sc01,08-12 11:00:00+02:00,102_STEAM_4,0.0
2030,sc01,08-12 11:00:00+02:00,113_CT_1,0.0
2030,sc01,08-12 11:00:00+02:00,107_CC_1,1.0
2030,sc01,08-12 11:00:00+02:00,102_CT_2,0.0
2030,sc01,08-12 11:00:00+02:00,101_CT_1,0.0
2030,sc01,08-12 11:00:00+02:00,102_STEAM_3,0.0
2030,sc01,08-12 11:00:00+02:00,115_STEAM_1,0.0
2030,sc01,08-12 11:00:00+02:00,113_CT_3,0.0
2030,sc01,08-12 11:00:00+02:00,123_CT_5,0.0
2030,sc01,08-12 11:00:00+02:00,116_STEAM_1,0.0
2030,sc01,08-12 11:00:00+02:00,123_STEAM_2,0.0
2030,sc01,08-12 11:00:00+02:00,101_CT_2,0.0
2030,sc01,08-12 11:00:00+02:00,123_CT_4,0.0
2030,sc01,08-12 11:00:00+02:00,101_STEAM_4,0.0
2030,sc01,08-12 11:00:00+02:00,123_STEAM_3,0.0
2030,sc01,08-12 11:00:00+02:00,118_CC_1,1.0
2030,sc01,08-12 11:00:00+02:00,123_CT_1,0.0
2030,sc01,08-12 11:00:00+02:00,101_STEAM_3,0.0
2030,sc01,08-12 11:00:00+02:00,102_CT_1,0.0
2030,sc01,08-12 11:00:00+02:00,113_CT_2,0.0
2030,sc01,08-12 11:00:00+02:00,115_STEAM_2,0.0
2030,sc01,08-12 18:00:00+02:00,121_NUCLEAR_1,0.7708806162519497
2030,sc01,08-12 18:00:00+02:00,113_CT_4,0.0
2030,sc01,08-12 18:00:00+02:00,115_STEAM_3,0.3562131525878084
2030,sc01,08-12 18:00:00+02:00,102_STEAM_4,0.0
2030,sc01,08-12 18:00:00+02:00,113_CT_1,0.0
2030,sc01,08-12 18:00:00+02:00,107_CC_1,0.0
2030,sc01,08-12 18:00:00+02:00,102_CT_2,0.0
2030,sc01,08-12 18:00:00+02:00,101_CT_1,0.0
2030,sc01,08-12 18:00:00+02:00,102_STEAM_3,0.0
2030,sc01,08-12 18:00:00+02:00,115_STEAM_1,0.0
2030,sc01,08-12 18:00:00+02:00,113_CT_3,0.0
2030,sc01,08-12 18:00:00+02:00,123_CT_5,0.0
2030,sc01,08-12 18:00:00+02:00,116_STEAM_1,0.0
2030,sc01,08-12 18:00:00+02:00,123_STEAM_2,0.0
2030,sc01,08-12 18:00:00+02:00,101_CT_2,0.0
2030,sc01,08-12 18:00:00+02:00,123_CT_4,0.0
2030,sc01,08-12 18:00:00+02:00,101_STEAM_4,0.0
2030,sc01,08-12 18:00:00+02:00,123_STEAM_3,0.0
2030,sc01,08-12 18:00:00+02:00,118_CC_1,0.0
2030,sc01,08-12 18:00:00+02:00,123_CT_1,0.0
2030,sc01,08-12 18:00:00+02:00,101_STEAM_3,0.0
2030,sc01,08-12 18:00:00+02:00,102_CT_1,0.0
2030,sc01,08-12 18:00:00+02:00,113_CT_2,0.0
2030,sc01,08-12 18:00:00+02:00,115_STEAM_2,0.0
2030,sc01,08-17 18:00:00+02:00,121_NUCLEAR_1,0.13174132980139758
2030,sc01,08-17 18:00:00+02:00,113_CT_4,0.0
2030,sc01,08-17 18:00:00+02:00,115_STEAM_3,1.0
2030,sc01,08-17 18:00:00+02:00,102_STEAM_4,0.0
2030,sc01,08-17 18:00:00+02:00,113_CT_1,0.0
2030,sc01,08-17 18:00:00+02:00,107_CC_1,1.0
2030,sc01,08-17 18:00:00+02:00,102_CT_2,0.0
2030,sc01,08-17 18:00:00+02:00,101_CT_1,0.0
2030,sc01,08-17 18:00:00+02:00,102_STEAM_3,0.0
2030,sc01,08-17 18:00:00+02:00,115_STEAM_1,0.0
2030,sc01,08-17 18:00:00+02:00,113_CT_3,0.0
2030,sc01,08-17 18:00:00+02:00,123_CT_5,0.0
2030,sc01,08-17 18:00:00+02:00,116_STEAM_1,0.0
2030,sc01,08-17 18:00:00+02:00,123_STEAM_2,0.0
2030,sc01,08-17 18:00:00+02:00,101_CT_2,0.0
2030,sc01,08-17 18:00:00+02:00,123_CT_4,0.0
2030,sc01,08-17 18:00:00+02:00,101_STEAM_4,0.0
2030,sc01,08-17 18:00:00+02:00,123_STEAM_3,0.0
2030,sc01,08-17 18:00:00+02:00,118_CC_1,0.0
2030,sc01,08-17 18:00:00+02:00,123_CT_1,0.0
2030,sc01,08-17 18:00:00+02:00,101_STEAM_3,0.0
2030,sc01,08-17 18:00:00+02:00,102_CT_1,0.0
2030,sc01,08-17 18:00:00+02:00,113_CT_2,0.0
2030,sc01,08-17 18:00:00+02:00,115_STEAM_2,0.0
2030,sc01,08-26 19:00:00+02:00,121_NUCLEAR_1,0.09737805394665268
2030,sc01,08-26 19:00:00+02:00,113_CT_4,0.0
2030,sc01,08-26 19:00:00+02:00,115_STEAM_3,0.0
2030,sc01,08-26 19:00:00+02:00,102_STEAM_4,0.0
2030,sc01,08-26 19:00:00+02:00,113_CT_1,0.0
2030,sc01,08-26 19:00:00+02:00,107_CC_1,0.20165629746954594
2030,sc01,08-26 19:00:00+02:00,102_CT_2,0.0
2030,sc01,08-26 19:00:00+02:00,101_CT_1,0.0
2030,sc01,08-26 19:00:00+02:00,102_STEAM_3,0.0
2030,sc01,08-26 19:00:00+02:00,115_STEAM_1,0.0
2030,sc01,08-26 19:00:00+02:00,113_CT_3,0.0
2030,sc01,08-26 19:00:00+02:00,123_CT_5,0.0
2030,sc01,08-26 19:00:00+02:00,116_STEAM_1,0.0
2030,sc01,08-26 19:00:00+02:00,123_STEAM_2,0.0
2030,sc01,08-26 19:00:00+02:00,101_CT_2,0.0
2030,sc01,08-26 19:00:00+02:00,123_CT_4,0.0
2030,sc01,08-26 19:00:00+02:00,101_STEAM_4,0.0
2030,sc01,08-26 19:00:00+02:00,123_STEAM_3,0.0
2030,sc01,08-26 19:00:00+02:00,118_CC_1,0.0
2030,sc01,08-26 19:00:00+02:00,123_CT_1,0.0
2030,sc01,08-26 19:00:00+02:00,101_STEAM_3,0.0
2030,sc01,08-26 19:00:00+02:00,102_CT_1,0.0
2030,sc01,08-26 19:00:00+02:00,113_CT_2,0.0
2030,sc01,08-26 19:00:00+02:00,115_STEAM_2,0.0
2030,sc01,08-27 18:00:00+02:00,121_NUCLEAR_1,0.0
2030,sc01,08-27 18:00:00+02:00,113_CT_4,0.0
2030,sc01,08-27 18:00:00+02:00,115_STEAM_3,0.0
2030,sc01,08-27 18:00:00+02:00,102_STEAM_4,0.0
2030,sc01,08-27 18:00:00+02:00,113_CT_1,0.0
2030,sc01,08-27 18:00:00+02:00,107_CC_1,0.0
2030,sc01,08-27 18:00:00+02:00,102_CT_2,0.0
2030,sc01,08-27 18:00:00+02:00,101_CT_1,0.0
2030,sc01,08-27 18:00:00+02:00,102_STEAM_3,0.0
2030,sc01,08-27 18:00:00+02:00,115_STEAM_1,0.0
2030,sc01,08-27 18:00:00+02:00,113_CT_3,0.0
2030,sc01,08-27 18:00:00+02:00,123_CT_5,0.0
2030,sc01,08-27 18:00:00+02:00,116_STEAM_1,0.0
2030,sc01,08-27 18:00:00+02:00,123_STEAM_2,0.0
2030,sc01,08-27 18:00:00+02:00,101_CT_2,0.0
2030,sc01,08-27 18:00:00+02:00,123_CT_4,0.0
2030,sc01,08-27 18:00:00+02:00,101_STEAM_4,0.0
2030,sc01,08-27 18:00:00+02:00,123_STEAM_3,1.0
2030,sc01,08-27 18:00:00+02:00,118_CC_1,0.0
2030,sc01,08-27 18:00:00+02:00,123_CT_1,0.0
2030,sc01,08-27 18:00:00+02:00,101_STEAM_3,0.0
2030,sc01,08-27 18:00:00+02:00,102_CT_1,0.0
2030,sc01,08-27 18:00:00+02:00,113_CT_2,0.0
2030,sc01,08-27 18:00:00+02:00,115_STEAM_2,0.0
2030,sc01,08-31 18:00:00+02:00,121_NUCLEAR_1,0.0
2030,sc01,08-31 18:00:00+02:00,113_CT_4,0.0
2030,sc01,08-31 18:00:00+02:00,115_STEAM_3,1.0
2030,sc01,08-31 18:00:00+02:00,102_STEAM_4,0.0
2030,sc01,08-31 18:00:00+02:00,113_CT_1,0.0
2030,sc01,08-31 18:00:00+02:00,107_CC_1,0.0
2030,sc01,08-31 18:00:00+02:00,102_CT_2,0.0
2030,sc01,08-31 18:00:00+02:00,101_CT_1,0.0
2030,sc01,08-31 18:00:00+02:00,102_STEAM_3,0.0
2030,sc01,08-31 18:00:00+02:00,115_STEAM_1,0.0
2030,sc01,08-31 18:00:00+02:00,113_CT_3,0.0
2030,sc01,08-31 18:00:00+02:00,123_CT_5,0.0
2030,sc01,08-31 18:00:00+02:00,116_STEAM_1,0.0
2030,sc01,08-31 18:00:00+02:00,123_STEAM_2,1.0
2030,sc01,08-31 18:00:00+02:00,101_CT_2,0.0
2030,sc01,08-31 18:00:00+02:00,123_CT_4,0.0
2030,sc01,08-31 18:00:00+02:00,101_STEAM_4,0.0
2030,sc01,08-31 18:00:00+02:00,123_STEAM_3,0.14907475714228782
2030,sc01,08-31 18:00:00+02:00,118_CC_1,0.0
2030,sc01,08-31 18:00:00+02:00,123_CT_1,0.0
2030,sc01,08-31 18:00:00+02:00,101_STEAM_3,0.0
2030,sc01,08-31 18:00:00+02:00,102_CT_1,0.0
2030,sc01,08-31 18:00:00+02:00,113_CT_2,0.0
2030,sc01,08-31 18:00:00+02:00,115_STEAM_2,0.0
2030,sc01,09-03 10:00:00+02:00,121_NUCLEAR_1,1.0
2030,sc01,09-03 10:00:00+02:00,113_CT_4,0.0
2030,sc01,09-03 10:00:00+02:00,115_STEAM_3,0.0
2030,sc01,09-03 10:00:00+02:00,102_STEAM_4,0.0
2030,sc01,09-03 10:00:00+02:00,113_CT_1,0.0
2030,sc01,09-03 10:00:00+02:00,107_CC_1,1.0
2030,sc01,09-03 10:00:00+02:00,102_CT_2,0.0
2030,sc01,09-03 10:00:00+02:00,101_CT_1,0.0
2030,sc01,09-03 10:00:00+02:00,102_STEAM_3,0.0
2030,sc01,09-03 10:00:00+02:00,115_STEAM_1,0.0
2030,sc01,09-03 10:00:00+02:00,113_CT_3,0.0
2030,sc01,09-03 10:00:00+02:00,123_CT_5,0.0
2030,sc01,09-03 10:00:00+02:00,116_STEAM_1,0.0
2030,sc01,09-03 10:00:00+02:00,123_STEAM_2,0.0
2030,sc01,09-03 10:00:00+02:00,101_CT_2,0.0
2030,sc01,09-03 10:00:00+02:00,123_CT_4,0.0
2030,sc01,09-03 10:00:00+02:00,101_STEAM_4,0.0
2030,sc01,09-03 10:00:00+02:00,123_STEAM_3,0.0
2030,sc01,09-03 10:00:00+02:00,118_CC_1,1.0
2030,sc01,09-03 10:00:00+02:00,123_CT_1,0.0
2030,sc01,09-03 10:00:00+02:00,101_STEAM_3,0.0
2030,sc01,09-03 10:00:00+02:00,102_CT_1,0.0
2030,sc01,09-03 10:00:00+02:00,113_CT_2,0.0
2030,sc01,09-03 10:00:00+02:00,115_STEAM_2,0.0
2030,sc01,09-05 07:00:00+02:00,121_NUCLEAR_1,0.0
2030,sc01,09-05 07:00:00+02:00,113_CT_4,0.0
2030,sc01,09-05 07:00:00+02:00,115_STEAM_3,0.0
2030,sc01,09-05 07:00:00+02:00,102_STEAM_4,0.0
2030,sc01,09-05 07:00:00+02:00,113_CT_1,0.0
2030,sc01,09-05 07:00:00+02:00,107_CC_1,0.027920082999297158
2030,sc01,09-05 07:00:00+02:00,102_CT_2,0.0
2030,sc01,09-05 07:00:00+02:00,101_CT_1,0.0
2030,sc01,09-05 07:00:00+02:00,102_STEAM_3,0.0
2030,sc01,09-05 07:00:00+02:00,115_STEAM_1,0.0
2030,sc01,09-05 07:00:00+02:00,113_CT_3,0.0
2030,sc01,09-05 07:00:00+02:00,123_CT_5,0.0
2030,sc01,09-05 07:00:00+02:00,116_STEAM_1,0.0
2030,sc01,09-05 07:00:00+02:00,123_STEAM_2,0.0
2030,sc01,09-05 07:00:00+02:00,101_CT_2,0.0
2030,sc01,09-05 07:00:00+02:00,123_CT_4,0.0
2030,sc01,09-05 07:00:00+02:00,101_STEAM_4,0.0
2030,sc01,09-05 07:00:00+02:00,123_STEAM_3,0.0
2030,sc01,09-05 07:00:00+02:00,118_CC_1,0.6800481069274263
2030,sc01,09-05 07:00:00+02:00,123_CT_1,0.0
2030,sc01,09-05 07:00:00+02:00,101_STEAM_3,0.0
2030,sc01,09-05 07:00:00+02:00,102_CT_1,0.0
2030,sc01,09-05 07:00:00+02:00,113_CT_2,0.0
2030,sc01,09-05 07:00:00+02:00,115_STEAM_2,0.0
2030,sc01,09-11 07:00:00+02:00,121_NUCLEAR_1,0.5732204609667524
2030,sc01,09-11 07:00:00+02:00,113_CT_4,0.0
2030,sc01,09-11 07:00:00+02:00,115_STEAM_3,0.0
2030,sc01,09-11 07:00:00+02:00,102_STEAM_4,0.0
2030,sc01,09-11 07:00:00+02:00,113_CT_1,0.0
2030,sc01,09-11 07:00:00+02:00,107_CC_1,0.049217173517513535
2030,sc01,09-11 07:00:00+02:00,102_CT_2,0.0
2030,sc01,09-11 07:00:00+02:00,101_CT_1,0.0
2030,sc01,09-11 07:00:00+02:00,102_STEAM_3,0.0
2030,sc01,09-11 07:00:00+02:00,115_STEAM_1,0.0
2030,sc01,09-11 07:00:00+02:00,113_CT_3,0.0
2030,sc01,09-11 07:00:00+02:00,123_CT_5,0.0
2030,sc01,09-11 07:00:00+02:00,116_STEAM_1,0.0
2030,sc01,09-11 07:00:00+02:00,123_STEAM_2,0.0
2030,sc01,09-11 07:00:00+02:00,101_CT_2,0.0
2030,sc01,09-11 07:00:00+02:00,123_CT_4,0.0
2030,sc01,09-11 07:00:00+02:00,101_STEAM_4,0.0
2030,sc01,09-11 07:00:00+02:00,123_STEAM_3,0.0
2030,sc01,09-11 07:00:00+02:00,118_CC_1,1.0
2030,sc01,09-11 07:00:00+02:00,123_CT_1,0.0
2030,sc01,09-11 07:00:00+02:00,101_STEAM_3,0.0
2030,sc01,09-11 07:00:00+02:00,102_CT_1,0.0
2030,sc01,09-11 07:00:00+02:00,113_CT_2,0.0
2030,sc01,09-11 07:00:00+02:00,115_STEAM_2,0.0
2030,sc01,09-11 19:00:00+02:00,121_NUCLEAR_1,0.7399021487926629
2030,sc01,09-11 19:00:00+02:00,113_CT_4,0.0
2030,sc01,09-11 19:00:00+02:00,115_STEAM_3,0.0
2030,sc01,09-11 19:00:00+02:00,102_STEAM_4,0.0
2030,sc01,09-11 19:00:00+02:00,113_CT_1,0.0
2030,sc01,09-11 19:00:00+02:00,107_CC_1,0.9228627434831893
2030,sc01,09-11 19:00:00+02:00,102_CT_2,0.0
2030,sc01,09-11 19:00:00+02:00,101_CT_1,0.0
2030,sc01,09-11 19:00:00+02:00,102_STEAM_3,0.0
2030,sc01,09-11 19:00:00+02:00,115_STEAM_1,0.0
2030,sc01,09-11 19:00:00+02:00,113_CT_3,0.0
2030,sc01,09-11 19:00:00+02:00,123_CT_5,0.0
2030,sc01,09-11 19:00:00+02:00,116_STEAM_1,0.0
2030,sc01,09-11 19:00:00+02:00,123_STEAM_2,0.0
2030,sc01,09-11 19:00:00+02:00,101_CT_2,0.0
2030,sc01,09-11 19:00:00+02:00,123_CT_4,0.0
2030,sc01,09-11 19:00:00+02:00,101_STEAM_4,0.0
2030,sc01,09-11 19:00:00+02:00,123_STEAM_3,0.0
2030,sc01,09-11 19:00:00+02:00,118_CC_1,0.0
2030,sc01,09-11 19:00:00+02:00,123_CT_1,0.0
2030,sc01,09-11 19:00:00+02:00,101_STEAM_3,0.10664695956581971
2030,sc01,09-11 19:00:00+02:00,102_CT_1,0.0
2030,sc01,09-11 19:00:00+02:00,113_CT_2,0.0
2030,sc01,09-11 19:00:00+02:00,115_STEAM_2,0.0
2030,sc01,09-15 18:00:00+02:00,121_NUCLEAR_1,1.0
2030,sc01,09-15 18:00:00+02:00,113_CT_4,0.0
2030,sc01,09-15 18:00:00+02:00,115_STEAM_3,1.0
2030,sc01,09-15 18:00:00+02:00,102_STEAM_4,0.0
2030,sc01,09-15 18:00:00+02:00,113_CT_1,0.0
2030,sc01,09-15 18:00:00+02:00,107_CC_1,0.29573089800331753
2030,sc01,09-15 18:00:00+02:00,102_CT_2,0.0
2030,sc01,09-15 18:00:00+02:00,101_CT_1,0.0
2030,sc01,09-15 18:00:00+02:00,102_STEAM_3,0.0
2030,sc01,09-15 18:00:00+02:00,115_STEAM_1,0.0
2030,sc01,09-15 18:00:00+02:00,113_CT_3,0.0
2030,sc01,09-15 18:00:00+02:00,123_CT_5,0.0
2030,sc01,09-15 18:00:00+02:00,116_STEAM_1,0.0
2030,sc01,09-15 18:00:00+02:00,123_STEAM_2,0.0
2030,sc01,09-15 18:00:00+02:00,101_CT_2,0.0
2030,sc01,09-15 18:00:00+02:00,123_CT_4,0.0
2030,sc01,09-15 18:00:00+02:00,101_STEAM_4,0.0
2030,sc01,09-15 18:00:00+02:00,123_STEAM_3,0.0
2030,sc01,09-15 18:00:00+02:00,118_CC_1,0.0
2030,sc01,09-15 18:00:00+02:00,123_CT_1,0.0
2030,sc01,09-15 18:00:00+02:00,101_STEAM_3,0.9002004199146927
2030,sc01,09-15 18:00:00+02:00,102_CT_1,0.0
2030,sc01,09-15 18:00:00+02:00,113_CT_2,0.0
2030,sc01,09-15 18:00:00+02:00,115_STEAM_2,0.0
2030,sc01,09-17 00:00:00+02:00,121_NUCLEAR_1,0.09815291510265395
2030,sc01,09-17 00:00:00+02:00,113_CT_4,0.0
2030,sc01,09-17 00:00:00+02:00,115_STEAM_3,0.0
2030,sc01,09-17 00:00:00+02:00,102_STEAM_4,0.0
2030,sc01,09-17 00:00:00+02:00,113_CT_1,0.0
2030,sc01,09-17 00:00:00+02:00,107_CC_1,0.7042691019966825
2030,sc01,09-17 00:00:00+02:00,102_CT_2,0.0
2030,sc01,09-17 00:00:00+02:00,101_CT_1,0.0
2030,sc01,09-17 00:00:00+02:00,102_STEAM_3,0.0
2030,sc01,09-17 00:00:00+02:00,115_STEAM_1,0.0
2030,sc01,09-17 00:00:00+02:00,113_CT_3,0.0
2030,sc01,09-17 00:00:00+02:00,123_CT_5,0.0
2030,sc01,09-17 00:00:00+02:00,116_STEAM_1,0.0
2030,sc01,09-17 00:00:00+02:00,123_STEAM_2,0.0
2030,sc01,09-17 00:00:00+02:00,101_CT_2,0.0
2030,sc01,09-17 00:00:00+02:00,123_CT_4,0.0
2030,sc01,09-17 00:00:00+02:00,101_STEAM_4,0.0
2030,sc01,09-17 00:00:00+02:00,123_STEAM_3,0.0
2030,sc01,09-17 00:00:00+02:00,118_CC_1,0.0
2030,sc01,09-17 00:00:00+02:00,123_CT_1,0.0
2030,sc01,09-17 00:00:00+02:00,101_STEAM_3,0.0
2030,sc01,09-17 00:00:00+02:00,102_CT_1,0.0
2030,sc01,09-17 00:00:00+02:00,113_CT_2,0.0
2030,sc01,09-17 00:00:00+02:00,115_STEAM_2,0.0
2030,sc01,09-18 06:00:00+02:00,121_NUCLEAR_1,0.5490275694699058
2030,sc01,09-18 06:00:00+02:00,113_CT_4,0.0
2030,sc01,09-18 06:00:00+02:00,115_STEAM_3,0.0
2030,sc01,09-18 06:00:00+02:00,102_STEAM_4,0.0
2030,sc01,09-18 06:00:00+02:00,113_CT_1,0.0
2030,sc01,09-18 06:00:00+02:00,107_CC_1,0.08952177804417338
2030,sc01,09-18 06:00:00+02:00,102_CT_2,0.0
2030,sc01,09-18 06:00:00+02:00,101_CT_1,0.0
2030,sc01,09-18 06:00:00+02:00,102_STEAM_3,0.0
2030,sc01,09-18 06:00:00+02:00,115_STEAM_1,0.0
2030,sc01,09-18 06:00:00+02:00,113_CT_3,0.0
2030,sc01,09-18 06:00:00+02:00,123_CT_5,0.0
2030,sc01,09-18 06:00:00+02:00,116_STEAM_1,0.0
2030,sc01,09-18 06:00:00+02:00,123_STEAM_2,0.0
2030,sc01,09-18 06:00:00+02:00,101_CT_2,0.0
2030,sc01,09-18 06:00:00+02:00,123_CT_4,0.0
2030,sc01,09-18 06:00:00+02:00,101_STEAM_4,0.5313552496695989
2030,sc01,09-18 06:00:00+02:00,123_STEAM_3,0.0
2030,sc01,09-18 06:00:00+02:00,118_CC_1,0.0
2030,sc01,09-18 06:00:00+02:00,123_CT_1,0.0
2030,sc01,09-18 06:00:00+02:00,101_STEAM_3,0.0
2030,sc01,09-18 06:00:00+02:00,102_CT_1,0.0
2030,sc01,09-18 06:00:00+02:00,113_CT_2,0.0
2030,sc01,09-18 06:00:00+02:00,115_STEAM_2,0.0
2030,sc01,09-25 16:00:00+02:00,121_NUCLEAR_1,0.0
2030,sc01,09-25 16:00:00+02:00,113_CT_4,0.0
2030,sc01,09-25 16:00:00+02:00,115_STEAM_3,1.0
2030,sc01,09-25 16:00:00+02:00,102_STEAM_4,0.0
2030,sc01,09-25 16:00:00+02:00,113_CT_1,0.0
2030,sc01,09-25 16:00:00+02:00,107_CC_1,0.9104782219558266
2030,sc01,09-25 16:00:00+02:00,102_CT_2,0.0
2030,sc01,09-25 16:00:00+02:00,101_CT_1,0.0
2030,sc01,09-25 16:00:00+02:00,102_STEAM_3,0.0
2030,sc01,09-25 16:00:00+02:00,115_STEAM_1,0.0
2030,sc01,09-25 16:00:00+02:00,113_CT_3,0.0
2030,sc01,09-25 16:00:00+02:00,123_CT_5,0.0
2030,sc01,09-25 16:00:00+02:00,116_STEAM_1,0.0
2030,sc01,09-25 16:00:00+02:00,123_STEAM_2,0.0
2030,sc01,09-25 16:00:00+02:00,101_CT_2,0.0
2030,sc01,09-25 16:00:00+02:00,123_CT_4,0.0
2030,sc01,09-25 16:00:00+02:00,101_STEAM_4,0.4686447503304011
2030,sc01,09-25 16:00:00+02:00,123_STEAM_3,0.0
2030,sc01,09-25 16:00:00+02:00,118_CC_1,0.0
2030,sc01,09-25 16:00:00+02:00,123_CT_1,0.0
2030,sc01,09-25 16:00:00+02:00,101_STEAM_3,1.0
2030,sc01,09-25 16:00:00+02:00,102_CT_1,0.0
2030,sc01,09-25 16:00:00+02:00,113_CT_2,0.0
2030,sc01,09-25 16:00:00+02:00,115_STEAM_2,0.0
2030,sc01,09-26 17:00:00+02:00,121_NUCLEAR_1,1.0
2030,sc01,09-26 17:00:00+02:00,113_CT_4,0.0
2030,sc01,09-26 17:00:00+02:00,115_STEAM_3,0.0
2030,sc01,09-26 17:00:00+02:00,102_STEAM_4,0.0
2030,sc01,09-26 17:00:00+02:00,113_CT_1,0.0
2030,sc01,09-26 17:00:00+02:00,107_CC_1,0.0
2030,sc01,09-26 17:00:00+02:00,102_CT_2,0.0
2030,sc01,09-26 17:00:00+02:00,101_CT_1,0.0
2030,sc01,09-26 17:00:00+02:00,102_STEAM_3,0.0
2030,sc01,09-26 17:00:00+02:00,115_STEAM_1,0.0
2030,sc01,09-26 17:00:00+02:00,113_CT_3,0.0
2030,sc01,09-26 17:00:00+02:00,123_CT_5,0.0
2030,sc01,09-26 17:00:00+02:00,116_STEAM_1,0.0
2030,sc01,09-26 17:00:00+02:00,123_STEAM_2,0.0
2030,sc01,09-26 17:00:00+02:00,101_CT_2,0.0
2030,sc01,09-26 17:00:00+02:00,123_CT_4,0.0
2030,sc01,09-26 17:00:00+02:00,101_STEAM_4,0.0
2030,sc01,09-26 17:00:00+02:00,123_STEAM_3,0.0
2030,sc01,09-26 17:00:00+02:00,118_CC_1,1.0
2030,sc01,09-26 17:00:00+02:00,123_CT_1,0.0
2030,sc01,09-26 17:00:00+02:00,101_STEAM_3,0.0
2030,sc01,09-26 17:00:00+02:00,102_CT_1,0.0
2030,sc01,09-26 17:00:00+02:00,113_CT_2,0.0
2030,sc01,09-26 17:00:00+02:00,115_STEAM_2,0.0
2030,sc01,09-28 07:00:00+02:00,121_NUCLEAR_1,0.46262491063976363
2030,sc01,09-28 07:00:00+02:00,113_CT_4,0.0
2030,sc01,09-28 07:00:00+02:00,115_STEAM_3,1.0
2030,sc01,09-28 07:00:00+02:00,102_STEAM_4,0.0
2030,sc01,09-28 07:00:00+02:00,113_CT_1,0.0
2030,sc01,09-28 07:00:00+02:00,107_CC_1,0.6311844836654026
2030,sc01,09-28 07:00:00+02:00,102_CT_2,0.0
2030,sc01,09-28 07:00:00+02:00,101_CT_1,0.0
2030,sc01,09-28 07:00:00+02:00,102_STEAM_3,0.0
2030,sc01,09-28 07:00:00+02:00,115_STEAM_1,0.0
2030,sc01,09-28 07:00:00+02:00,113_CT_3,0.0
2030,sc01,09-28 07:00:00+02:00,123_CT_5,0.0
2030,sc01,09-28 07:00:00+02:00,116_STEAM_1,0.0
2030,sc01,09-28 07:00:00+02:00,123_STEAM_2,0.0
2030,sc01,09-28 07:00:00+02:00,101_CT_2,0.0
2030,sc01,09-28 07:00:00+02:00,123_CT_4,0.0
2030,sc01,09-28 07:00:00+02:00,101_STEAM_4,0.0
2030,sc01,09-28 07:00:00+02:00,123_STEAM_3,0.0
2030,sc01,09-28 07:00:00+02:00,118_CC_1,0.0
2030,sc01,09-28 07:00:00+02:00,123_CT_1,0.0
2030,sc01,09-28 07:00:00+02:00,101_STEAM_3,0.0
2030,sc01,09-28 07:00:00+02:00,102_CT_1,0.0
2030,sc01,09-28 07:00:00+02:00,113_CT_2,0.0
2030,sc01,09-28 07:00:00+02:00,115_STEAM_2,0.0
2030,sc01,09-28 18:00:00+02:00,121_NUCLEAR_1,0.7565332390451756
2030,sc01,09-28 18:00:00+02:00,113_CT_4,0.0
2030,sc01,09-28 18:00:00+02:00,115_STEAM_3,0.0
2030,sc01,09-28 18:00:00+02:00,102_STEAM_4,0.0
2030,sc01,09-28 18:00:00+02:00,113_CT_1,0.0
2030,sc01,09-28 18:00:00+02:00,107_CC_1,0.36881551633459747
2030,sc01,09-28 18:00:00+02:00,102_CT_2,0.0
2030,sc01,09-28 18:00:00+02:00,101_CT_1,0.0
2030,sc01,09-28 18:00:00+02:00,102_STEAM_3,0.0
2030,sc01,09-28 18:00:00+02:00,115_STEAM_1,0.0
2030,sc01,09-28 18:00:00+02:00,113_CT_3,0.0
2030,sc01,09-28 18:00:00+02:00,123_CT_5,0.0
2030,sc01,09-28 18:00:00+02:00,116_STEAM_1,0.0
2030,sc01,09-28 18:00:00+02:00,123_STEAM_2,0.0
2030,sc01,09-28 18:00:00+02:00,101_CT_2,0.0
2030,sc01,09-28 18:00:00+02:00,123_CT_4,0.0
2030,sc01,09-28 18:00:00+02:00,101_STEAM_4,0.0
2030,sc01,09-28 18:00:00+02:00,123_STEAM_3,0.0
2030,sc01,09-28 18:00:00+02:00,118_CC_1,0.0
2030,sc01,09-28 18:00:00+02:00,123_CT_1,0.0
2030,sc01,09-28 18:00:00+02:00,101_STEAM_3,0.0
2030,sc01,09-28 18:00:00+02:00,102_CT_1,0.0
2030,sc01,09-28 18:00:00+02:00,113_CT_2,0.0
2030,sc01,09-28 18:00:00+02:00,115_STEAM_2,0.0
2030,sc01,09-29 16:00:00+02:00,121_NUCLEAR_1,0.35268607939089625
2030,sc01,09-29 16:00:00+02:00,113_CT_4,0.0
2030,sc01,09-29 16:00:00+02:00,115_STEAM_3,0.0033852071188253435
2030,sc01,09-29 16:00:00+02:00,102_STEAM_4,0.0
2030,sc01,09-29 16:00:00+02:00,113_CT_1,0.0
2030,sc01,09-29 16:00:00+02:00,107_CC_1,1.0
2030,sc01,09-29 16:00:00+02:00,102_CT_2,0.0
2030,sc01,09-29 16:00:00+02:00,101_CT_1,0.0
2030,sc01,09-29 16:00:00+02:00,102_STEAM_3,0.0
2030,sc01,09-29 16:00:00+02:00,115_STEAM_1,0.0
2030,sc01,09-29 16:00:00+02:00,113_CT_3,0.0
2030,sc01,09-29 16:00:00+02:00,123_CT_5,0.0
2030,sc01,09-29 16:00:00+02:00,116_STEAM_1,0.0
2030,sc01,09-29 16:00:00+02:00,123_STEAM_2,0.0
2030,sc01,09-29 16:00:00+02:00,101_CT_2,0.0
2030,sc01,09-29 16:00:00+02:00,123_CT_4,0.0
2030,sc01,09-29 16:00:00+02:00,101_STEAM_4,0.0
2030,sc01,09-29 16:00:00+02:00,123_STEAM_3,0.0
2030,sc01,09-29 16:00:00+02:00,118_CC_1,0.0
2030,sc01,09-29 16:00:00+02:00,123_CT_1,0.0
2030,sc01,09-29 16:00:00+02:00,101_STEAM_3,0.0
2030,sc01,09-29 16:00:00+02:00,102_CT_1,0.0
2030,sc01,09-29 16:00:00+02:00,113_CT_2,0.0
2030,sc01,09-29 16:00:00+02:00,115_STEAM_2,0.0
2030,sc01,10-04 06:00:00+02:00,121_NUCLEAR_1,0.8927054378156533
2030,sc01,10-04 06:00:00+02:00,113_CT_4,0.0
2030,sc01,10-04 06:00:00+02:00,115_STEAM_3,0.0
2030,sc01,10-04 06:00:00+02:00,102_STEAM_4,0.0
2030,sc01,10-04 06:00:00+02:00,113_CT_1,0.0
2030,sc01,10-04 06:00:00+02:00,107_CC_1,0.08459716570583664
2030,sc01,10-04 06:00:00+02:00,102_CT_2,0.0
2030,sc01,10-04 06:00:00+02:00,101_CT_1,0.0
2030,sc01,10-04 06:00:00+02:00,102_STEAM_3,0.0
2030,sc01,10-04 06:00:00+02:00,115_STEAM_1,0.0
2030,sc01,10-04 06:00:00+02:00,113_CT_3,0.0
2030,sc01,10-04 06:00:00+02:00,123_CT_5,0.0
2030,sc01,10-04 06:00:00+02:00,116_STEAM_1,0.0
2030,sc01,10-04 06:00:00+02:00,123_STEAM_2,0.0
2030,sc01,10-04 06:00:00+02:00,101_CT_2,0.0
2030,sc01,10-04 06:00:00+02:00,123_CT_4,0.0
2030,sc01,10-04 06:00:00+02:00,101_STEAM_4,0.0
2030,sc01,10-04 06:00:00+02:00,123_STEAM_3,0.0
2030,sc01,10-04 06:00:00+02:00,118_CC_1,0.0
2030,sc01,10-04 06:00:00+02:00,123_CT_1,0.0
2030,sc01,10-04 06:00:00+02:00,101_STEAM_3,0.3992318249303056
2030,sc01,10-04 06:00:00+02:00,102_CT_1,0.0
2030,sc01,10-04 06:00:00+02:00,113_CT_2,0.0
2030,sc01,10-04 06:00:00+02:00,115_STEAM_2,0.0
2030,sc01,10-09 17:00:00+02:00,121_NUCLEAR_1,0.0
2030,sc01,10-09 17:00:00+02:00,113_CT_4,0.0
2030,sc01,10-09 17:00:00+02:00,115_STEAM_3,0.0
2030,sc01,10-09 17:00:00+02:00,102_STEAM_4,0.0
2030,sc01,10-09 17:00:00+02:00,113_CT_1,0.0
2030,sc01,10-09 17:00:00+02:00,107_CC_1,0.9154028342941634
2030,sc01,10-09 17:00:00+02:00,102_CT_2,0.0
2030,sc01,10-09 17:00:00+02:00,101_CT_1,0.0
2030,sc01,10-09 17:00:00+02:00,102_STEAM_3,0.0
2030,sc01,10-09 17:00:00+02:00,115_STEAM_1,0.0
2030,sc01,10-09 17:00:00+02:00,113_CT_3,0.0
2030,sc01,10-09 17:00:00+02:00,123_CT_5,0.0
2030,sc01,10-09 17:00:00+02:00,116_STEAM_1,0.0
2030,sc01,10-09 17:00:00+02:00,123_STEAM_2,0.0
2030,sc01,10-09 17:00:00+02:00,101_CT_2,0.0
2030,sc01,10-09 17:00:00+02:00,123_CT_4,0.0
2030,sc01,10-09 17:00:00+02:00,101_STEAM_4,1.0
2030,sc01,10-09 17:00:00+02:00,123_STEAM_3,0.0
2030,sc01,10-09 17:00:00+02:00,118_CC_1,0.0
2030,sc01,10-09 17:00:00+02:00,123_CT_1,0.0
2030,sc01,10-09 17:00:00+02:00,101_STEAM_3,1.0
2030,sc01,10-09 17:00:00+02:00,102_CT_1,0.0
2030,sc01,10-09 17:00:00+02:00,113_CT_2,0.0
2030,sc01,10-09 17:00:00+02:00,115_STEAM_2,0.0
2030,sc01,10-11 18:00:00+02:00,121_NUCLEAR_1,0.22003918644869724
2030,sc01,10-11 18:00:00+02:00,113_CT_4,0.0
2030,sc01,10-11 18:00:00+02:00,115_STEAM_3,0.0
2030,sc01,10-11 18:00:00+02:00,102_STEAM_4,0.0
2030,sc01,10-11 18:00:00+02:00,113_CT_1,0.0
2030,sc01,10-11 18:00:00+02:00,107_CC_1,0.0
2030,sc01,10-11 18:00:00+02:00,102_CT_2,0.0
2030,sc01,10-11 18:00:00+02:00,101_CT_1,0.0
2030,sc01,10-11 18:00:00+02:00,102_STEAM_3,0.0
2030,sc01,10-11 18:00:00+02:00,115_STEAM_1,0.0
2030,sc01,10-11 18:00:00+02:00,113_CT_3,0.0
2030,sc01,10-11 18:00:00+02:00,123_CT_5,0.0
2030,sc01,10-11 18:00:00+02:00,116_STEAM_1,0.0
2030,sc01,10-11 18:00:00+02:00,123_STEAM_2,0.0
2030,sc01,10-11 18:00:00+02:00,101_CT_2,0.0
2030,sc01,10-11 18:00:00+02:00,123_CT_4,0.0
2030,sc01,10-11 18:00:00+02:00,101_STEAM_4,0.0
2030,sc01,10-11 18:00:00+02:00,123_STEAM_3,0.0
2030,sc01,10-11 18:00:00+02:00,118_CC_1,1.0
2030,sc01,10-11 18:00:00+02:00,123_CT_1,0.0
2030,sc01,10-11 18:00:00+02:00,101_STEAM_3,0.01662157929461139
2030,sc01,10-11 18:00:00+02:00,102_CT_1,0.0
2030,sc01,10-11 18:00:00+02:00,113_CT_2,0.0
2030,sc01,10-11 18:00:00+02:00,115_STEAM_2,0.0
2030,sc01,10-12 15:00:00+02:00,121_NUCLEAR_1,0.7799608135513028
2030,sc01,10-12 15:00:00+02:00,113_CT_4,0.0
2030,sc01,10-12 15:00:00+02:00,115_STEAM_3,1.0
2030,sc01,10-12 15:00:00+02:00,102_STEAM_4,0.0
2030,sc01,10-12 15:00:00+02:00,113_CT_1,0.0
2030,sc01,10-12 15:00:00+02:00,107_CC_1,1.0
2030,sc01,10-12 15:00:00+02:00,102_CT_2,0.0
2030,sc01,10-12 15:00:00+02:00,101_CT_1,0.0
2030,sc01,10-12 15:00:00+02:00,102_STEAM_3,0.0
2030,sc01,10-12 15:00:00+02:00,115_STEAM_1,0.0
2030,sc01,10-12 15:00:00+02:00,113_CT_3,0.0
2030,sc01,10-12 15:00:00+02:00,123_CT_5,0.0
2030,sc01,10-12 15:00:00+02:00,116_STEAM_1,0.0
2030,sc01,10-12 15:00:00+02:00,123_STEAM_2,0.0
2030,sc01,10-12 15:00:00+02:00,101_CT_2,0.0
2030,sc01,10-12 15:00:00+02:00,123_CT_4,0.0
2030,sc01,10-12 15:00:00+02:00,101_STEAM_4,1.0
2030,sc01,10-12 15:00:00+02:00,123_STEAM_3,0.0
2030,sc01,10-12 15:00:00+02:00,118_CC_1,0.0
2030,sc01,10-12 15:00:00+02:00,123_CT_1,0.0
2030,sc01,10-12 15:00:00+02:00,101_STEAM_3,0.9833784207053886
2030,sc01,10-12 15:00:00+02:00,102_CT_1,0.0
2030,sc01,10-12 15:00:00+02:00,113_CT_2,0.0
2030,sc01,10-12 15:00:00+02:00,115_STEAM_2,0.0
2030,sc01,10-21 09:00:00+02:00,121_NUCLEAR_1,0.0
2030,sc01,10-21 09:00:00+02:00,113_CT_4,0.0
2030,sc01,10-21 09:00:00+02:00,115_STEAM_3,0.0
2030,sc01,10-21 09:00:00+02:00,102_STEAM_4,0.0
2030,sc01,10-21 09:00:00+02:00,113_CT_1,0.0
2030,sc01,10-21 09:00:00+02:00,107_CC_1,0.0
2030,sc01,10-21 09:00:00+02:00,102_CT_2,0.0
2030,sc01,10-21 09:00:00+02:00,101_CT_1,0.0
2030,sc01,10-21 09:00:00+02:00,102_STEAM_3,0.0
2030,sc01,10-21 09:00:00+02:00,115_STEAM_1,0.0
2030,sc01,10-21 09:00:00+02:00,113_CT_3,0.0
2030,sc01,10-21 09:00:00+02:00,123_CT_5,0.0
2030,sc01,10-21 09:00:00+02:00,116_STEAM_1,0.0
2030,sc01,10-21 09:00:00+02:00,123_STEAM_2,0.0
2030,sc01,10-21 09:00:00+02:00,101_CT_2,0.0
2030,sc01,10-21 09:00:00+02:00,123_CT_4,0.0
2030,sc01,10-21 09:00:00+02:00,101_STEAM_4,0.0
2030,sc01,10-21 09:00:00+02:00,123_STEAM_3,0.0
2030,sc01,10-21 09:00:00+02:00,118_CC_1,0.0
2030,sc01,10-21 09:00:00+02:00,123_CT_1,0.0
2030,sc01,10-21 09:00:00+02:00,101_STEAM_3,0.0
2030,sc01,10-21 09:00:00+02:00,102_CT_1,0.0
2030,sc01,10-21 09:00:00+02:00,113_CT_2,0.0
2030,sc01,10-21 09:00:00+02:00,115_STEAM_2,0.0
2030,sc01,10-23 12:00:00+02:00,121_NUCLEAR_1,1.0
2030,sc01,10-23 12:00:00+02:00,113_CT_4,0.0
2030,sc01,10-23 12:00:00+02:00,115_STEAM_3,1.0
2030,sc01,10-23 12:00:00+02:00,102_STEAM_4,0.0
2030,sc01,10-23 12:00:00+02:00,113_CT_1,0.0
2030,sc01,10-23 12:00:00+02:00,107_CC_1,1.0
2030,sc01,10-23 12:00:00+02:00,102_CT_2,0.0
2030,sc01,10-23 12:00:00+02:00,101_CT_1,0.0
2030,sc01,10-23 12:00:00+02:00,102_STEAM_3,0.0
2030,sc01,10-23 12:00:00+02:00,115_STEAM_1,0.0
2030,sc01,10-23 12:00:00+02:00,113_CT_3,0.0
2030,sc01,10-23 12:00:00+02:00,123_CT_5,0.0
2030,sc01,10-23 12:00:00+02:00,116_STEAM_1,0.0
2030,sc01,10-23 12:00:00+02:00,123_STEAM_2,0.0
2030,sc01,10-23 12:00:00+02:00,101_CT_2,0.0
2030,sc01,10-23 12:00:00+02:00,123_CT_4,0.0
2030,sc01,10-23 12:00:00+02:00,101_STEAM_4,0.0
2030,sc01,10-23 12:00:00+02:00,123_STEAM_3,0.0
2030,sc01,10-23 12:00:00+02:00,118_CC_1,1.0
2030,sc01,10-23 12:00:00+02:00,123_CT_1,0.0
2030,sc01,10-23 12:00:00+02:00,101_STEAM_3,0.0
2030,sc01,10-23 12:00:00+02:00,102_CT_1,0.0
2030,sc01,10-23 12:00:00+02:00,113_CT_2,0.0
2030,sc01,10-23 12:00:00+02:00,115_STEAM_2,0.0
2030,sc01,10-25 07:00:00+02:00,121_NUCLEAR_1,0.0
2030,sc01,10-25 07:00:00+02:00,113_CT_4,0.0
2030,sc01,10-25 07:00:00+02:00,115_STEAM_3,0.0
2030,sc01,10-25 07:00:00+02:00,102_STEAM_4,0.0
2030,sc01,10-25 07:00:00+02:00,113_CT_1,0.0
2030,sc01,10-25 07:00:00+02:00,107_CC_1,0.0
2030,sc01,10-25 07:00:00+02:00,102_CT_2,0.0
2030,sc01,10-25 07:00:00+02:00,101_CT_1,0.0
2030,sc01,10-25 07:00:00+02:00,102_STEAM_3,0.0
2030,sc01,10-25 07:00:00+02:00,115_STEAM_1,0.0
2030,sc01,10-25 07:00:00+02:00,113_CT_3,0.0
2030,sc01,10-25 07:00:00+02:00,123_CT_5,0.0
2030,sc01,10-25 07:00:00+02:00,116_STEAM_1,0.0
2030,sc01,10-25 07:00:00+02:00,123_STEAM_2,0.0
2030,sc01,10-25 07:00:00+02:00,101_CT_2,0.0
2030,sc01,10-25 07:00:00+02:00,123_CT_4,0.0
2030,sc01,10-25 07:00:00+02:00,101_STEAM_4,0.0
2030,sc01,10-25 07:00:00+02:00,123_STEAM_3,0.0
2030,sc01,10-25 07:00:00+02:00,118_CC_1,0.0
2030,sc01,10-25 07:00:00+02:00,123_CT_1,0.0
2030,sc01,10-25 07:00:00+02:00,101_STEAM_3,0.0
2030,sc01,10-25 07:00:00+02:00,102_CT_1,0.0
2030,sc01,10-25 07:00:00+02:00,113_CT_2,0.0
2030,sc01,10-25 07:00:00+02:00,115_STEAM_2,0.0
2030,sc01,11-04 17:00:00+01:00,121_NUCLEAR_1,0.0
2030,sc01,11-04 17:00:00+01:00,113_CT_4,0.0
2030,sc01,11-04 17:00:00+01:00,115_STEAM_3,0.0
2030,sc01,11-04 17:00:00+01:00,102_STEAM_4,0.0
2030,sc01,11-04 17:00:00+01:00,113_CT_1,0.0
2030,sc01,11-04 17:00:00+01:00,107_CC_1,0.0
2030,sc01,11-04 17:00:00+01:00,102_CT_2,0.0
2030,sc01,11-04 17:00:00+01:00,101_CT_1,0.0
2030,sc01,11-04 17:00:00+01:00,102_STEAM_3,0.0
2030,sc01,11-04 17:00:00+01:00,115_STEAM_1,0.0
2030,sc01,11-04 17:00:00+01:00,113_CT_3,0.0
2030,sc01,11-04 17:00:00+01:00,123_CT_5,0.0
2030,sc01,11-04 17:00:00+01:00,116_STEAM_1,0.0
2030,sc01,11-04 17:00:00+01:00,123_STEAM_2,0.0
2030,sc01,11-04 17:00:00+01:00,101_CT_2,0.0
2030,sc01,11-04 17:00:00+01:00,123_CT_4,0.0
2030,sc01,11-04 17:00:00+01:00,101_STEAM_4,0.0
2030,sc01,11-04 17:00:00+01:00,123_STEAM_3,0.0
2030,sc01,11-04 17:00:00+01:00,118_CC_1,0.0
2030,sc01,11-04 17:00:00+01:00,123_CT_1,0.0
2030,sc01,11-04 17:00:00+01:00,101_STEAM_3,0.0
2030,sc01,11-04 17:00:00+01:00,102_CT_1,0.0
2030,sc01,11-04 17:00:00+01:00,113_CT_2,0.0
2030,sc01,11-04 17:00:00+01:00,115_STEAM_2,0.0
2030,sc01,11-08 13:00:00+01:00,121_NUCLEAR_1,0.9687683752697904
2030,sc01,11-08 13:00:00+01:00,113_CT_4,0.0
2030,sc01,11-08 13:00:00+01:00,115_STEAM_3,1.0
2030,sc01,11-08 13:00:00+01:00,102_STEAM_4,0.0
2030,sc01,11-08 13:00:00+01:00,113_CT_1,0.0
2030,sc01,11-08 13:00:00+01:00,107_CC_1,0.0
2030,sc01,11-08 13:00:00+01:00,102_CT_2,0.0
2030,sc01,11-08 13:00:00+01:00,101_CT_1,0.0
2030,sc01,11-08 13:00:00+01:00,102_STEAM_3,0.0
2030,sc01,11-08 13:00:00+01:00,115_STEAM_1,0.0
2030,sc01,11-08 13:00:00+01:00,113_CT_3,0.0
2030,sc01,11-08 13:00:00+01:00,123_CT_5,0.0
2030,sc01,11-08 13:00:00+01:00,116_STEAM_1,0.0
2030,sc01,11-08 13:00:00+01:00,123_STEAM_2,0.0
2030,sc01,11-08 13:00:00+01:00,101_CT_2,0.0
2030,sc01,11-08 13:00:00+01:00,123_CT_4,0.0
2030,sc01,11-08 13:00:00+01:00,101_STEAM_4,1.0
2030,sc01,11-08 13:00:00+01:00,123_STEAM_3,0.0
2030,sc01,11-08 13:00:00+01:00,118_CC_1,0.0
2030,sc01,11-08 13:00:00+01:00,123_CT_1,0.0
2030,sc01,11-08 13:00:00+01:00,101_STEAM_3,1.0
2030,sc01,11-08 13:00:00+01:00,102_CT_1,0.0
2030,sc01,11-08 13:00:00+01:00,113_CT_2,0.0
2030,sc01,11-08 13:00:00+01:00,115_STEAM_2,0.0
2030,sc01,11-15 13:00:00+01:00,121_NUCLEAR_1,0.37580414224808345
2030,sc01,11-15 13:00:00+01:00,113_CT_4,0.0
2030,sc01,11-15 13:00:00+01:00,115_STEAM_3,0.0
2030,sc01,11-15 13:00:00+01:00,102_STEAM_4,0.0
2030,sc01,11-15 13:00:00+01:00,113_CT_1,0.0
2030,sc01,11-15 13:00:00+01:00,107_CC_1,0.0
2030,sc01,11-15 13:00:00+01:00,102_CT_2,0.0
2030,sc01,11-15 13:00:00+01:00,101_CT_1,0.0
2030,sc01,11-15 13:00:00+01:00,102_STEAM_3,0.0
2030,sc01,11-15 13:00:00+01:00,115_STEAM_1,0.0
2030,sc01,11-15 13:00:00+01:00,113_CT_3,0.0
2030,sc01,11-15 13:00:00+01:00,123_CT_5,0.0
2030,sc01,11-15 13:00:00+01:00,116_STEAM_1,0.0
2030,sc01,11-15 13:00:00+01:00,123_STEAM_2,0.0
2030,sc01,11-15 13:00:00+01:00,101_CT_2,0.0
2030,sc01,11-15 13:00:00+01:00,123_CT_4,0.0
2030,sc01,11-15 13:00:00+01:00,101_STEAM_4,0.0
2030,sc01,11-15 13:00:00+01:00,123_STEAM_3,0.0
2030,sc01,11-15 13:00:00+01:00,118_CC_1,1.0
2030,sc01,11-15 13:00:00+01:00,123_CT_1,0.0
2030,sc01,11-15 13:00:00+01:00,101_STEAM_3,0.0
2030,sc01,11-15 13:00:00+01:00,102_CT_1,0.0
2030,sc01,11-15 13:00:00+01:00,113_CT_2,0.0
2030,sc01,11-15 13:00:00+01:00,115_STEAM_2,0.0
2030,sc01,11-19 14:00:00+01:00,121_NUCLEAR_1,0.632038973421356
2030,sc01,11-19 14:00:00+01:00,113_CT_4,0.0
2030,sc01,11-19 14:00:00+01:00,115_STEAM_3,0.0
2030,sc01,11-19 14:00:00+01:00,102_STEAM_4,0.0
2030,sc01,11-19 14:00:00+01:00,113_CT_1,0.0
2030,sc01,11-19 14:00:00+01:00,107_CC_1,0.0
2030,sc01,11-19 14:00:00+01:00,102_CT_2,0.0
2030,sc01,11-19 14:00:00+01:00,101_CT_1,0.0
2030,sc01,11-19 14:00:00+01:00,102_STEAM_3,0.0
2030,sc01,11-19 14:00:00+01:00,115_STEAM_1,0.0
2030,sc01,11-19 14:00:00+01:00,113_CT_3,0.0
2030,sc01,11-19 14:00:00+01:00,123_CT_5,0.0
2030,sc01,11-19 14:00:00+01:00,116_STEAM_1,0.0
2030,sc01,11-19 14:00:00+01:00,123_STEAM_2,0.0
2030,sc01,11-19 14:00:00+01:00,101_CT_2,0.0
2030,sc01,11-19 14:00:00+01:00,123_CT_4,0.0
2030,sc01,11-19 14:00:00+01:00,101_STEAM_4,0.0
2030,sc01,11-19 14:00:00+01:00,123_STEAM_3,0.0
2030,sc01,11-19 14:00:00+01:00,118_CC_1,0.0
2030,sc01,11-19 14:00:00+01:00,123_CT_1,0.0
2030,sc01,11-19 14:00:00+01:00,101_STEAM_3,0.0
2030,sc01,11-19 14:00:00+01:00,102_CT_1,0.0
2030,sc01,11-19 14:00:00+01:00,113_CT_2,0.0
2030,sc01,11-19 14:00:00+01:00,115_STEAM_2,0.0
2030,sc01,11-19 17:00:00+01:00,121_NUCLEAR_1,1.0
2030,sc01,11-19 17:00:00+01:00,113_CT_4,0.0
2030,sc01,11-19 17:00:00+01:00,115_STEAM_3,0.0
2030,sc01,11-19 17:00:00+01:00,102_STEAM_4,0.0
2030,sc01,11-19 17:00:00+01:00,113_CT_1,0.0
2030,sc01,11-19 17:00:00+01:00,107_CC_1,0.0
2030,sc01,11-19 17:00:00+01:00,102_CT_2,0.0
2030,sc01,11-19 17:00:00+01:00,101_CT_1,0.0
2030,sc01,11-19 17:00:00+01:00,102_STEAM_3,0.0
2030,sc01,11-19 17:00:00+01:00,115_STEAM_1,0.0
2030,sc01,11-19 17:00:00+01:00,113_CT_3,0.0
2030,sc01,11-19 17:00:00+01:00,123_CT_5,0.0
2030,sc01,11-19 17:00:00+01:00,116_STEAM_1,0.0
2030,sc01,11-19 17:00:00+01:00,123_STEAM_2,0.0
2030,sc01,11-19 17:00:00+01:00,101_CT_2,0.0
2030,sc01,11-19 17:00:00+01:00,123_CT_4,0.0
2030,sc01,11-19 17:00:00+01:00,101_STEAM_4,0.0
2030,sc01,11-19 17:00:00+01:00,123_STEAM_3,0.0
2030,sc01,11-19 17:00:00+01:00,118_CC_1,0.0
2030,sc01,11-19 17:00:00+01:00,123_CT_1,0.0
2030,sc01,11-19 17:00:00+01:00,101_STEAM_3,0.0
2030,sc01,11-19 17:00:00+01:00,102_CT_1,0.0
2030,sc01,11-19 17:00:00+01:00,113_CT_2,0.0
2030,sc01,11-19 17:00:00+01:00,115_STEAM_2,0.0
2030,sc01,11-20 00:00:00+01:00,121_NUCLEAR_1,0.0
2030,sc01,11-20 00:00:00+01:00,113_CT_4,0.0
2030,sc01,11-20 00:00:00+01:00,115_STEAM_3,1.0
2030,sc01,11-20 00:00:00+01:00,102_STEAM_4,0.0
2030,sc01,11-20 00:00:00+01:00,113_CT_1,0.0
2030,sc01,11-20 00:00:00+01:00,107_CC_1,1.0
2030,sc01,11-20 00:00:00+01:00,102_CT_2,0.0
2030,sc01,11-20 00:00:00+01:00,101_CT_1,0.0
2030,sc01,11-20 00:00:00+01:00,102_STEAM_3,0.0
2030,sc01,11-20 00:00:00+01:00,115_STEAM_1,0.0
2030,sc01,11-20 00:00:00+01:00,113_CT_3,0.0
2030,sc01,11-20 00:00:00+01:00,123_CT_5,0.0
2030,sc01,11-20 00:00:00+01:00,116_STEAM_1,0.0
2030,sc01,11-20 00:00:00+01:00,123_STEAM_2,0.0
2030,sc01,11-20 00:00:00+01:00,101_CT_2,0.0
2030,sc01,11-20 00:00:00+01:00,123_CT_4,0.0
2030,sc01,11-20 00:00:00+01:00,101_STEAM_4,0.0
2030,sc01,11-20 00:00:00+01:00,123_STEAM_3,0.0
2030,sc01,11-20 00:00:00+01:00,118_CC_1,0.0
2030,sc01,11-20 00:00:00+01:00,123_CT_1,0.0
2030,sc01,11-20 00:00:00+01:00,101_STEAM_3,0.32997936259045074
2030,sc01,11-20 00:00:00+01:00,102_CT_1,0.0
2030,sc01,11-20 00:00:00+01:00,113_CT_2,0.0
2030,sc01,11-20 00:00:00+01:00,115_STEAM_2,0.0
2030,sc01,11-22 08:00:00+01:00,121_NUCLEAR_1,0.011735879736275656
2030,sc01,11-22 08:00:00+01:00,113_CT_4,0.0
2030,sc01,11-22 08:00:00+01:00,115_STEAM_3,0.0
2030,sc01,11-22 08:00:00+01:00,102_STEAM_4,0.0
2030,sc01,11-22 08:00:00+01:00,113_CT_1,0.0
2030,sc01,11-22 08:00:00+01:00,107_CC_1,0.0
2030,sc01,11-22 08:00:00+01:00,102_CT_2,0.0
2030,sc01,11-22 08:00:00+01:00,101_CT_1,0.0
2030,sc01,11-22 08:00:00+01:00,102_STEAM_3,0.0
2030,sc01,11-22 08:00:00+01:00,115_STEAM_1,0.0
2030,sc01,11-22 08:00:00+01:00,113_CT_3,0.0
2030,sc01,11-22 08:00:00+01:00,123_CT_5,0.0
2030,sc01,11-22 08:00:00+01:00,116_STEAM_1,0.0
2030,sc01,11-22 08:00:00+01:00,123_STEAM_2,0.0
2030,sc01,11-22 08:00:00+01:00,101_CT_2,0.0
2030,sc01,11-22 08:00:00+01:00,123_CT_4,0.0
2030,sc01,11-22 08:00:00+01:00,101_STEAM_4,0.0
2030,sc01,11-22 08:00:00+01:00,123_STEAM_3,0.0
2030,sc01,11-22 08:00:00+01:00,118_CC_1,0.0
2030,sc01,11-22 08:00:00+01:00,123_CT_1,0.0
2030,sc01,11-22 08:00:00+01:00,101_STEAM_3,0.0
2030,sc01,11-22 08:00:00+01:00,102_CT_1,0.0
2030,sc01,11-22 08:00:00+01:00,113_CT_2,0.0
2030,sc01,11-22 08:00:00+01:00,115_STEAM_2,0.0
2030,sc01,11-22 10:00:00+01:00,121_NUCLEAR_1,0.0
2030,sc01,11-22 10:00:00+01:00,113_CT_4,0.0
2030,sc01,11-22 10:00:00+01:00,115_STEAM_3,0.0
2030,sc01,11-22 10:00:00+01:00,102_STEAM_4,1.0
2030,sc01,11-22 10:00:00+01:00,113_CT_1,0.0
2030,sc01,11-22 10:00:00+01:00,107_CC_1,0.0
2030,sc01,11-22 10:00:00+01:00,102_CT_2,0.0
2030,sc01,11-22 10:00:00+01:00,101_CT_1,0.0
2030,sc01,11-22 10:00:00+01:00,102_STEAM_3,1.0
2030,sc01,11-22 10:00:00+01:00,115_STEAM_1,0.0
2030,sc01,11-22 10:00:00+01:00,113_CT_3,0.0
2030,sc01,11-22 10:00:00+01:00,123_CT_5,0.0
2030,sc01,11-22 10:00:00+01:00,116_STEAM_1,0.0
2030,sc01,11-22 10:00:00+01:00,123_STEAM_2,0.0
2030,sc01,11-22 10:00:00+01:00,101_CT_2,0.0
2030,sc01,11-22 10:00:00+01:00,123_CT_4,0.0
2030,sc01,11-22 10:00:00+01:00,101_STEAM_4,1.0
2030,sc01,11-22 10:00:00+01:00,123_STEAM_3,0.0
2030,sc01,11-22 10:00:00+01:00,118_CC_1,0.0
2030,sc01,11-22 10:00:00+01:00,123_CT_1,0.0
2030,sc01,11-22 10:00:00+01:00,101_STEAM_3,0.32704756246711464
2030,sc01,11-22 10:00:00+01:00,102_CT_1,0.0
2030,sc01,11-22 10:00:00+01:00,113_CT_2,0.0
2030,sc01,11-22 10:00:00+01:00,115_STEAM_2,0.0
2030,sc01,11-28 09:00:00+01:00,121_NUCLEAR_1,0.0
2030,sc01,11-28 09:00:00+01:00,113_CT_4,0.0
2030,sc01,11-28 09:00:00+01:00,115_STEAM_3,0.0
2030,sc01,11-28 09:00:00+01:00,102_STEAM_4,0.9016270758259122
2030,sc01,11-28 09:00:00+01:00,113_CT_1,0.0
2030,sc01,11-28 09:00:00+01:00,107_CC_1,0.0
2030,sc01,11-28 09:00:00+01:00,102_CT_2,0.0
2030,sc01,11-28 09:00:00+01:00,101_CT_1,0.0
2030,sc01,11-28 09:00:00+01:00,102_STEAM_3,0.0
2030,sc01,11-28 09:00:00+01:00,115_STEAM_1,0.0
2030,sc01,11-28 09:00:00+01:00,113_CT_3,0.0
2030,sc01,11-28 09:00:00+01:00,123_CT_5,0.0
2030,sc01,11-28 09:00:00+01:00,116_STEAM_1,0.0
2030,sc01,11-28 09:00:00+01:00,123_STEAM_2,0.0
2030,sc01,11-28 09:00:00+01:00,101_CT_2,0.0
2030,sc01,11-28 09:00:00+01:00,123_CT_4,0.0
2030,sc01,11-28 09:00:00+01:00,101_STEAM_4,0.0
2030,sc01,11-28 09:00:00+01:00,123_STEAM_3,0.0
2030,sc01,11-28 09:00:00+01:00,118_CC_1,0.7217457171603567
2030,sc01,11-28 09:00:00+01:00,123_CT_1,0.0
2030,sc01,11-28 09:00:00+01:00,101_STEAM_3,1.0
2030,sc01,11-28 09:00:00+01:00,102_CT_1,0.0
2030,sc01,11-28 09:00:00+01:00,113_CT_2,0.0
2030,sc01,11-28 09:00:00+01:00,115_STEAM_2,0.0
2030,sc01,11-30 20:00:00+01:00,121_NUCLEAR_1,1.0
2030,sc01,11-30 20:00:00+01:00,113_CT_4,0.0
2030,sc01,11-30 20:00:00+01:00,115_STEAM_3,1.0
2030,sc01,11-30 20:00:00+01:00,102_STEAM_4,0.09837292417408786
2030,sc01,11-30 20:00:00+01:00,113_CT_1,0.0
2030,sc01,11-30 20:00:00+01:00,107_CC_1,1.0
2030,sc01,11-30 20:00:00+01:00,102_CT_2,0.0
2030,sc01,11-30 20:00:00+01:00,101_CT_1,0.0
2030,sc01,11-30 20:00:00+01:00,102_STEAM_3,1.0
2030,sc01,11-30 20:00:00+01:00,115_STEAM_1,0.0
2030,sc01,11-30 20:00:00+01:00,113_CT_3,0.0
2030,sc01,11-30 20:00:00+01:00,123_CT_5,0.0
2030,sc01,11-30 20:00:00+01:00,116_STEAM_1,0.0
2030,sc01,11-30 20:00:00+01:00,123_STEAM_2,1.0
2030,sc01,11-30 20:00:00+01:00,101_CT_2,0.0
2030,sc01,11-30 20:00:00+01:00,123_CT_4,0.0
2030,sc01,11-30 20:00:00+01:00,101_STEAM_4,0.0
2030,sc01,11-30 20:00:00+01:00,123_STEAM_3,1.0
2030,sc01,11-30 20:00:00+01:00,118_CC_1,1.0
2030,sc01,11-30 20:00:00+01:00,123_CT_1,0.0
2030,sc01,11-30 20:00:00+01:00,101_STEAM_3,0.0
2030,sc01,11-30 20:00:00+01:00,102_CT_1,0.0
2030,sc01,11-30 20:00:00+01:00,113_CT_2,0.0
2030,sc01,11-30 20:00:00+01:00,115_STEAM_2,0.0
2030,sc01,12-02 16:00:00+01:00,121_NUCLEAR_1,0.0
2030,sc01,12-02 16:00:00+01:00,113_CT_4,0.0
2030,sc01,12-02 16:00:00+01:00,115_STEAM_3,0.0
2030,sc01,12-02 16:00:00+01:00,102_STEAM_4,0.7123766004553782
2030,sc01,12-02 16:00:00+01:00,113_CT_1,0.0
2030,sc01,12-02 16:00:00+01:00,107_CC_1,0.0
2030,sc01,12-02 16:00:00+01:00,102_CT_2,0.0
2030,sc01,12-02 16:00:00+01:00,101_CT_1,0.0
2030,sc01,12-02 16:00:00+01:00,102_STEAM_3,0.0
2030,sc01,12-02 16:00:00+01:00,115_STEAM_1,0.0
2030,sc01,12-02 16:00:00+01:00,113_CT_3,0.0
2030,sc01,12-02 16:00:00+01:00,123_CT_5,0.0
2030,sc01,12-02 16:00:00+01:00,116_STEAM_1,0.0
2030,sc01,12-02 16:00:00+01:00,123_STEAM_2,0.20142797929101552
2030,sc01,12-02 16:00:00+01:00,101_CT_2,0.0
2030,sc01,12-02 16:00:00+01:00,123_CT_4,0.0
2030,sc01,12-02 16:00:00+01:00,101_STEAM_4,0.0
2030,sc01,12-02 16:00:00+01:00,123_STEAM_3,0.0
2030,sc01,12-02 16:00:00+01:00,118_CC_1,0.2649037033591525
2030,sc01,12-02 16:00:00+01:00,123_CT_1,0.0
2030,sc01,12-02 16:00:00+01:00,101_STEAM_3,0.0
2030,sc01,12-02 16:00:00+01:00,102_CT_1,0.0
2030,sc01,12-02 16:00:00+01:00,113_CT_2,0.0
2030,sc01,12-02 16:00:00+01:00,115_STEAM_2,0.0
2030,sc01,12-03 09:00:00+01:00,121_NUCLEAR_1,0.0
2030,sc01,12-03 09:00:00+01:00,113_CT_4,0.0
2030,sc01,12-03 09:00:00+01:00,115_STEAM_3,0.0
2030,sc01,12-03 09:00:00+01:00,102_STEAM_4,0.0
2030,sc01,12-03 09:00:00+01:00,113_CT_1,0.0
2030,sc01,12-03 09:00:00+01:00,107_CC_1,0.0
2030,sc01,12-03 09:00:00+01:00,102_CT_2,0.0
2030,sc01,12-03 09:00:00+01:00,101_CT_1,0.0
2030,sc01,12-03 09:00:00+01:00,102_STEAM_3,0.0
2030,sc01,12-03 09:00:00+01:00,115_STEAM_1,0.0
2030,sc01,12-03 09:00:00+01:00,113_CT_3,0.0
2030,sc01,12-03 09:00:00+01:00,123_CT_5,0.0
2030,sc01,12-03 09:00:00+01:00,116_STEAM_1,0.0
2030,sc01,12-03 09:00:00+01:00,123_STEAM_2,0.7985720207089845
2030,sc01,12-03 09:00:00+01:00,101_CT_2,0.0
2030,sc01,12-03 09:00:00+01:00,123_CT_4,0.0
2030,sc01,12-03 09:00:00+01:00,101_STEAM_4,0.0
2030,sc01,12-03 09:00:00+01:00,123_STEAM_3,0.0
2030,sc01,12-03 09:00:00+01:00,118_CC_1,1.0
2030,sc01,12-03 09:00:00+01:00,123_CT_1,0.0
2030,sc01,12-03 09:00:00+01:00,101_STEAM_3,0.0
2030,sc01,12-03 09:00:00+01:00,102_CT_1,0.0
2030,sc01,12-03 09:00:00+01:00,113_CT_2,0.0
2030,sc01,12-03 09:00:00+01:00,115_STEAM_2,0.0
2030,sc01,12-03 14:00:00+01:00,121_NUCLEAR_1,0.4319365156945728
2030,sc01,12-03 14:00:00+01:00,113_CT_4,0.0
2030,sc01,12-03 14:00:00+01:00,115_STEAM_3,0.0
2030,sc01,12-03 14:00:00+01:00,102_STEAM_4,1.0
2030,sc01,12-03 14:00:00+01:00,113_CT_1,0.0
2030,sc01,12-03 14:00:00+01:00,107_CC_1,0.0
2030,sc01,12-03 14:00:00+01:00,102_CT_2,0.0
2030,sc01,12-03 14:00:00+01:00,101_CT_1,0.0
2030,sc01,12-03 14:00:00+01:00,102_STEAM_3,1.0
2030,sc01,12-03 14:00:00+01:00,115_STEAM_1,0.0
2030,sc01,12-03 14:00:00+01:00,113_CT_3,0.0
2030,sc01,12-03 14:00:00+01:00,123_CT_5,0.0
2030,sc01,12-03 14:00:00+01:00,116_STEAM_1,0.0
2030,sc01,12-03 14:00:00+01:00,123_STEAM_2,0.0
2030,sc01,12-03 14:00:00+01:00,101_CT_2,0.0
2030,sc01,12-03 14:00:00+01:00,123_CT_4,0.0
2030,sc01,12-03 14:00:00+01:00,101_STEAM_4,1.0
2030,sc01,12-03 14:00:00+01:00,123_STEAM_3,0.0
2030,sc01,12-03 14:00:00+01:00,118_CC_1,0.12981607858352143
2030,sc01,12-03 14:00:00+01:00,123_CT_1,0.0
2030,sc01,12-03 14:00:00+01:00,101_STEAM_3,1.0
2030,sc01,12-03 14:00:00+01:00,102_CT_1,0.0
2030,sc01,12-03 14:00:00+01:00,113_CT_2,0.0
2030,sc01,12-03 14:00:00+01:00,115_STEAM_2,0.0
2030,sc01,12-04 14:00:00+01:00,121_NUCLEAR_1,0.9912585284093148
2030,sc01,12-04 14:00:00+01:00,113_CT_4,0.0
2030,sc01,12-04 14:00:00+01:00,115_STEAM_3,0.0
2030,sc01,12-04 14:00:00+01:00,102_STEAM_4,0.0
2030,sc01,12-04 14:00:00+01:00,113_CT_1,0.0
2030,sc01,12-04 14:00:00+01:00,107_CC_1,0.0
2030,sc01,12-04 14:00:00+01:00,102_CT_2,0.0
2030,sc01,12-04 14:00:00+01:00,101_CT_1,0.0
2030,sc01,12-04 14:00:00+01:00,102_STEAM_3,0.0
2030,sc01,12-04 14:00:00+01:00,115_STEAM_1,0.0
2030,sc01,12-04 14:00:00+01:00,113_CT_3,0.0
2030,sc01,12-04 14:00:00+01:00,123_CT_5,0.0
2030,sc01,12-04 14:00:00+01:00,116_STEAM_1,0.0
2030,sc01,12-04 14:00:00+01:00,123_STEAM_2,0.0
2030,sc01,12-04 14:00:00+01:00,101_CT_2,0.0
2030,sc01,12-04 14:00:00+01:00,123_CT_4,0.0
2030,sc01,12-04 14:00:00+01:00,101_STEAM_4,0.7423029487495714
2030,sc01,12-04 14:00:00+01:00,123_STEAM_3,0.0
2030,sc01,12-04 14:00:00+01:00,118_CC_1,0.0
2030,sc01,12-04 14:00:00+01:00,123_CT_1,0.0
2030,sc01,12-04 14:00:00+01:00,101_STEAM_3,0.0
2030,sc01,12-04 14:00:00+01:00,102_CT_1,0.0
2030,sc01,12-04 14:00:00+01:00,113_CT_2,0.0
2030,sc01,12-04 14:00:00+01:00,115_STEAM_2,0.0
2030,sc01,12-04 16:00:00+01:00,121_NUCLEAR_1,0.0
2030,sc01,12-04 16:00:00+01:00,113_CT_4,0.0
2030,sc01,12-04 16:00:00+01:00,115_STEAM_3,0.0
2030,sc01,12-04 16:00:00+01:00,102_STEAM_4,0.0
2030,sc01,12-04 16:00:00+01:00,113_CT_1,0.0
2030,sc01,12-04 16:00:00+01:00,107_CC_1,0.0
2030,sc01,12-04 16:00:00+01:00,102_CT_2,0.0
2030,sc01,12-04 16:00:00+01:00,101_CT_1,0.0
2030,sc01,12-04 16:00:00+01:00,102_STEAM_3,0.0
2030,sc01,12-04 16:00:00+01:00,115_STEAM_1,0.0
2030,sc01,12-04 16:00:00+01:00,113_CT_3,0.0
2030,sc01,12-04 16:00:00+01:00,123_CT_5,0.0
2030,sc01,12-04 16:00:00+01:00,116_STEAM_1,0.0
2030,sc01,12-04 16:00:00+01:00,123_STEAM_2,0.0
2030,sc01,12-04 16:00:00+01:00,101_CT_2,0.0
2030,sc01,12-04 16:00:00+01:00,123_CT_4,0.0
2030,sc01,12-04 16:00:00+01:00,101_STEAM_4,0.0
2030,sc01,12-04 16:00:00+01:00,123_STEAM_3,0.0
2030,sc01,12-04 16:00:00+01:00,118_CC_1,0.0
2030,sc01,12-04 16:00:00+01:00,123_CT_1,0.0
2030,sc01,12-04 16:00:00+01:00,101_STEAM_3,0.0
2030,sc01,12-04 16:00:00+01:00,102_CT_1,0.0
2030,sc01,12-04 16:00:00+01:00,113_CT_2,0.0
2030,sc01,12-04 16:00:00+01:00,115_STEAM_2,0.0
2030,sc01,12-06 08:00:00+01:00,121_NUCLEAR_1,1.0
2030,sc01,12-06 08:00:00+01:00,113_CT_4,0.0
2030,sc01,12-06 08:00:00+01:00,115_STEAM_3,0.0
2030,sc01,12-06 08:00:00+01:00,102_STEAM_4,0.0
2030,sc01,12-06 08:00:00+01:00,113_CT_1,0.0
2030,sc01,12-06 08:00:00+01:00,107_CC_1,0.0
2030,sc01,12-06 08:00:00+01:00,102_CT_2,0.0
2030,sc01,12-06 08:00:00+01:00,101_CT_1,0.0
2030,sc01,12-06 08:00:00+01:00,102_STEAM_3,0.0
2030,sc01,12-06 08:00:00+01:00,115_STEAM_1,0.0
2030,sc01,12-06 08:00:00+01:00,113_CT_3,0.0
2030,sc01,12-06 08:00:00+01:00,123_CT_5,0.0
2030,sc01,12-06 08:00:00+01:00,116_STEAM_1,0.0
2030,sc01,12-06 08:00:00+01:00,123_STEAM_2,0.17302765120823382
2030,sc01,12-06 08:00:00+01:00,101_CT_2,0.0
2030,sc01,12-06 08:00:00+01:00,123_CT_4,0.0
2030,sc01,12-06 08:00:00+01:00,101_STEAM_4,0.0
2030,sc01,12-06 08:00:00+01:00,123_STEAM_3,0.0
2030,sc01,12-06 08:00:00+01:00,118_CC_1,0.0
2030,sc01,12-06 08:00:00+01:00,123_CT_1,0.0
2030,sc01,12-06 08:00:00+01:00,101_STEAM_3,0.0
2030,sc01,12-06 08:00:00+01:00,102_CT_1,0.0
2030,sc01,12-06 08:00:00+01:00,113_CT_2,0.0
2030,sc01,12-06 08:00:00+01:00,115_STEAM_2,0.0
2030,sc01,12-06 15:00:00+01:00,121_NUCLEAR_1,0.011794872649381283
2030,sc01,12-06 15:00:00+01:00,113_CT_4,0.0
2030,sc01,12-06 15:00:00+01:00,115_STEAM_3,0.0
2030,sc01,12-06 15:00:00+01:00,102_STEAM_4,1.0
2030,sc01,12-06 15:00:00+01:00,113_CT_1,0.0
2030,sc01,12-06 15:00:00+01:00,107_CC_1,0.0
2030,sc01,12-06 15:00:00+01:00,102_CT_2,0.0
2030,sc01,12-06 15:00:00+01:00,101_CT_1,0.0
2030,sc01,12-06 15:00:00+01:00,102_STEAM_3,1.0
2030,sc01,12-06 15:00:00+01:00,115_STEAM_1,0.0
2030,sc01,12-06 15:00:00+01:00,113_CT_3,0.0
2030,sc01,12-06 15:00:00+01:00,123_CT_5,0.0
2030,sc01,12-06 15:00:00+01:00,116_STEAM_1,0.0
2030,sc01,12-06 15:00:00+01:00,123_STEAM_2,0.8269723487917662
2030,sc01,12-06 15:00:00+01:00,101_CT_2,0.0
2030,sc01,12-06 15:00:00+01:00,123_CT_4,0.0
2030,sc01,12-06 15:00:00+01:00,101_STEAM_4,0.9478054683256995
2030,sc01,12-06 15:00:00+01:00,123_STEAM_3,0.0
2030,sc01,12-06 15:00:00+01:00,118_CC_1,0.0
2030,sc01,12-06 15:00:00+01:00,123_CT_1,0.0
2030,sc01,12-06 15:00:00+01:00,101_STEAM_3,1.0
2030,sc01,12-06 15:00:00+01:00,102_CT_1,0.0
2030,sc01,12-06 15:00:00+01:00,113_CT_2,0.0
2030,sc01,12-06 15:00:00+01:00,115_STEAM_2,0.0
2030,sc01,12-09 08:00:00+01:00,121_NUCLEAR_1,1.0
2030,sc01,12-09 08:00:00+01:00,113_CT_4,0.0
2030,sc01,12-09 08:00:00+01:00,115_STEAM_3,0.0
2030,sc01,12-09 08:00:00+01:00,102_STEAM_4,0.0
2030,sc01,12-09 08:00:00+01:00,113_CT_1,0.0
2030,sc01,12-09 08:00:00+01:00,107_CC_1,0.0
2030,sc01,12-09 08:00:00+01:00,102_CT_2,0.0
2030,sc01,12-09 08:00:00+01:00,101_CT_1,0.0
2030,sc01,12-09 08:00:00+01:00,102_STEAM_3,0.0
2030,sc01,12-09 08:00:00+01:00,115_STEAM_1,0.0
2030,sc01,12-09 08:00:00+01:00,113_CT_3,0.0
2030,sc01,12-09 08:00:00+01:00,123_CT_5,0.0
2030,sc01,12-09 08:00:00+01:00,116_STEAM_1,0.0
2030,sc01,12-09 08:00:00+01:00,123_STEAM_2,0.0
2030,sc01,12-09 08:00:00+01:00,101_CT_2,0.0
2030,sc01,12-09 08:00:00+01:00,123_CT_4,0.0
2030,sc01,12-09 08:00:00+01:00,101_STEAM_4,0.052194531674300555
2030,sc01,12-09 08:00:00+01:00,123_STEAM_3,0.0
2030,sc01,12-09 08:00:00+01:00,118_CC_1,0.0
2030,sc01,12-09 08:00:00+01:00,123_CT_1,0.0
2030,sc01,12-09 08:00:00+01:00,101_STEAM_3,0.0
2030,sc01,12-09 08:00:00+01:00,102_CT_1,0.0
2030,sc01,12-09 08:00:00+01:00,113_CT_2,0.0
2030,sc01,12-09 08:00:00+01:00,115_STEAM_2,0.0
2030,sc01,12-09 15:00:00+01:00,121_NUCLEAR_1,1.0
2030,sc01,12-09 15:00:00+01:00,113_CT_4,0.0
2030,sc01,12-09 15:00:00+01:00,115_STEAM_3,0.0
2030,sc01,12-09 15:00:00+01:00,102_STEAM_4,1.0
2030,sc01,12-09 15:00:00+01:00,113_CT_1,0.0
2030,sc01,12-09 15:00:00+01:00,107_CC_1,0.0
2030,sc01,12-09 15:00:00+01:00,102_CT_2,0.0
2030,sc01,12-09 15:00:00+01:00,101_CT_1,0.0
2030,sc01,12-09 15:00:00+01:00,102_STEAM_3,1.0
2030,sc01,12-09 15:00:00+01:00,115_STEAM_1,0.0
2030,sc01,12-09 15:00:00+01:00,113_CT_3,0.0
2030,sc01,12-09 15:00:00+01:00,123_CT_5,0.0
2030,sc01,12-09 15:00:00+01:00,116_STEAM_1,0.0
2030,sc01,12-09 15:00:00+01:00,123_STEAM_2,0.0
2030,sc01,12-09 15:00:00+01:00,101_CT_2,0.0
2030,sc01,12-09 15:00:00+01:00,123_CT_4,0.0
2030,sc01,12-09 15:00:00+01:00,101_STEAM_4,0.0
2030,sc01,12-09 15:00:00+01:00,123_STEAM_3,0.0
2030,sc01,12-09 15:00:00+01:00,118_CC_1,0.0
2030,sc01,12-09 15:00:00+01:00,123_CT_1,0.0
2030,sc01,12-09 15:00:00+01:00,101_STEAM_3,0.0
2030,sc01,12-09 15:00:00+01:00,102_CT_1,0.0
2030,sc01,12-09 15:00:00+01:00,113_CT_2,0.0
2030,sc01,12-09 15:00:00+01:00,115_STEAM_2,0.0
2030,sc01,12-09 16:00:00+01:00,121_NUCLEAR_1,0.9014844865917426
2030,sc01,12-09 16:00:00+01:00,113_CT_4,0.0
2030,sc01,12-09 16:00:00+01:00,115_STEAM_3,0.0
2030,sc01,12-09 16:00:00+01:00,102_STEAM_4,0.0
2030,sc01,12-09 16:00:00+01:00,113_CT_1,0.0
2030,sc01,12-09 16:00:00+01:00,107_CC_1,0.0
2030,sc01,12-09 16:00:00+01:00,102_CT_2,0.0
2030,sc01,12-09 16:00:00+01:00,101_CT_1,0.0
2030,sc01,12-09 16:00:00+01:00,102_STEAM_3,0.9424353316289937
2030,sc01,12-09 16:00:00+01:00,115_STEAM_1,0.0
2030,sc01,12-09 16:00:00+01:00,113_CT_3,0.0
2030,sc01,12-09 16:00:00+01:00,123_CT_5,0.0
2030,sc01,12-09 16:00:00+01:00,116_STEAM_1,0.0
2030,sc01,12-09 16:00:00+01:00,123_STEAM_2,0.0
2030,sc01,12-09 16:00:00+01:00,101_CT_2,0.0
2030,sc01,12-09 16:00:00+01:00,123_CT_4,0.0
2030,sc01,12-09 16:00:00+01:00,101_STEAM_4,0.0
2030,sc01,12-09 16:00:00+01:00,123_STEAM_3,0.0
2030,sc01,12-09 16:00:00+01:00,118_CC_1,0.9723806916676019
2030,sc01,12-09 16:00:00+01:00,123_CT_1,0.0
2030,sc01,12-09 16:00:00+01:00,101_STEAM_3,0.0
2030,sc01,12-09 16:00:00+01:00,102_CT_1,0.0
2030,sc01,12-09 16:00:00+01:00,113_CT_2,0.0
2030,sc01,12-09 16:00:00+01:00,115_STEAM_2,0.0
2030,sc01,12-09 19:00:00+01:00,121_NUCLEAR_1,1.0
2030,sc01,12-09 19:00:00+01:00,113_CT_4,0.0
2030,sc01,12-09 19:00:00+01:00,115_STEAM_3,1.0
2030,sc01,12-09 19:00:00+01:00,102_STEAM_4,0.0
2030,sc01,12-09 19:00:00+01:00,113_CT_1,0.0
2030,sc01,12-09 19:00:00+01:00,107_CC_1,1.0
2030,sc01,12-09 19:00:00+01:00,102_CT_2,0.0
2030,sc01,12-09 19:00:00+01:00,101_CT_1,0.0
2030,sc01,12-09 19:00:00+01:00,102_STEAM_3,0.05756466837100629
2030,sc01,12-09 19:00:00+01:00,115_STEAM_1,0.0
2030,sc01,12-09 19:00:00+01:00,113_CT_3,0.0
2030,sc01,12-09 19:00:00+01:00,123_CT_5,0.0
2030,sc01,12-09 19:00:00+01:00,116_STEAM_1,0.0
2030,sc01,12-09 19:00:00+01:00,123_STEAM_2,0.0
2030,sc01,12-09 19:00:00+01:00,101_CT_2,0.0
2030,sc01,12-09 19:00:00+01:00,123_CT_4,0.0
2030,sc01,12-09 19:00:00+01:00,101_STEAM_4,1.0
2030,sc01,12-09 19:00:00+01:00,123_STEAM_3,0.0
2030,sc01,12-09 19:00:00+01:00,118_CC_1,0.02761930833239811
2030,sc01,12-09 19:00:00+01:00,123_CT_1,0.0
2030,sc01,12-09 19:00:00+01:00,101_STEAM_3,1.0
2030,sc01,12-09 19:00:00+01:00,102_CT_1,0.0
2030,sc01,12-09 19:00:00+01:00,113_CT_2,0.0
2030,sc01,12-09 19:00:00+01:00,115_STEAM_2,0.0
2030,sc01,12-09 22:00:00+01:00,121_NUCLEAR_1,0.0
2030,sc01,12-09 22:00:00+01:00,113_CT_4,0.0
2030,sc01,12-09 22:00:00+01:00,115_STEAM_3,0.0
2030,sc01,12-09 22:00:00+01:00,102_STEAM_4,0.0
2030,sc01,12-09 22:00:00+01:00,113_CT_1,0.0
2030,sc01,12-09 22:00:00+01:00,107_CC_1,0.05523971251187659
2030,sc01,12-09 22:00:00+01:00,102_CT_2,0.0
2030,sc01,12-09 22:00:00+01:00,101_CT_1,0.0
2030,sc01,12-09 22:00:00+01:00,102_STEAM_3,0.0
2030,sc01,12-09 22:00:00+01:00,115_STEAM_1,0.0
2030,sc01,12-09 22:00:00+01:00,113_CT_3,0.0
2030,sc01,12-09 22:00:00+01:00,123_CT_5,0.0
2030,sc01,12-09 22:00:00+01:00,116_STEAM_1,0.0
2030,sc01,12-09 22:00:00+01:00,123_STEAM_2,0.0
2030,sc01,12-09 22:00:00+01:00,101_CT_2,0.0
2030,sc01,12-09 22:00:00+01:00,123_CT_4,0.0
2030,sc01,12-09 22:00:00+01:00,101_STEAM_4,0.0
2030,sc01,12-09 22:00:00+01:00,123_STEAM_3,0.0
2030,sc01,12-09 22:00:00+01:00,118_CC_1,0.0
2030,sc01,12-09 22:00:00+01:00,123_CT_1,0.0
2030,sc01,12-09 22:00:00+01:00,101_STEAM_3,0.0
2030,sc01,12-09 22:00:00+01:00,102_CT_1,0.0
2030,sc01,12-09 22:00:00+01:00,113_CT_2,0.0
2030,sc01,12-09 22:00:00+01:00,115_STEAM_2,0.0
2030,sc01,12-11 11:00:00+01:00,121_NUCLEAR_1,0.2810844230061553
2030,sc01,12-11 11:00:00+01:00,113_CT_4,0.0
2030,sc01,12-11 11:00:00+01:00,115_STEAM_3,0.0
2030,sc01,12-11 11:00:00+01:00,102_STEAM_4,0.9381626730963945
2030,sc01,12-11 11:00:00+01:00,113_CT_1,0.0
2030,sc01,12-11 11:00:00+01:00,107_CC_1,0.0
2030,sc01,12-11 11:00:00+01:00,102_CT_2,0.0
2030,sc01,12-11 11:00:00+01:00,101_CT_1,0.0
2030,sc01,12-11 11:00:00+01:00,102_STEAM_3,0.0
2030,sc01,12-11 11:00:00+01:00,115_STEAM_1,0.0
2030,sc01,12-11 11:00:00+01:00,113_CT_3,0.0
2030,sc01,12-11 11:00:00+01:00,123_CT_5,0.0
2030,sc01,12-11 11:00:00+01:00,116_STEAM_1,0.0
2030,sc01,12-11 11:00:00+01:00,123_STEAM_2,0.0
2030,sc01,12-11 11:00:00+01:00,101_CT_2,0.0
2030,sc01,12-11 11:00:00+01:00,123_CT_4,0.0
2030,sc01,12-11 11:00:00+01:00,101_STEAM_4,0.0
2030,sc01,12-11 11:00:00+01:00,123_STEAM_3,0.0
2030,sc01,12-11 11:00:00+01:00,118_CC_1,0.0
2030,sc01,12-11 11:00:00+01:00,123_CT_1,0.0
2030,sc01,12-11 11:00:00+01:00,101_STEAM_3,0.0
2030,sc01,12-11 11:00:00+01:00,102_CT_1,0.0
2030,sc01,12-11 11:00:00+01:00,113_CT_2,0.0
2030,sc01,12-11 11:00:00+01:00,115_STEAM_2,0.0
2030,sc01,12-12 15:00:00+01:00,121_NUCLEAR_1,0.0
2030,sc01,12-12 15:00:00+01:00,113_CT_4,0.0
2030,sc01,12-12 15:00:00+01:00,115_STEAM_3,0.0
2030,sc01,12-12 15:00:00+01:00,102_STEAM_4,0.0
2030,sc01,12-12 15:00:00+01:00,113_CT_1,0.0
2030,sc01,12-12 15:00:00+01:00,107_CC_1,0.0
2030,sc01,12-12 15:00:00+01:00,102_CT_2,0.0
2030,sc01,12-12 15:00:00+01:00,101_CT_1,0.0
2030,sc01,12-12 15:00:00+01:00,102_STEAM_3,0.0
2030,sc01,12-12 15:00:00+01:00,115_STEAM_1,0.0
2030,sc01,12-12 15:00:00+01:00,113_CT_3,0.0
2030,sc01,12-12 15:00:00+01:00,123_CT_5,0.0
2030,sc01,12-12 15:00:00+01:00,116_STEAM_1,0.0
2030,sc01,12-12 15:00:00+01:00,123_STEAM_2,0.0
2030,sc01,12-12 15:00:00+01:00,101_CT_2,0.0
2030,sc01,12-12 15:00:00+01:00,123_CT_4,0.0
2030,sc01,12-12 15:00:00+01:00,101_STEAM_4,0.0
2030,sc01,12-12 15:00:00+01:00,123_STEAM_3,0.0
2030,sc01,12-12 15:00:00+01:00,118_CC_1,0.0
2030,sc01,12-12 15:00:00+01:00,123_CT_1,0.0
2030,sc01,12-12 15:00:00+01:00,101_STEAM_3,0.0
2030,sc01,12-12 15:00:00+01:00,102_CT_1,0.0
2030,sc01,12-12 15:00:00+01:00,113_CT_2,0.0
2030,sc01,12-12 15:00:00+01:00,115_STEAM_2,0.0
2030,sc01,12-16 09:00:00+01:00,121_NUCLEAR_1,0.1304313502293084
2030,sc01,12-16 09:00:00+01:00,113_CT_4,0.0
2030,sc01,12-16 09:00:00+01:00,115_STEAM_3,0.0
2030,sc01,12-16 09:00:00+01:00,102_STEAM_4,0.0
2030,sc01,12-16 09:00:00+01:00,113_CT_1,0.0
2030,sc01,12-16 09:00:00+01:00,107_CC_1,0.0
2030,sc01,12-16 09:00:00+01:00,102_CT_2,0.0
2030,sc01,12-16 09:00:00+01:00,101_CT_1,0.0
2030,sc01,12-16 09:00:00+01:00,102_STEAM_3,0.0
2030,sc01,12-16 09:00:00+01:00,115_STEAM_1,0.0
2030,sc01,12-16 09:00:00+01:00,113_CT_3,0.0
2030,sc01,12-16 09:00:00+01:00,123_CT_5,0.0
2030,sc01,12-16 09:00:00+01:00,116_STEAM_1,0.0
2030,sc01,12-16 09:00:00+01:00,123_STEAM_2,0.0
2030,sc01,12-16 09:00:00+01:00,101_CT_2,0.0
2030,sc01,12-16 09:00:00+01:00,123_CT_4,0.0
2030,sc01,12-16 09:00:00+01:00,101_STEAM_4,0.0
2030,sc01,12-16 09:00:00+01:00,123_STEAM_3,0.0
2030,sc01,12-16 09:00:00+01:00,118_CC_1,1.0
2030,sc01,12-16 09:00:00+01:00,123_CT_1,0.0
2030,sc01,12-16 09:00:00+01:00,101_STEAM_3,0.0
2030,sc01,12-16 09:00:00+01:00,102_CT_1,0.0
2030,sc01,12-16 09:00:00+01:00,113_CT_2,0.0
2030,sc01,12-16 09:00:00+01:00,115_STEAM_2,0.0
2030,sc01,12-17 16:00:00+01:00,121_NUCLEAR_1,0.8695686497706916
2030,sc01,12-17 16:00:00+01:00,113_CT_4,0.0
2030,sc01,12-17 16:00:00+01:00,115_STEAM_3,0.0
2030,sc01,12-17 16:00:00+01:00,102_STEAM_4,0.0
2030,sc01,12-17 16:00:00+01:00,113_CT_1,0.0
2030,sc01,12-17 16:00:00+01:00,107_CC_1,0.0
2030,sc01,12-17 16:00:00+01:00,102_CT_2,0.0
2030,sc01,12-17 16:00:00+01:00,101_CT_1,0.0
2030,sc01,12-17 16:00:00+01:00,102_STEAM_3,0.0
2030,sc01,12-17 16:00:00+01:00,115_STEAM_1,0.0
2030,sc01,12-17 16:00:00+01:00,113_CT_3,0.0
2030,sc01,12-17 16:00:00+01:00,123_CT_5,0.0
2030,sc01,12-17 16:00:00+01:00,116_STEAM_1,0.0
2030,sc01,12-17 16:00:00+01:00,123_STEAM_2,0.0
2030,sc01,12-17 16:00:00+01:00,101_CT_2,0.0
2030,sc01,12-17 16:00:00+01:00,123_CT_4,0.0
2030,sc01,12-17 16:00:00+01:00,101_STEAM_4,0.0
2030,sc01,12-17 16:00:00+01:00,123_STEAM_3,0.0
2030,sc01,12-17 16:00:00+01:00,118_CC_1,0.3222801665223204
2030,sc01,12-17 16:00:00+01:00,123_CT_1,0.0
2030,sc01,12-17 16:00:00+01:00,101_STEAM_3,0.0
2030,sc01,12-17 16:00:00+01:00,102_CT_1,0.0
2030,sc01,12-17 16:00:00+01:00,113_CT_2,0.0
2030,sc01,12-17 16:00:00+01:00,115_STEAM_2,0.0
2030,sc01,12-19 10:00:00+01:00,121_NUCLEAR_1,0.40709966806098796
2030,sc01,12-19 10:00:00+01:00,113_CT_4,0.0
2030,sc01,12-19 10:00:00+01:00,115_STEAM_3,0.0
2030,sc01,12-19 10:00:00+01:00,102_STEAM_4,1.0
2030,sc01,12-19 10:00:00+01:00,113_CT_1,0.0
2030,sc01,12-19 10:00:00+01:00,107_CC_1,0.0
2030,sc01,12-19 10:00:00+01:00,102_CT_2,0.0
2030,sc01,12-19 10:00:00+01:00,101_CT_1,0.0
2030,sc01,12-19 10:00:00+01:00,102_STEAM_3,1.0
2030,sc01,12-19 10:00:00+01:00,115_STEAM_1,0.0
2030,sc01,12-19 10:00:00+01:00,113_CT_3,0.0
2030,sc01,12-19 10:00:00+01:00,123_CT_5,0.0
2030,sc01,12-19 10:00:00+01:00,116_STEAM_1,0.0
2030,sc01,12-19 10:00:00+01:00,123_STEAM_2,0.0
2030,sc01,12-19 10:00:00+01:00,101_CT_2,0.0
2030,sc01,12-19 10:00:00+01:00,123_CT_4,0.0
2030,sc01,12-19 10:00:00+01:00,101_STEAM_4,0.0
2030,sc01,12-19 10:00:00+01:00,123_STEAM_3,0.0
2030,sc01,12-19 10:00:00+01:00,118_CC_1,0.6777198334776796
2030,sc01,12-19 10:00:00+01:00,123_CT_1,0.0
2030,sc01,12-19 10:00:00+01:00,101_STEAM_3,0.0
2030,sc01,12-19 10:00:00+01:00,102_CT_1,0.0
2030,sc01,12-19 10:00:00+01:00,113_CT_2,0.0
2030,sc01,12-19 10:00:00+01:00,115_STEAM_2,0.0
2030,sc01,12-19 11:00:00+01:00,121_NUCLEAR_1,0.10897493904228683
2030,sc01,12-19 11:00:00+01:00,113_CT_4,0.0
2030,sc01,12-19 11:00:00+01:00,115_STEAM_3,0.0
2030,sc01,12-19 11:00:00+01:00,102_STEAM_4,0.0
2030,sc01,12-19 11:00:00+01:00,113_CT_1,0.0
2030,sc01,12-19 11:00:00+01:00,107_CC_1,0.0
2030,sc01,12-19 11:00:00+01:00,102_CT_2,0.0
2030,sc01,12-19 11:00:00+01:00,101_CT_1,0.0
2030,sc01,12-19 11:00:00+01:00,102_STEAM_3,0.0
2030,sc01,12-19 11:00:00+01:00,115_STEAM_1,0.0
2030,sc01,12-19 11:00:00+01:00,113_CT_3,0.0
2030,sc01,12-19 11:00:00+01:00,123_CT_5,0.0
2030,sc01,12-19 11:00:00+01:00,116_STEAM_1,0.0
2030,sc01,12-19 11:00:00+01:00,123_STEAM_2,0.0
2030,sc01,12-19 11:00:00+01:00,101_CT_2,0.0
2030,sc01,12-19 11:00:00+01:00,123_CT_4,0.0
2030,sc01,12-19 11:00:00+01:00,101_STEAM_4,1.0
2030,sc01,12-19 11:00:00+01:00,123_STEAM_3,0.0
2030,sc01,12-19 11:00:00+01:00,118_CC_1,0.0
2030,sc01,12-19 11:00:00+01:00,123_CT_1,0.0
2030,sc01,12-19 11:00:00+01:00,101_STEAM_3,1.0
2030,sc01,12-19 11:00:00+01:00,102_CT_1,0.0
2030,sc01,12-19 11:00:00+01:00,113_CT_2,0.0
2030,sc01,12-19 11:00:00+01:00,115_STEAM_2,0.0
