Period,Scenario,LoadLevel,mEUR
2030,sc01,01-01 00:00:00+01:00,3.2047205762843434
2030,sc01,01-01 01:00:00+01:00,0.0
2030,sc01,01-01 02:00:00+01:00,0.0
2030,sc01,01-01 03:00:00+01:00,0.0
2030,sc01,01-01 04:00:00+01:00,0.0
2030,sc01,01-01 05:00:00+01:00,0.0
2030,sc01,01-01 06:00:00+01:00,0.0
2030,sc01,01-01 07:00:00+01:00,0.0
2030,sc01,01-01 08:00:00+01:00,0.0
2030,sc01,01-01 09:00:00+01:00,0.0
2030,sc01,01-01 10:00:00+01:00,0.0
2030,sc01,01-01 11:00:00+01:00,0.0
2030,sc01,01-01 12:00:00+01:00,0.0
2030,sc01,01-01 13:00:00+01:00,0.0
2030,sc01,01-01 14:00:00+01:00,0.0
2030,sc01,01-01 15:00:00+01:00,0.0
2030,sc01,01-01 16:00:00+01:00,0.0
2030,sc01,01-01 17:00:00+01:00,0.0
2030,sc01,01-01 18:00:00+01:00,45.346106513256174
2030,sc01,01-01 19:00:00+01:00,75.13010787445157
2030,sc01,01-01 20:00:00+01:00,74.89236961940712
2030,sc01,01-01 21:00:00+01:00,65.67626182761741
2030,sc01,01-01 22:00:00+01:00,51.032169041161154
2030,sc01,01-01 23:00:00+01:00,21.829448366599575
2030,sc01,01-02 00:00:00+01:00,0.0
2030,sc01,01-02 01:00:00+01:00,0.0
2030,sc01,01-02 02:00:00+01:00,0.0
2030,sc01,01-02 03:00:00+01:00,0.0
2030,sc01,01-02 04:00:00+01:00,0.0
2030,sc01,01-02 05:00:00+01:00,0.0
2030,sc01,01-02 06:00:00+01:00,0.0
2030,sc01,01-02 07:00:00+01:00,56.623324232160236
2030,sc01,01-02 08:00:00+01:00,121.66010672627321
2030,sc01,01-02 09:00:00+01:00,42.35758123628321
2030,sc01,01-02 10:00:00+01:00,23.218919543645615
2030,sc01,01-02 11:00:00+01:00,26.00557125483186
2030,sc01,01-02 12:00:00+01:00,27.32463050965592
2030,sc01,01-02 13:00:00+01:00,26.649456743019815
2030,sc01,01-02 14:00:00+01:00,25.917562249394926
2030,sc01,01-02 15:00:00+01:00,28.6520143181059
2030,sc01,01-02 16:00:00+01:00,36.231152531200934
2030,sc01,01-02 17:00:00+01:00,154.17160641548756
2030,sc01,01-02 18:00:00+01:00,435.49614242018
2030,sc01,01-02 19:00:00+01:00,460.0972789809987
2030,sc01,01-02 20:00:00+01:00,418.7428151321125
2030,sc01,01-02 21:00:00+01:00,353.5565932223809
2030,sc01,01-02 22:00:00+01:00,284.63013534609297
2030,sc01,01-02 23:00:00+01:00,193.10471908534828
2030,sc01,01-03 00:00:00+01:00,116.06782698093612
2030,sc01,01-03 01:00:00+01:00,67.1487158309581
2030,sc01,01-03 02:00:00+01:00,41.73038164654628
2030,sc01,01-03 03:00:00+01:00,19.57323452546836
2030,sc01,01-03 04:00:00+01:00,17.750102166076875
2030,sc01,01-03 05:00:00+01:00,34.711088854726185
2030,sc01,01-03 06:00:00+01:00,132.2606783975506
2030,sc01,01-03 07:00:00+01:00,289.1107200617583
2030,sc01,01-03 08:00:00+01:00,414.2970979811826
2030,sc01,01-03 09:00:00+01:00,345.8318785085434
2030,sc01,01-03 10:00:00+01:00,110.14598525958266
2030,sc01,01-03 11:00:00+01:00,73.95427358565853
2030,sc01,01-03 12:00:00+01:00,68.46530067805205
2030,sc01,01-03 13:00:00+01:00,16.92155824325919
2030,sc01,01-03 14:00:00+01:00,16.450745183839793
2030,sc01,01-03 15:00:00+01:00,18.64666910762249
2030,sc01,01-03 16:00:00+01:00,46.18849670601583
2030,sc01,01-03 17:00:00+01:00,379.55554173579594
2030,sc01,01-03 18:00:00+01:00,577.0515276356073
2030,sc01,01-03 19:00:00+01:00,570.0582855186849
2030,sc01,01-03 20:00:00+01:00,490.2851251992533
2030,sc01,01-03 21:00:00+01:00,375.8721829449832
2030,sc01,01-03 22:00:00+01:00,284.9020853054197
2030,sc01,01-03 23:00:00+01:00,180.8317228870624
2030,sc01,01-04 00:00:00+01:00,117.58653608444004
2030,sc01,01-04 01:00:00+01:00,69.8529559229198
2030,sc01,01-04 02:00:00+01:00,37.92417700356452
2030,sc01,01-04 03:00:00+01:00,21.30667738109082
2030,sc01,01-04 04:00:00+01:00,15.066058600839275
2030,sc01,01-04 05:00:00+01:00,29.191516348802967
2030,sc01,01-04 06:00:00+01:00,94.62885253425009
2030,sc01,01-04 07:00:00+01:00,239.74094111597475
2030,sc01,01-04 08:00:00+01:00,358.5920489084143
2030,sc01,01-04 09:00:00+01:00,310.17606162949573
2030,sc01,01-04 10:00:00+01:00,23.949098962988113
2030,sc01,01-04 11:00:00+01:00,22.206570164624505
2030,sc01,01-04 12:00:00+01:00,24.70332723212648
2030,sc01,01-04 13:00:00+01:00,25.488946239959734
2030,sc01,01-04 14:00:00+01:00,20.868269562886443
2030,sc01,01-04 15:00:00+01:00,23.885379183468533
2030,sc01,01-04 16:00:00+01:00,38.187001059874355
2030,sc01,01-04 17:00:00+01:00,141.58181029502165
2030,sc01,01-04 18:00:00+01:00,388.5901712092537
2030,sc01,01-04 19:00:00+01:00,503.2578279247951
2030,sc01,01-04 20:00:00+01:00,416.59099567028454
2030,sc01,01-04 21:00:00+01:00,315.09221895566
2030,sc01,01-04 22:00:00+01:00,224.0651970720286
2030,sc01,01-04 23:00:00+01:00,160.55648475714878
2030,sc01,01-05 00:00:00+01:00,106.46792374452207
2030,sc01,01-05 01:00:00+01:00,60.76283622852949
2030,sc01,01-05 02:00:00+01:00,30.663287106772085
2030,sc01,01-05 03:00:00+01:00,11.994848012431568
2030,sc01,01-05 04:00:00+01:00,4.1241460230093745
2030,sc01,01-05 05:00:00+01:00,6.626545873129233
2030,sc01,01-05 06:00:00+01:00,20.50661616511938
2030,sc01,01-05 07:00:00+01:00,54.620256416425605
2030,sc01,01-05 08:00:00+01:00,97.81222935765541
2030,sc01,01-05 09:00:00+01:00,35.68459967586747
2030,sc01,01-05 10:00:00+01:00,18.83939372787639
2030,sc01,01-05 11:00:00+01:00,22.308056272175243
2030,sc01,01-05 12:00:00+01:00,21.88432859083754
2030,sc01,01-05 13:00:00+01:00,18.626625083567077
2030,sc01,01-05 14:00:00+01:00,15.471483679185392
2030,sc01,01-05 15:00:00+01:00,19.258848178902348
2030,sc01,01-05 16:00:00+01:00,28.191446324032114
2030,sc01,01-05 17:00:00+01:00,176.1879829648076
2030,sc01,01-05 18:00:00+01:00,455.3716981696257
2030,sc01,01-05 19:00:00+01:00,472.53071270643755
2030,sc01,01-05 20:00:00+01:00,310.6452808246909
2030,sc01,01-05 21:00:00+01:00,243.38491954477814
2030,sc01,01-05 22:00:00+01:00,187.15509856859398
2030,sc01,01-05 23:00:00+01:00,149.54981059033312
2030,sc01,01-06 00:00:00+01:00,103.69778985163347
2030,sc01,01-06 01:00:00+01:00,61.36102668326838
2030,sc01,01-06 02:00:00+01:00,34.45839970045263
2030,sc01,01-06 03:00:00+01:00,13.222862016897384
2030,sc01,01-06 04:00:00+01:00,1.6090957567819824
2030,sc01,01-06 05:00:00+01:00,0.0
2030,sc01,01-06 06:00:00+01:00,9.783419793406686
2030,sc01,01-06 07:00:00+01:00,28.79862559373477
2030,sc01,01-06 08:00:00+01:00,78.58028931125176
2030,sc01,01-06 09:00:00+01:00,19.052604696317303
2030,sc01,01-06 10:00:00+01:00,7.159528954484486
2030,sc01,01-06 11:00:00+01:00,0.0
2030,sc01,01-06 12:00:00+01:00,0.0
2030,sc01,01-06 13:00:00+01:00,7.608292370728409
2030,sc01,01-06 14:00:00+01:00,5.236599696376977
2030,sc01,01-06 15:00:00+01:00,9.190258105515598
2030,sc01,01-06 16:00:00+01:00,30.009311120242053
2030,sc01,01-06 17:00:00+01:00,148.96819120851035
2030,sc01,01-06 18:00:00+01:00,422.53325763713633
2030,sc01,01-06 19:00:00+01:00,450.0398340166151
2030,sc01,01-06 20:00:00+01:00,415.6378405067131
2030,sc01,01-06 21:00:00+01:00,343.53706764039464
2030,sc01,01-06 22:00:00+01:00,264.22853944440067
2030,sc01,01-06 23:00:00+01:00,159.76488994721373
2030,sc01,01-07 00:00:00+01:00,82.60080043936341
2030,sc01,01-07 01:00:00+01:00,41.83987238816753
2030,sc01,01-07 02:00:00+01:00,25.942448919991243
2030,sc01,01-07 03:00:00+01:00,11.245638527332275
2030,sc01,01-07 04:00:00+01:00,14.632529914667684
2030,sc01,01-07 05:00:00+01:00,66.78620212148488
2030,sc01,01-07 06:00:00+01:00,322.4835640773994
2030,sc01,01-07 07:00:00+01:00,555.5715645848966
2030,sc01,01-07 08:00:00+01:00,693.2426916711133
2030,sc01,01-07 09:00:00+01:00,558.6614443173428
2030,sc01,01-07 10:00:00+01:00,319.95888181433855
2030,sc01,01-07 11:00:00+01:00,253.55618650079197
2030,sc01,01-07 12:00:00+01:00,179.88012853609948
2030,sc01,01-07 13:00:00+01:00,177.7890025148872
2030,sc01,01-07 14:00:00+01:00,153.0430951711262
2030,sc01,01-07 15:00:00+01:00,141.7588973101853
2030,sc01,01-07 16:00:00+01:00,192.53215008499768
2030,sc01,01-07 17:00:00+01:00,213.6750171211207
2030,sc01,01-07 18:00:00+01:00,545.6058426329946
2030,sc01,01-07 19:00:00+01:00,537.1432657012242
2030,sc01,01-07 20:00:00+01:00,459.9337201406375
2030,sc01,01-07 21:00:00+01:00,366.00903976957534
2030,sc01,01-07 22:00:00+01:00,267.2621393635365
2030,sc01,01-07 23:00:00+01:00,161.49566289890384
2030,sc01,01-08 00:00:00+01:00,101.0446259009928
2030,sc01,01-08 01:00:00+01:00,55.58750827318005
2030,sc01,01-08 02:00:00+01:00,26.318295867687493
2030,sc01,01-08 03:00:00+01:00,10.457685060732807
2030,sc01,01-08 04:00:00+01:00,8.088485531645118
2030,sc01,01-08 05:00:00+01:00,29.722665765125946
2030,sc01,01-08 06:00:00+01:00,120.24730817830489
2030,sc01,01-08 07:00:00+01:00,296.0591373674946
2030,sc01,01-08 08:00:00+01:00,426.4805829636854
2030,sc01,01-08 09:00:00+01:00,204.27974095776048
2030,sc01,01-08 10:00:00+01:00,45.911089062042
2030,sc01,01-08 11:00:00+01:00,45.70169293044502
2030,sc01,01-08 12:00:00+01:00,43.625336060643676
2030,sc01,01-08 13:00:00+01:00,38.42708814646779
2030,sc01,01-08 14:00:00+01:00,57.99377707835174
2030,sc01,01-08 15:00:00+01:00,61.21913582374916
2030,sc01,01-08 16:00:00+01:00,78.89673444396985
2030,sc01,01-08 17:00:00+01:00,237.67150313026107
2030,sc01,01-08 18:00:00+01:00,511.34254667402234
2030,sc01,01-08 19:00:00+01:00,412.8144155649266
2030,sc01,01-08 20:00:00+01:00,360.24889818120363
2030,sc01,01-08 21:00:00+01:00,291.7605545480758
2030,sc01,01-08 22:00:00+01:00,222.53569876847538
2030,sc01,01-08 23:00:00+01:00,170.1866356223789
2030,sc01,01-09 00:00:00+01:00,107.73715503761287
2030,sc01,01-09 01:00:00+01:00,63.307212428361126
2030,sc01,01-09 02:00:00+01:00,35.66822544513029
2030,sc01,01-09 03:00:00+01:00,23.6035608350044
2030,sc01,01-09 04:00:00+01:00,23.052521855247708
2030,sc01,01-09 05:00:00+01:00,48.01448418430903
2030,sc01,01-09 06:00:00+01:00,202.37548806573065
2030,sc01,01-09 07:00:00+01:00,432.2230217646682
2030,sc01,01-09 08:00:00+01:00,563.0346977949661
2030,sc01,01-09 09:00:00+01:00,426.57648644466434
2030,sc01,01-09 10:00:00+01:00,152.14293104887264
2030,sc01,01-09 11:00:00+01:00,130.76784416432187
2030,sc01,01-09 12:00:00+01:00,111.5128141742321
2030,sc01,01-09 13:00:00+01:00,91.83100992886942
2030,sc01,01-09 14:00:00+01:00,79.71294283448073
2030,sc01,01-09 15:00:00+01:00,133.2823419024665
2030,sc01,01-09 16:00:00+01:00,220.49909694609676
2030,sc01,01-09 17:00:00+01:00,442.16041074454046
2030,sc01,01-09 18:00:00+01:00,772.9810595444654
2030,sc01,01-09 19:00:00+01:00,819.1970761478723
2030,sc01,01-09 20:00:00+01:00,749.362495143019
2030,sc01,01-09 21:00:00+01:00,626.3449740265291
2030,sc01,01-09 22:00:00+01:00,513.2247033960995
2030,sc01,01-09 23:00:00+01:00,377.4511495474261
2030,sc01,01-10 00:00:00+01:00,276.19460731988477
2030,sc01,01-10 01:00:00+01:00,192.29941048384106
2030,sc01,01-10 02:00:00+01:00,147.93034963733072
2030,sc01,01-10 03:00:00+01:00,139.51125255386896
2030,sc01,01-10 04:00:00+01:00,148.83683635336
2030,sc01,01-10 05:00:00+01:00,235.37940602185503
2030,sc01,01-10 06:00:00+01:00,456.3065233856632
2030,sc01,01-10 07:00:00+01:00,709.1851667761578
2030,sc01,01-10 08:00:00+01:00,864.0757770295123
2030,sc01,01-10 09:00:00+01:00,708.274779239199
2030,sc01,01-10 10:00:00+01:00,408.72279223958475
2030,sc01,01-10 11:00:00+01:00,340.13423505125894
2030,sc01,01-10 12:00:00+01:00,317.56077696961256
2030,sc01,01-10 13:00:00+01:00,173.2872190708389
2030,sc01,01-10 14:00:00+01:00,190.154234511235
2030,sc01,01-10 15:00:00+01:00,198.97500642642913
2030,sc01,01-10 16:00:00+01:00,259.76197832690445
2030,sc01,01-10 17:00:00+01:00,589.459372409178
2030,sc01,01-10 18:00:00+01:00,872.5725213428717
2030,sc01,01-10 19:00:00+01:00,844.9021834438131
2030,sc01,01-10 20:00:00+01:00,725.4382991418663
2030,sc01,01-10 21:00:00+01:00,545.5590523508899
2030,sc01,01-10 22:00:00+01:00,376.9572350481532
2030,sc01,01-10 23:00:00+01:00,237.73515041679286
2030,sc01,01-11 00:00:00+01:00,143.99107615835032
2030,sc01,01-11 01:00:00+01:00,92.13497507693253
2030,sc01,01-11 02:00:00+01:00,59.15922020826507
2030,sc01,01-11 03:00:00+01:00,42.51929911014387
2030,sc01,01-11 04:00:00+01:00,37.86245055578727
2030,sc01,01-11 05:00:00+01:00,64.88349127419225
2030,sc01,01-11 06:00:00+01:00,184.04494755625748
2030,sc01,01-11 07:00:00+01:00,407.8115123805178
2030,sc01,01-11 08:00:00+01:00,535.9837493116984
2030,sc01,01-11 09:00:00+01:00,384.8484360065323
2030,sc01,01-11 10:00:00+01:00,59.04021091737609
2030,sc01,01-11 11:00:00+01:00,45.72542808690452
2030,sc01,01-11 12:00:00+01:00,40.40907559978669
2030,sc01,01-11 13:00:00+01:00,26.73016852303146
2030,sc01,01-11 14:00:00+01:00,27.044450234846344
2030,sc01,01-11 15:00:00+01:00,40.41411667666637
2030,sc01,01-11 16:00:00+01:00,58.01051523425215
2030,sc01,01-11 17:00:00+01:00,131.5798354679188
2030,sc01,01-11 18:00:00+01:00,421.230679793212
2030,sc01,01-11 19:00:00+01:00,607.8043998992704
2030,sc01,01-11 20:00:00+01:00,533.4631114045292
2030,sc01,01-11 21:00:00+01:00,416.1474533863067
2030,sc01,01-11 22:00:00+01:00,324.4426594383782
2030,sc01,01-11 23:00:00+01:00,200.38924182939007
2030,sc01,01-12 00:00:00+01:00,140.0312106560026
2030,sc01,01-12 01:00:00+01:00,95.11527698356336
2030,sc01,01-12 02:00:00+01:00,61.455825822901275
2030,sc01,01-12 03:00:00+01:00,34.56687237884239
2030,sc01,01-12 04:00:00+01:00,24.48998505567762
2030,sc01,01-12 05:00:00+01:00,27.54556560193056
2030,sc01,01-12 06:00:00+01:00,47.76781854715911
2030,sc01,01-12 07:00:00+01:00,96.85794878564664
2030,sc01,01-12 08:00:00+01:00,158.4852589863268
2030,sc01,01-12 09:00:00+01:00,75.40439131217933
2030,sc01,01-12 10:00:00+01:00,21.036696694114514
2030,sc01,01-12 11:00:00+01:00,21.909937797035532
2030,sc01,01-12 12:00:00+01:00,19.205475867166847
2030,sc01,01-12 13:00:00+01:00,14.82504100050206
2030,sc01,01-12 14:00:00+01:00,12.530551812745452
2030,sc01,01-12 15:00:00+01:00,15.11000197075569
2030,sc01,01-12 16:00:00+01:00,23.741423051912257
2030,sc01,01-12 17:00:00+01:00,50.49047437951729
2030,sc01,01-12 18:00:00+01:00,294.4410128019168
2030,sc01,01-12 19:00:00+01:00,334.50077749489185
2030,sc01,01-12 20:00:00+01:00,232.34629357052168
2030,sc01,01-12 21:00:00+01:00,199.6558824172741
2030,sc01,01-12 22:00:00+01:00,170.3948680594849
2030,sc01,01-12 23:00:00+01:00,130.48795682452794
2030,sc01,01-13 00:00:00+01:00,85.52408317899136
2030,sc01,01-13 01:00:00+01:00,41.13029213691409
2030,sc01,01-13 02:00:00+01:00,12.777666565455187
2030,sc01,01-13 03:00:00+01:00,0.0
2030,sc01,01-13 04:00:00+01:00,0.0
2030,sc01,01-13 05:00:00+01:00,0.0
2030,sc01,01-13 06:00:00+01:00,0.0
2030,sc01,01-13 07:00:00+01:00,0.0
2030,sc01,01-13 08:00:00+01:00,7.918079936307616
2030,sc01,01-13 09:00:00+01:00,0.0
2030,sc01,01-13 10:00:00+01:00,0.0
2030,sc01,01-13 11:00:00+01:00,0.0
2030,sc01,01-13 12:00:00+01:00,0.0
2030,sc01,01-13 13:00:00+01:00,1.2140211781132562
2030,sc01,01-13 14:00:00+01:00,0.0
2030,sc01,01-13 15:00:00+01:00,1.9164489180307815
2030,sc01,01-13 16:00:00+01:00,10.485270463743634
2030,sc01,01-13 17:00:00+01:00,14.590282537780022
2030,sc01,01-13 18:00:00+01:00,185.44273062751958
2030,sc01,01-13 19:00:00+01:00,232.1009500481589
2030,sc01,01-13 20:00:00+01:00,216.37273209892246
2030,sc01,01-13 21:00:00+01:00,177.1544732657763
2030,sc01,01-13 22:00:00+01:00,141.0159069091872
2030,sc01,01-13 23:00:00+01:00,90.53480452219077
2030,sc01,01-14 00:00:00+01:00,43.13078044145902
2030,sc01,01-14 01:00:00+01:00,9.226940451151556
2030,sc01,01-14 02:00:00+01:00,0.0
2030,sc01,01-14 03:00:00+01:00,0.0
2030,sc01,01-14 04:00:00+01:00,0.0
2030,sc01,01-14 05:00:00+01:00,4.893145019328528
2030,sc01,01-14 06:00:00+01:00,95.21965941171088
2030,sc01,01-14 07:00:00+01:00,246.48266650719026
2030,sc01,01-14 08:00:00+01:00,346.67332692283514
2030,sc01,01-14 09:00:00+01:00,200.61981498739587
2030,sc01,01-14 10:00:00+01:00,44.739385086054966
2030,sc01,01-14 11:00:00+01:00,44.06985102649561
2030,sc01,01-14 12:00:00+01:00,43.87495105852165
2030,sc01,01-14 13:00:00+01:00,42.06402534361317
2030,sc01,01-14 14:00:00+01:00,39.597314793056725
2030,sc01,01-14 15:00:00+01:00,40.842851640984684
2030,sc01,01-14 16:00:00+01:00,48.38540806847786
2030,sc01,01-14 17:00:00+01:00,121.74408191340164
2030,sc01,01-14 18:00:00+01:00,399.99395333680945
2030,sc01,01-14 19:00:00+01:00,434.587342669117
2030,sc01,01-14 20:00:00+01:00,382.1237183082656
2030,sc01,01-14 21:00:00+01:00,309.2865731672507
2030,sc01,01-14 22:00:00+01:00,204.65081581937835
2030,sc01,01-14 23:00:00+01:00,151.6793599436202
2030,sc01,01-15 00:00:00+01:00,97.42128896951525
2030,sc01,01-15 01:00:00+01:00,55.3972731937198
2030,sc01,01-15 02:00:00+01:00,34.92725771959788
2030,sc01,01-15 03:00:00+01:00,26.40937080739373
2030,sc01,01-15 04:00:00+01:00,25.8035405684176
2030,sc01,01-15 05:00:00+01:00,49.578460081677626
2030,sc01,01-15 06:00:00+01:00,160.88475264681944
2030,sc01,01-15 07:00:00+01:00,363.6090418856288
2030,sc01,01-15 08:00:00+01:00,498.8667245778385
2030,sc01,01-15 09:00:00+01:00,398.16771729342025
2030,sc01,01-15 10:00:00+01:00,106.82660317374054
2030,sc01,01-15 11:00:00+01:00,60.079397983965464
2030,sc01,01-15 12:00:00+01:00,48.06458197619639
2030,sc01,01-15 13:00:00+01:00,46.48293275833669
2030,sc01,01-15 14:00:00+01:00,43.39563102686715
2030,sc01,01-15 15:00:00+01:00,44.041562271298744
2030,sc01,01-15 16:00:00+01:00,80.05630365697593
2030,sc01,01-15 17:00:00+01:00,314.01918216805814
2030,sc01,01-15 18:00:00+01:00,537.647127273315
2030,sc01,01-15 19:00:00+01:00,583.0961871609012
2030,sc01,01-15 20:00:00+01:00,397.9546264815224
2030,sc01,01-15 21:00:00+01:00,318.6037548690748
2030,sc01,01-15 22:00:00+01:00,243.54934942518673
2030,sc01,01-15 23:00:00+01:00,179.13201747806718
2030,sc01,01-16 00:00:00+01:00,127.94392592489992
2030,sc01,01-16 01:00:00+01:00,80.15435389033121
2030,sc01,01-16 02:00:00+01:00,53.166979703212874
2030,sc01,01-16 03:00:00+01:00,34.90652177123836
2030,sc01,01-16 04:00:00+01:00,29.3469038380268
2030,sc01,01-16 05:00:00+01:00,55.592459494162824
2030,sc01,01-16 06:00:00+01:00,250.7951605562446
2030,sc01,01-16 07:00:00+01:00,485.4946982784971
2030,sc01,01-16 08:00:00+01:00,631.1688585462747
2030,sc01,01-16 09:00:00+01:00,563.070016778636
2030,sc01,01-16 10:00:00+01:00,330.1226872140531
2030,sc01,01-16 11:00:00+01:00,156.8466363535368
2030,sc01,01-16 12:00:00+01:00,125.16056457250144
2030,sc01,01-16 13:00:00+01:00,115.37184575066492
2030,sc01,01-16 14:00:00+01:00,103.25533299277403
2030,sc01,01-16 15:00:00+01:00,174.93650576045093
2030,sc01,01-16 16:00:00+01:00,338.70147373316223
2030,sc01,01-16 17:00:00+01:00,531.0998693273256
2030,sc01,01-16 18:00:00+01:00,624.3569569083601
2030,sc01,01-16 19:00:00+01:00,591.1891798473796
2030,sc01,01-16 20:00:00+01:00,393.96784646893155
2030,sc01,01-16 21:00:00+01:00,307.0077808524536
2030,sc01,01-16 22:00:00+01:00,244.60546239758028
2030,sc01,01-16 23:00:00+01:00,179.45401923201274
2030,sc01,01-17 00:00:00+01:00,119.17790799093467
2030,sc01,01-17 01:00:00+01:00,76.81269900732198
2030,sc01,01-17 02:00:00+01:00,51.6907356705949
2030,sc01,01-17 03:00:00+01:00,37.43101034251211
2030,sc01,01-17 04:00:00+01:00,32.35976110448318
2030,sc01,01-17 05:00:00+01:00,53.64089278523808
2030,sc01,01-17 06:00:00+01:00,133.61655477981117
2030,sc01,01-17 07:00:00+01:00,470.8087291649144
2030,sc01,01-17 08:00:00+01:00,601.9448142118554
2030,sc01,01-17 09:00:00+01:00,587.3547449597978
2030,sc01,01-17 10:00:00+01:00,389.821344184304
2030,sc01,01-17 11:00:00+01:00,180.42667414242436
2030,sc01,01-17 12:00:00+01:00,89.3387742248777
2030,sc01,01-17 13:00:00+01:00,78.48905113555352
2030,sc01,01-17 14:00:00+01:00,69.2682287305019
2030,sc01,01-17 15:00:00+01:00,98.75714943086393
2030,sc01,01-17 16:00:00+01:00,228.1514118866576
2030,sc01,01-17 17:00:00+01:00,456.2384582791542
2030,sc01,01-17 18:00:00+01:00,636.9246537262738
2030,sc01,01-17 19:00:00+01:00,613.8665538439302
2030,sc01,01-17 20:00:00+01:00,544.5508826347186
2030,sc01,01-17 21:00:00+01:00,427.72007909033977
2030,sc01,01-17 22:00:00+01:00,337.1775715917905
2030,sc01,01-17 23:00:00+01:00,220.88167691065473
2030,sc01,01-18 00:00:00+01:00,145.37950735375006
2030,sc01,01-18 01:00:00+01:00,105.64016621430984
2030,sc01,01-18 02:00:00+01:00,81.80717677905457
2030,sc01,01-18 03:00:00+01:00,66.69778636891691
2030,sc01,01-18 04:00:00+01:00,68.74337233983638
2030,sc01,01-18 05:00:00+01:00,108.45806354798083
2030,sc01,01-18 06:00:00+01:00,469.26428120335856
2030,sc01,01-18 07:00:00+01:00,732.6315653254924
2030,sc01,01-18 08:00:00+01:00,859.3885394740571
2030,sc01,01-18 09:00:00+01:00,770.2717697038158
2030,sc01,01-18 10:00:00+01:00,450.78902352603035
2030,sc01,01-18 11:00:00+01:00,362.82118040094815
2030,sc01,01-18 12:00:00+01:00,316.6317182924374
2030,sc01,01-18 13:00:00+01:00,277.6949262892439
2030,sc01,01-18 14:00:00+01:00,246.98281261902366
2030,sc01,01-18 15:00:00+01:00,276.47725122934077
2030,sc01,01-18 16:00:00+01:00,489.80616018752164
2030,sc01,01-18 17:00:00+01:00,763.7109467193682
2030,sc01,01-18 18:00:00+01:00,905.8420259379237
2030,sc01,01-18 19:00:00+01:00,885.8915346972697
2030,sc01,01-18 20:00:00+01:00,782.459868533644
2030,sc01,01-18 21:00:00+01:00,653.6052285245751
2030,sc01,01-18 22:00:00+01:00,558.668092880055
2030,sc01,01-18 23:00:00+01:00,320.5819435519934
2030,sc01,01-19 00:00:00+01:00,231.32484212756256
2030,sc01,01-19 01:00:00+01:00,167.0895414481097
2030,sc01,01-19 02:00:00+01:00,117.78837147513254
2030,sc01,01-19 03:00:00+01:00,94.95498984774096
2030,sc01,01-19 04:00:00+01:00,76.33282722080791
2030,sc01,01-19 05:00:00+01:00,99.45308951792188
2030,sc01,01-19 06:00:00+01:00,296.71848732377646
2030,sc01,01-19 07:00:00+01:00,391.30147983992873
2030,sc01,01-19 08:00:00+01:00,499.98284024211637
2030,sc01,01-19 09:00:00+01:00,518.4871201095988
2030,sc01,01-19 10:00:00+01:00,399.61589179725524
2030,sc01,01-19 11:00:00+01:00,284.3210394713487
2030,sc01,01-19 12:00:00+01:00,219.6083232914929
2030,sc01,01-19 13:00:00+01:00,186.70033696785833
2030,sc01,01-19 14:00:00+01:00,173.35085891798124
2030,sc01,01-19 15:00:00+01:00,273.255684756955
2030,sc01,01-19 16:00:00+01:00,444.1837689979882
2030,sc01,01-19 17:00:00+01:00,606.2411658620678
2030,sc01,01-19 18:00:00+01:00,674.3098990790505
2030,sc01,01-19 19:00:00+01:00,638.3439314830975
2030,sc01,01-19 20:00:00+01:00,550.5972373487239
2030,sc01,01-19 21:00:00+01:00,457.02936916004296
2030,sc01,01-19 22:00:00+01:00,394.2446995478137
2030,sc01,01-19 23:00:00+01:00,312.93687876410223
2030,sc01,01-20 00:00:00+01:00,146.60691218507338
2030,sc01,01-20 01:00:00+01:00,107.25171949002166
2030,sc01,01-20 02:00:00+01:00,82.83796354391411
2030,sc01,01-20 03:00:00+01:00,60.55246940800492
2030,sc01,01-20 04:00:00+01:00,62.26580511319332
2030,sc01,01-20 05:00:00+01:00,73.24826505312544
2030,sc01,01-20 06:00:00+01:00,148.25755700814517
2030,sc01,01-20 07:00:00+01:00,210.83773543866877
2030,sc01,01-20 08:00:00+01:00,291.70564856417906
2030,sc01,01-20 09:00:00+01:00,302.7951586858617
2030,sc01,01-20 10:00:00+01:00,157.93752367817098
2030,sc01,01-20 11:00:00+01:00,151.72747712508183
2030,sc01,01-20 12:00:00+01:00,117.44784470483748
2030,sc01,01-20 13:00:00+01:00,85.31734060748673
2030,sc01,01-20 14:00:00+01:00,75.39322714863043
2030,sc01,01-20 15:00:00+01:00,108.94365145800346
2030,sc01,01-20 16:00:00+01:00,176.72901537320203
2030,sc01,01-20 17:00:00+01:00,334.1821664943261
2030,sc01,01-20 18:00:00+01:00,655.952486096858
2030,sc01,01-20 19:00:00+01:00,705.1215118341408
2030,sc01,01-20 20:00:00+01:00,654.6973917707994
2030,sc01,01-20 21:00:00+01:00,597.6764901042275
2030,sc01,01-20 22:00:00+01:00,520.6290573606196
2030,sc01,01-20 23:00:00+01:00,389.67689031618005
2030,sc01,01-21 00:00:00+01:00,163.96113782030838
2030,sc01,01-21 01:00:00+01:00,97.85464988966807
2030,sc01,01-21 02:00:00+01:00,70.81461447412563
2030,sc01,01-21 03:00:00+01:00,117.59872950329228
2030,sc01,01-21 04:00:00+01:00,134.4977346293557
2030,sc01,01-21 05:00:00+01:00,231.9373043449217
2030,sc01,01-21 06:00:00+01:00,470.2601399906173
2030,sc01,01-21 07:00:00+01:00,764.4133226260312
2030,sc01,01-21 08:00:00+01:00,947.2891569993716
2030,sc01,01-21 09:00:00+01:00,642.4109830509361
2030,sc01,01-21 10:00:00+01:00,373.72425426925895
2030,sc01,01-21 11:00:00+01:00,324.13871118777496
2030,sc01,01-21 12:00:00+01:00,305.8021562529724
2030,sc01,01-21 13:00:00+01:00,300.3004181713619
2030,sc01,01-21 14:00:00+01:00,452.9693662409931
2030,sc01,01-21 15:00:00+01:00,496.231771533696
2030,sc01,01-21 16:00:00+01:00,608.9489543491787
2030,sc01,01-21 17:00:00+01:00,836.3850399773459
2030,sc01,01-21 18:00:00+01:00,1203.5432131381965
2030,sc01,01-21 19:00:00+01:00,1282.0757728782255
2030,sc01,01-21 20:00:00+01:00,1171.2062912305594
2030,sc01,01-21 21:00:00+01:00,968.8135239943493
2030,sc01,01-21 22:00:00+01:00,797.2332525795056
2030,sc01,01-21 23:00:00+01:00,620.9317643354431
2030,sc01,01-22 00:00:00+01:00,458.42142452309616
2030,sc01,01-22 01:00:00+01:00,338.97404028863724
2030,sc01,01-22 02:00:00+01:00,269.43872381610123
2030,sc01,01-22 03:00:00+01:00,250.5938454418514
2030,sc01,01-22 04:00:00+01:00,272.94761187772536
2030,sc01,01-22 05:00:00+01:00,377.4527398865268
2030,sc01,01-22 06:00:00+01:00,600.7105018185479
2030,sc01,01-22 07:00:00+01:00,858.0632160002847
2030,sc01,01-22 08:00:00+01:00,992.5050241830264
2030,sc01,01-22 09:00:00+01:00,941.9428240235193
2030,sc01,01-22 10:00:00+01:00,762.310878316111
2030,sc01,01-22 11:00:00+01:00,564.0719681928022
2030,sc01,01-22 12:00:00+01:00,467.79058991071446
2030,sc01,01-22 13:00:00+01:00,461.7670931108736
2030,sc01,01-22 14:00:00+01:00,488.64239138804464
2030,sc01,01-22 15:00:00+01:00,441.13183775658376
2030,sc01,01-22 16:00:00+01:00,559.9853901544881
2030,sc01,01-22 17:00:00+01:00,718.7947530677077
2030,sc01,01-22 18:00:00+01:00,785.8428791738712
2030,sc01,01-22 19:00:00+01:00,764.0275854792245
2030,sc01,01-22 20:00:00+01:00,652.4274893312083
2030,sc01,01-22 21:00:00+01:00,531.3649768504827
2030,sc01,01-22 22:00:00+01:00,396.55629725196786
2030,sc01,01-22 23:00:00+01:00,282.7956025155143
2030,sc01,01-23 00:00:00+01:00,293.8014852241021
2030,sc01,01-23 01:00:00+01:00,223.66197000190203
2030,sc01,01-23 02:00:00+01:00,198.15217530759622
2030,sc01,01-23 03:00:00+01:00,181.32943417000925
2030,sc01,01-23 04:00:00+01:00,102.00278962773402
2030,sc01,01-23 05:00:00+01:00,319.8410037771442
2030,sc01,01-23 06:00:00+01:00,547.6253330998196
2030,sc01,01-23 07:00:00+01:00,796.1975882979149
2030,sc01,01-23 08:00:00+01:00,977.7491586149544
2030,sc01,01-23 09:00:00+01:00,920.7643554793616
2030,sc01,01-23 10:00:00+01:00,705.5377849289333
2030,sc01,01-23 11:00:00+01:00,553.2610331514761
2030,sc01,01-23 12:00:00+01:00,517.0148660510526
2030,sc01,01-23 13:00:00+01:00,487.3036457820797
2030,sc01,01-23 14:00:00+01:00,299.9200863073915
2030,sc01,01-23 15:00:00+01:00,404.1184468939012
2030,sc01,01-23 16:00:00+01:00,509.54159350154885
2030,sc01,01-23 17:00:00+01:00,690.9847204144945
2030,sc01,01-23 18:00:00+01:00,812.3569818233693
2030,sc01,01-23 19:00:00+01:00,796.3397314891486
2030,sc01,01-23 20:00:00+01:00,692.6810825440533
2030,sc01,01-23 21:00:00+01:00,563.5625082766447
2030,sc01,01-23 22:00:00+01:00,444.2712412305275
2030,sc01,01-23 23:00:00+01:00,282.24026007710387
2030,sc01,01-24 00:00:00+01:00,212.45846594350118
2030,sc01,01-24 01:00:00+01:00,167.00774550444945
2030,sc01,01-24 02:00:00+01:00,143.05638750806156
2030,sc01,01-24 03:00:00+01:00,126.70161007676079
2030,sc01,01-24 04:00:00+01:00,132.3532844173711
2030,sc01,01-24 05:00:00+01:00,205.12158012976138
2030,sc01,01-24 06:00:00+01:00,429.670492825952
2030,sc01,01-24 07:00:00+01:00,687.1488258543948
2030,sc01,01-24 08:00:00+01:00,711.3427999862831
2030,sc01,01-24 09:00:00+01:00,683.0701280634887
2030,sc01,01-24 10:00:00+01:00,424.69452903731826
2030,sc01,01-24 11:00:00+01:00,334.93128845202637
2030,sc01,01-24 12:00:00+01:00,358.8834530729248
2030,sc01,01-24 13:00:00+01:00,300.9624414314595
2030,sc01,01-24 14:00:00+01:00,276.3146634096161
2030,sc01,01-24 15:00:00+01:00,284.5489732343306
2030,sc01,01-24 16:00:00+01:00,453.5225552653797
2030,sc01,01-24 17:00:00+01:00,1136.0902381672815
2030,sc01,01-24 18:00:00+01:00,1056.420803538728
2030,sc01,01-24 19:00:00+01:00,841.2157592963688
2030,sc01,01-24 20:00:00+01:00,676.5261822629509
2030,sc01,01-24 21:00:00+01:00,545.1220710097231
2030,sc01,01-24 22:00:00+01:00,422.06813657768316
2030,sc01,01-24 23:00:00+01:00,314.376509291975
2030,sc01,01-25 00:00:00+01:00,247.5860054906064
2030,sc01,01-25 01:00:00+01:00,200.5286452000064
2030,sc01,01-25 02:00:00+01:00,160.15000906495183
2030,sc01,01-25 03:00:00+01:00,139.63989309855987
2030,sc01,01-25 04:00:00+01:00,142.85170491259157
2030,sc01,01-25 05:00:00+01:00,176.1638355795243
2030,sc01,01-25 06:00:00+01:00,321.2061845855031
2030,sc01,01-25 07:00:00+01:00,522.1575848240095
2030,sc01,01-25 08:00:00+01:00,647.2520333436762
2030,sc01,01-25 09:00:00+01:00,495.73150175943863
2030,sc01,01-25 10:00:00+01:00,231.0230292117645
2030,sc01,01-25 11:00:00+01:00,173.72233141076805
2030,sc01,01-25 12:00:00+01:00,120.33660497071729
2030,sc01,01-25 13:00:00+01:00,76.74317607508117
2030,sc01,01-25 14:00:00+01:00,57.33809169286461
2030,sc01,01-25 15:00:00+01:00,55.76471735391564
2030,sc01,01-25 16:00:00+01:00,69.37937057210465
2030,sc01,01-25 17:00:00+01:00,155.23343954368966
2030,sc01,01-25 18:00:00+01:00,416.15880386173336
2030,sc01,01-25 19:00:00+01:00,419.6416116740481
2030,sc01,01-25 20:00:00+01:00,367.32907536334653
2030,sc01,01-25 21:00:00+01:00,299.51935796976875
2030,sc01,01-25 22:00:00+01:00,238.49432557788234
2030,sc01,01-25 23:00:00+01:00,181.05916535331423
2030,sc01,01-26 00:00:00+01:00,132.81776611699019
2030,sc01,01-26 01:00:00+01:00,88.03089848038819
2030,sc01,01-26 02:00:00+01:00,55.87129713645713
2030,sc01,01-26 03:00:00+01:00,36.61187760590624
2030,sc01,01-26 04:00:00+01:00,30.085206863336257
2030,sc01,01-26 05:00:00+01:00,33.1394134615758
2030,sc01,01-26 06:00:00+01:00,51.97039200295755
2030,sc01,01-26 07:00:00+01:00,99.10702858053513
2030,sc01,01-26 08:00:00+01:00,136.19084219615493
2030,sc01,01-26 09:00:00+01:00,45.639553728939305
2030,sc01,01-26 10:00:00+01:00,60.178566155606326
2030,sc01,01-26 11:00:00+01:00,62.24116982976789
2030,sc01,01-26 12:00:00+01:00,56.588829465966256
2030,sc01,01-26 13:00:00+01:00,48.30687576293751
2030,sc01,01-26 14:00:00+01:00,37.632086444579635
2030,sc01,01-26 15:00:00+01:00,45.12712063496659
2030,sc01,01-26 16:00:00+01:00,76.69334266184671
2030,sc01,01-26 17:00:00+01:00,74.89023961338066
2030,sc01,01-26 18:00:00+01:00,207.07385621106394
2030,sc01,01-26 19:00:00+01:00,283.9975828152466
2030,sc01,01-26 20:00:00+01:00,266.9114027105653
2030,sc01,01-26 21:00:00+01:00,199.47563084855133
2030,sc01,01-26 22:00:00+01:00,160.18110279055657
2030,sc01,01-26 23:00:00+01:00,111.47469473469236
2030,sc01,01-27 00:00:00+01:00,69.88785410637529
2030,sc01,01-27 01:00:00+01:00,33.856035426590395
2030,sc01,01-27 02:00:00+01:00,8.35281246525933
2030,sc01,01-27 03:00:00+01:00,0.0
2030,sc01,01-27 04:00:00+01:00,0.0
2030,sc01,01-27 05:00:00+01:00,0.0
2030,sc01,01-27 06:00:00+01:00,0.0
2030,sc01,01-27 07:00:00+01:00,0.0
2030,sc01,01-27 08:00:00+01:00,6.69950243538254
2030,sc01,01-27 09:00:00+01:00,5.490748656516706
2030,sc01,01-27 10:00:00+01:00,10.387985304958455
2030,sc01,01-27 11:00:00+01:00,12.327646973019984
2030,sc01,01-27 12:00:00+01:00,8.718782438312667
2030,sc01,01-27 13:00:00+01:00,8.302395378563958
2030,sc01,01-27 14:00:00+01:00,6.1626660153199095
2030,sc01,01-27 15:00:00+01:00,6.345770646263824
2030,sc01,01-27 16:00:00+01:00,15.966223850052256
2030,sc01,01-27 17:00:00+01:00,29.44291655169075
2030,sc01,01-27 18:00:00+01:00,154.0252891944303
2030,sc01,01-27 19:00:00+01:00,276.3879207776137
2030,sc01,01-27 20:00:00+01:00,271.12492070981875
2030,sc01,01-27 21:00:00+01:00,238.14454541190378
2030,sc01,01-27 22:00:00+01:00,203.58697608510852
2030,sc01,01-27 23:00:00+01:00,146.77717624977916
2030,sc01,01-28 00:00:00+01:00,89.50298519252138
2030,sc01,01-28 01:00:00+01:00,56.98535784548836
2030,sc01,01-28 02:00:00+01:00,38.46750129993937
2030,sc01,01-28 03:00:00+01:00,25.164757833656598
2030,sc01,01-28 04:00:00+01:00,26.865791752108663
2030,sc01,01-28 05:00:00+01:00,58.760776797253996
2030,sc01,01-28 06:00:00+01:00,188.6116450568117
2030,sc01,01-28 07:00:00+01:00,345.168872827574
2030,sc01,01-28 08:00:00+01:00,450.2366633581515
2030,sc01,01-28 09:00:00+01:00,286.92724380982565
2030,sc01,01-28 10:00:00+01:00,69.96654574042077
2030,sc01,01-28 11:00:00+01:00,66.02683950148581
2030,sc01,01-28 12:00:00+01:00,58.756852716865865
2030,sc01,01-28 13:00:00+01:00,55.788881560027434
2030,sc01,01-28 14:00:00+01:00,51.554901287888754
2030,sc01,01-28 15:00:00+01:00,49.869783776267994
2030,sc01,01-28 16:00:00+01:00,99.56697370110679
2030,sc01,01-28 17:00:00+01:00,298.70297744010446
2030,sc01,01-28 18:00:00+01:00,518.2157642875229
2030,sc01,01-28 19:00:00+01:00,549.6671941493042
2030,sc01,01-28 20:00:00+01:00,475.46884829128817
2030,sc01,01-28 21:00:00+01:00,385.78823137426537
2030,sc01,01-28 22:00:00+01:00,307.2045966546441
2030,sc01,01-28 23:00:00+01:00,209.8874103295142
2030,sc01,01-29 00:00:00+01:00,148.59844638260608
2030,sc01,01-29 01:00:00+01:00,106.50257500513257
2030,sc01,01-29 02:00:00+01:00,78.74334051143181
2030,sc01,01-29 03:00:00+01:00,63.26362969342193
2030,sc01,01-29 04:00:00+01:00,61.98948184818549
2030,sc01,01-29 05:00:00+01:00,115.12697326911182
2030,sc01,01-29 06:00:00+01:00,259.80606184392184
2030,sc01,01-29 07:00:00+01:00,495.51496553456764
2030,sc01,01-29 08:00:00+01:00,622.5068431082917
2030,sc01,01-29 09:00:00+01:00,575.456630678236
2030,sc01,01-29 10:00:00+01:00,407.6408883757125
2030,sc01,01-29 11:00:00+01:00,262.8430255842565
2030,sc01,01-29 12:00:00+01:00,182.7137760347736
2030,sc01,01-29 13:00:00+01:00,417.8159569315615
2030,sc01,01-29 14:00:00+01:00,480.6651519487383
2030,sc01,01-29 15:00:00+01:00,366.1265981913982
2030,sc01,01-29 16:00:00+01:00,512.9200134262221
2030,sc01,01-29 17:00:00+01:00,665.5128180343031
2030,sc01,01-29 18:00:00+01:00,753.1099792936491
2030,sc01,01-29 19:00:00+01:00,710.1517191204581
2030,sc01,01-29 20:00:00+01:00,584.7978000479735
2030,sc01,01-29 21:00:00+01:00,431.78383133827725
2030,sc01,01-29 22:00:00+01:00,316.4932983123033
2030,sc01,01-29 23:00:00+01:00,230.31104928373665
2030,sc01,01-30 00:00:00+01:00,160.99136010952907
2030,sc01,01-30 01:00:00+01:00,120.43295797287578
2030,sc01,01-30 02:00:00+01:00,88.57665343655619
2030,sc01,01-30 03:00:00+01:00,69.77909309364104
2030,sc01,01-30 04:00:00+01:00,68.36581145141595
2030,sc01,01-30 05:00:00+01:00,94.04754339818822
2030,sc01,01-30 06:00:00+01:00,189.18237022932078
2030,sc01,01-30 07:00:00+01:00,423.3466850499483
2030,sc01,01-30 08:00:00+01:00,534.7392203029162
2030,sc01,01-30 09:00:00+01:00,472.00277099743295
2030,sc01,01-30 10:00:00+01:00,292.5294320343129
2030,sc01,01-30 11:00:00+01:00,359.1444776075581
2030,sc01,01-30 12:00:00+01:00,243.056408352202
2030,sc01,01-30 13:00:00+01:00,225.58024738325307
2030,sc01,01-30 14:00:00+01:00,288.43963363305056
2030,sc01,01-30 15:00:00+01:00,372.8937142001746
2030,sc01,01-30 16:00:00+01:00,541.2721462805961
2030,sc01,01-30 17:00:00+01:00,735.8390680151724
2030,sc01,01-30 18:00:00+01:00,813.9951746475834
2030,sc01,01-30 19:00:00+01:00,795.5057369893542
2030,sc01,01-30 20:00:00+01:00,694.4588247897351
2030,sc01,01-30 21:00:00+01:00,513.8260865326088
2030,sc01,01-30 22:00:00+01:00,415.3559631369153
2030,sc01,01-30 23:00:00+01:00,296.0230277587472
2030,sc01,01-31 00:00:00+01:00,143.37245279370003
2030,sc01,01-31 01:00:00+01:00,105.75431824522566
2030,sc01,01-31 02:00:00+01:00,79.12453665815164
2030,sc01,01-31 03:00:00+01:00,63.243553296227496
2030,sc01,01-31 04:00:00+01:00,66.66280278177965
2030,sc01,01-31 05:00:00+01:00,84.96296320610222
2030,sc01,01-31 06:00:00+01:00,343.8031253007823
2030,sc01,01-31 07:00:00+01:00,605.9275663831687
2030,sc01,01-31 08:00:00+01:00,732.9085147329447
2030,sc01,01-31 09:00:00+01:00,756.8431399370688
2030,sc01,01-31 10:00:00+01:00,672.6751325700399
2030,sc01,01-31 11:00:00+01:00,522.3708784897738
2030,sc01,01-31 12:00:00+01:00,418.94554673769557
2030,sc01,01-31 13:00:00+01:00,344.13000508367503
2030,sc01,01-31 14:00:00+01:00,296.6228150398972
2030,sc01,01-31 15:00:00+01:00,387.56941843786575
2030,sc01,01-31 16:00:00+01:00,546.6450626624658
2030,sc01,01-31 17:00:00+01:00,729.44785057367
2030,sc01,01-31 18:00:00+01:00,811.119418824581
2030,sc01,01-31 19:00:00+01:00,720.5294436377648
2030,sc01,01-31 20:00:00+01:00,633.1410572356689
2030,sc01,01-31 21:00:00+01:00,480.6840609767083
2030,sc01,01-31 22:00:00+01:00,363.25237433389293
2030,sc01,01-31 23:00:00+01:00,212.52660503916422
2030,sc01,02-01 00:00:00+01:00,147.9573041091301
2030,sc01,02-01 01:00:00+01:00,101.74954534761314
2030,sc01,02-01 02:00:00+01:00,67.66362114197806
2030,sc01,02-01 03:00:00+01:00,56.28307173871133
2030,sc01,02-01 04:00:00+01:00,48.88328116215181
2030,sc01,02-01 05:00:00+01:00,74.85840154206214
2030,sc01,02-01 06:00:00+01:00,222.90360175138065
2030,sc01,02-01 07:00:00+01:00,397.4448423187619
2030,sc01,02-01 08:00:00+01:00,530.1154084310591
2030,sc01,02-01 09:00:00+01:00,463.1957601803479
2030,sc01,02-01 10:00:00+01:00,209.21169514947167
2030,sc01,02-01 11:00:00+01:00,147.53161261763077
2030,sc01,02-01 12:00:00+01:00,107.58930065053241
2030,sc01,02-01 13:00:00+01:00,84.51819136195603
2030,sc01,02-01 14:00:00+01:00,70.34941478288722
2030,sc01,02-01 15:00:00+01:00,90.94842170740355
2030,sc01,02-01 16:00:00+01:00,178.52648475062617
2030,sc01,02-01 17:00:00+01:00,421.5257078260165
2030,sc01,02-01 18:00:00+01:00,612.0633929126492
2030,sc01,02-01 19:00:00+01:00,600.4504620631185
2030,sc01,02-01 20:00:00+01:00,496.0341674944262
2030,sc01,02-01 21:00:00+01:00,387.6374948178054
2030,sc01,02-01 22:00:00+01:00,295.35198021550025
2030,sc01,02-01 23:00:00+01:00,189.56015871716755
2030,sc01,02-02 00:00:00+01:00,135.3439473916073
2030,sc01,02-02 01:00:00+01:00,92.25057384462751
2030,sc01,02-02 02:00:00+01:00,62.224294608543076
2030,sc01,02-02 03:00:00+01:00,42.534515702678846
2030,sc01,02-02 04:00:00+01:00,34.90290758196541
2030,sc01,02-02 05:00:00+01:00,38.41100061048956
2030,sc01,02-02 06:00:00+01:00,76.46254585243007
2030,sc01,02-02 07:00:00+01:00,153.0085736450315
2030,sc01,02-02 08:00:00+01:00,231.8952703218692
2030,sc01,02-02 09:00:00+01:00,135.50853286140534
2030,sc01,02-02 10:00:00+01:00,31.67801138743124
2030,sc01,02-02 11:00:00+01:00,29.607947796273045
2030,sc01,02-02 12:00:00+01:00,25.779354961820694
2030,sc01,02-02 13:00:00+01:00,19.848534252726516
2030,sc01,02-02 14:00:00+01:00,15.290514750050122
2030,sc01,02-02 15:00:00+01:00,14.327937032015111
2030,sc01,02-02 16:00:00+01:00,20.559462799757057
2030,sc01,02-02 17:00:00+01:00,63.10578023815888
2030,sc01,02-02 18:00:00+01:00,345.09128417702135
2030,sc01,02-02 19:00:00+01:00,450.73385253554227
2030,sc01,02-02 20:00:00+01:00,389.8460861715384
2030,sc01,02-02 21:00:00+01:00,315.4834127408847
2030,sc01,02-02 22:00:00+01:00,254.79291530958824
2030,sc01,02-02 23:00:00+01:00,162.50619428976947
2030,sc01,02-03 00:00:00+01:00,128.33623001597377
2030,sc01,02-03 01:00:00+01:00,86.04707817798973
2030,sc01,02-03 02:00:00+01:00,50.639091472393055
2030,sc01,02-03 03:00:00+01:00,26.108973776660402
2030,sc01,02-03 04:00:00+01:00,16.16545080203587
2030,sc01,02-03 05:00:00+01:00,14.70976603005555
2030,sc01,02-03 06:00:00+01:00,28.323724369182813
2030,sc01,02-03 07:00:00+01:00,47.94044393591388
2030,sc01,02-03 08:00:00+01:00,46.77934966887515
2030,sc01,02-03 09:00:00+01:00,1.2640116195189406
2030,sc01,02-03 10:00:00+01:00,9.34493593126653
2030,sc01,02-03 11:00:00+01:00,12.852333500903386
2030,sc01,02-03 12:00:00+01:00,10.869313695712234
2030,sc01,02-03 13:00:00+01:00,7.0171634460422565
2030,sc01,02-03 14:00:00+01:00,4.92319972471128
2030,sc01,02-03 15:00:00+01:00,5.2836995516064595
2030,sc01,02-03 16:00:00+01:00,0.0
2030,sc01,02-03 17:00:00+01:00,14.80403029432807
2030,sc01,02-03 18:00:00+01:00,343.84277192935303
2030,sc01,02-03 19:00:00+01:00,540.6856237725291
2030,sc01,02-03 20:00:00+01:00,530.7065488796026
2030,sc01,02-03 21:00:00+01:00,455.72983846922034
2030,sc01,02-03 22:00:00+01:00,369.2814138222284
2030,sc01,02-03 23:00:00+01:00,254.84035379899055
2030,sc01,02-04 00:00:00+01:00,113.45932792594502
2030,sc01,02-04 01:00:00+01:00,79.26474911034275
2030,sc01,02-04 02:00:00+01:00,54.74854987195987
2030,sc01,02-04 03:00:00+01:00,38.648085386235245
2030,sc01,02-04 04:00:00+01:00,38.427909866116565
2030,sc01,02-04 05:00:00+01:00,66.95748986064012
2030,sc01,02-04 06:00:00+01:00,162.80160952815876
2030,sc01,02-04 07:00:00+01:00,345.0476940045731
2030,sc01,02-04 08:00:00+01:00,581.9318671233067
2030,sc01,02-04 09:00:00+01:00,289.9382342926837
2030,sc01,02-04 10:00:00+01:00,129.2559880473038
2030,sc01,02-04 11:00:00+01:00,105.68601877590552
2030,sc01,02-04 12:00:00+01:00,92.4738661638791
2030,sc01,02-04 13:00:00+01:00,78.56534064391327
2030,sc01,02-04 14:00:00+01:00,67.72849292097189
2030,sc01,02-04 15:00:00+01:00,57.04073982598099
2030,sc01,02-04 16:00:00+01:00,86.51496476201173
2030,sc01,02-04 17:00:00+01:00,237.94385647316818
2030,sc01,02-04 18:00:00+01:00,504.14577436390664
2030,sc01,02-04 19:00:00+01:00,583.3731121275315
2030,sc01,02-04 20:00:00+01:00,514.5506273827658
2030,sc01,02-04 21:00:00+01:00,312.86671193022596
2030,sc01,02-04 22:00:00+01:00,249.32688910597307
2030,sc01,02-04 23:00:00+01:00,186.89229461347577
2030,sc01,02-05 00:00:00+01:00,131.61403191717088
2030,sc01,02-05 01:00:00+01:00,88.54496787016475
2030,sc01,02-05 02:00:00+01:00,67.53690922362254
2030,sc01,02-05 03:00:00+01:00,53.110021712113515
2030,sc01,02-05 04:00:00+01:00,54.214834502850465
2030,sc01,02-05 05:00:00+01:00,81.34209222466691
2030,sc01,02-05 06:00:00+01:00,271.4875344383534
2030,sc01,02-05 07:00:00+01:00,476.84874972950945
2030,sc01,02-05 08:00:00+01:00,565.76095217618
2030,sc01,02-05 09:00:00+01:00,305.0753006881741
2030,sc01,02-05 10:00:00+01:00,157.81969322897805
2030,sc01,02-05 11:00:00+01:00,123.59686706408193
2030,sc01,02-05 12:00:00+01:00,102.50876004221017
2030,sc01,02-05 13:00:00+01:00,83.93764682653217
2030,sc01,02-05 14:00:00+01:00,69.01321933321883
2030,sc01,02-05 15:00:00+01:00,84.13964251615708
2030,sc01,02-05 16:00:00+01:00,135.6532057933749
2030,sc01,02-05 17:00:00+01:00,287.06388004063757
2030,sc01,02-05 18:00:00+01:00,615.8284792221971
2030,sc01,02-05 19:00:00+01:00,815.7472325627441
2030,sc01,02-05 20:00:00+01:00,712.7547443538148
2030,sc01,02-05 21:00:00+01:00,598.001442648147
2030,sc01,02-05 22:00:00+01:00,473.70914876829755
2030,sc01,02-05 23:00:00+01:00,357.09665922013914
2030,sc01,02-06 00:00:00+01:00,159.09955960609545
2030,sc01,02-06 01:00:00+01:00,117.72450502772901
2030,sc01,02-06 02:00:00+01:00,90.61171955686397
2030,sc01,02-06 03:00:00+01:00,73.74439608076814
2030,sc01,02-06 04:00:00+01:00,66.76409552987856
2030,sc01,02-06 05:00:00+01:00,87.75977437587733
2030,sc01,02-06 06:00:00+01:00,327.73539469104594
2030,sc01,02-06 07:00:00+01:00,514.3653921567493
2030,sc01,02-06 08:00:00+01:00,570.8950740931057
2030,sc01,02-06 09:00:00+01:00,319.0443584780939
2030,sc01,02-06 10:00:00+01:00,175.73002936412377
2030,sc01,02-06 11:00:00+01:00,140.8481358704053
2030,sc01,02-06 12:00:00+01:00,124.49584279463559
2030,sc01,02-06 13:00:00+01:00,132.6871259972777
2030,sc01,02-06 14:00:00+01:00,141.27720378271513
2030,sc01,02-06 15:00:00+01:00,134.64495239880537
2030,sc01,02-06 16:00:00+01:00,333.6269136200143
2030,sc01,02-06 17:00:00+01:00,531.3687411816429
2030,sc01,02-06 18:00:00+01:00,880.6260646518945
2030,sc01,02-06 19:00:00+01:00,792.6175969926179
2030,sc01,02-06 20:00:00+01:00,639.9817980511725
2030,sc01,02-06 21:00:00+01:00,516.1083250998131
2030,sc01,02-06 22:00:00+01:00,374.24112625343395
2030,sc01,02-06 23:00:00+01:00,232.52963882448324
2030,sc01,02-07 00:00:00+01:00,140.39026417528356
2030,sc01,02-07 01:00:00+01:00,96.6850509986681
2030,sc01,02-07 02:00:00+01:00,62.25194453028459
2030,sc01,02-07 03:00:00+01:00,41.12303329510113
2030,sc01,02-07 04:00:00+01:00,36.94302494968587
2030,sc01,02-07 05:00:00+01:00,70.3435600733077
2030,sc01,02-07 06:00:00+01:00,216.64028645450227
2030,sc01,02-07 07:00:00+01:00,434.8420998593065
2030,sc01,02-07 08:00:00+01:00,504.0165218951863
2030,sc01,02-07 09:00:00+01:00,298.3243300431955
2030,sc01,02-07 10:00:00+01:00,219.63854752910396
2030,sc01,02-07 11:00:00+01:00,79.358129871173
2030,sc01,02-07 12:00:00+01:00,75.45279387525242
2030,sc01,02-07 13:00:00+01:00,67.64692100366815
2030,sc01,02-07 14:00:00+01:00,56.40467071918394
2030,sc01,02-07 15:00:00+01:00,53.83098476182152
2030,sc01,02-07 16:00:00+01:00,52.53908339274737
2030,sc01,02-07 17:00:00+01:00,91.33825478002316
2030,sc01,02-07 18:00:00+01:00,459.219515899879
2030,sc01,02-07 19:00:00+01:00,448.9178281561503
2030,sc01,02-07 20:00:00+01:00,411.9602949067595
2030,sc01,02-07 21:00:00+01:00,340.5490616929316
2030,sc01,02-07 22:00:00+01:00,243.3106775952763
2030,sc01,02-07 23:00:00+01:00,170.49678728079152
2030,sc01,02-08 00:00:00+01:00,103.11574213911665
2030,sc01,02-08 01:00:00+01:00,60.92962136029678
2030,sc01,02-08 02:00:00+01:00,35.503467994112086
2030,sc01,02-08 03:00:00+01:00,17.627031340487363
2030,sc01,02-08 04:00:00+01:00,12.858802992488119
2030,sc01,02-08 05:00:00+01:00,39.75232970629338
2030,sc01,02-08 06:00:00+01:00,154.98968981621235
2030,sc01,02-08 07:00:00+01:00,354.00389670164117
2030,sc01,02-08 08:00:00+01:00,437.1235104507295
2030,sc01,02-08 09:00:00+01:00,196.34169722860685
2030,sc01,02-08 10:00:00+01:00,72.35152742326689
2030,sc01,02-08 11:00:00+01:00,55.018904202422625
2030,sc01,02-08 12:00:00+01:00,47.615122332393305
2030,sc01,02-08 13:00:00+01:00,44.572207585291935
2030,sc01,02-08 14:00:00+01:00,37.34539814279919
2030,sc01,02-08 15:00:00+01:00,34.84840702744764
2030,sc01,02-08 16:00:00+01:00,38.65647402867509
2030,sc01,02-08 17:00:00+01:00,52.81356756702693
2030,sc01,02-08 18:00:00+01:00,214.155158056965
2030,sc01,02-08 19:00:00+01:00,325.5579325640133
2030,sc01,02-08 20:00:00+01:00,262.46942324784675
2030,sc01,02-08 21:00:00+01:00,218.46445446394927
2030,sc01,02-08 22:00:00+01:00,167.36280067394387
2030,sc01,02-08 23:00:00+01:00,114.36538180554265
2030,sc01,02-09 00:00:00+01:00,79.76003943182577
2030,sc01,02-09 01:00:00+01:00,40.161768532002434
2030,sc01,02-09 02:00:00+01:00,14.173271532247604
2030,sc01,02-09 03:00:00+01:00,0.0
2030,sc01,02-09 04:00:00+01:00,0.0
2030,sc01,02-09 05:00:00+01:00,0.0
2030,sc01,02-09 06:00:00+01:00,2.959079890376153
2030,sc01,02-09 07:00:00+01:00,27.696822170519493
2030,sc01,02-09 08:00:00+01:00,30.66805074438967
2030,sc01,02-09 09:00:00+01:00,9.242274323630314
2030,sc01,02-09 10:00:00+01:00,9.318054160757592
2030,sc01,02-09 11:00:00+01:00,8.841588367943253
2030,sc01,02-09 12:00:00+01:00,7.359425212071858
2030,sc01,02-09 13:00:00+01:00,1.5414778322281142
2030,sc01,02-09 14:00:00+01:00,0.0
2030,sc01,02-09 15:00:00+01:00,0.0
2030,sc01,02-09 16:00:00+01:00,1.598711467466761
2030,sc01,02-09 17:00:00+01:00,12.816490050886344
2030,sc01,02-09 18:00:00+01:00,77.58182459505747
2030,sc01,02-09 19:00:00+01:00,178.3175284049448
2030,sc01,02-09 20:00:00+01:00,165.21374006534347
2030,sc01,02-09 21:00:00+01:00,137.31121037901067
2030,sc01,02-09 22:00:00+01:00,111.75663435996786
2030,sc01,02-09 23:00:00+01:00,77.86918056276215
2030,sc01,02-10 00:00:00+01:00,39.86244376156107
2030,sc01,02-10 01:00:00+01:00,8.013372444261767
2030,sc01,02-10 02:00:00+01:00,0.0
2030,sc01,02-10 03:00:00+01:00,0.0
2030,sc01,02-10 04:00:00+01:00,0.0
2030,sc01,02-10 05:00:00+01:00,0.0
2030,sc01,02-10 06:00:00+01:00,0.0
2030,sc01,02-10 07:00:00+01:00,0.0
2030,sc01,02-10 08:00:00+01:00,0.0
2030,sc01,02-10 09:00:00+01:00,0.0
2030,sc01,02-10 10:00:00+01:00,0.0
2030,sc01,02-10 11:00:00+01:00,0.0
2030,sc01,02-10 12:00:00+01:00,0.0
2030,sc01,02-10 13:00:00+01:00,0.0
2030,sc01,02-10 14:00:00+01:00,0.0
2030,sc01,02-10 15:00:00+01:00,0.0
2030,sc01,02-10 16:00:00+01:00,0.0
2030,sc01,02-10 17:00:00+01:00,0.0
2030,sc01,02-10 18:00:00+01:00,119.40991682458723
2030,sc01,02-10 19:00:00+01:00,193.36129379106166
2030,sc01,02-10 20:00:00+01:00,184.12302348900943
2030,sc01,02-10 21:00:00+01:00,158.64946914574492
2030,sc01,02-10 22:00:00+01:00,128.24571928563606
2030,sc01,02-10 23:00:00+01:00,79.78635356363554
2030,sc01,02-11 00:00:00+01:00,37.50834103061583
2030,sc01,02-11 01:00:00+01:00,7.591948226804079
2030,sc01,02-11 02:00:00+01:00,0.0
2030,sc01,02-11 03:00:00+01:00,0.0
2030,sc01,02-11 04:00:00+01:00,0.0
2030,sc01,02-11 05:00:00+01:00,0.0
2030,sc01,02-11 06:00:00+01:00,69.5295946185134
2030,sc01,02-11 07:00:00+01:00,177.93467630075673
2030,sc01,02-11 08:00:00+01:00,218.27909775161586
2030,sc01,02-11 09:00:00+01:00,41.61754246865896
2030,sc01,02-11 10:00:00+01:00,39.58815513767632
2030,sc01,02-11 11:00:00+01:00,37.89562827673315
2030,sc01,02-11 12:00:00+01:00,35.215258872205254
2030,sc01,02-11 13:00:00+01:00,33.46699107206228
2030,sc01,02-11 14:00:00+01:00,31.54031500577848
2030,sc01,02-11 15:00:00+01:00,28.989996866200464
2030,sc01,02-11 16:00:00+01:00,30.245720124721146
2030,sc01,02-11 17:00:00+01:00,37.13511922236006
2030,sc01,02-11 18:00:00+01:00,128.43531027316797
2030,sc01,02-11 19:00:00+01:00,284.1387138154093
2030,sc01,02-11 20:00:00+01:00,283.0310094184062
2030,sc01,02-11 21:00:00+01:00,243.3143714858795
2030,sc01,02-11 22:00:00+01:00,188.21927416831156
2030,sc01,02-11 23:00:00+01:00,124.67295832622753
2030,sc01,02-12 00:00:00+01:00,91.9145213596951
2030,sc01,02-12 01:00:00+01:00,57.027612262086
2030,sc01,02-12 02:00:00+01:00,37.808850473020954
2030,sc01,02-12 03:00:00+01:00,26.153019551822023
2030,sc01,02-12 04:00:00+01:00,28.66560694611745
2030,sc01,02-12 05:00:00+01:00,60.257099610274864
2030,sc01,02-12 06:00:00+01:00,161.16213147114365
2030,sc01,02-12 07:00:00+01:00,288.15248198514337
2030,sc01,02-12 08:00:00+01:00,317.4946970525875
2030,sc01,02-12 09:00:00+01:00,43.20630790461312
2030,sc01,02-12 10:00:00+01:00,38.9277726993402
2030,sc01,02-12 11:00:00+01:00,37.26089855551147
2030,sc01,02-12 12:00:00+01:00,35.714619881418784
2030,sc01,02-12 13:00:00+01:00,36.71677253613517
2030,sc01,02-12 14:00:00+01:00,34.9392575427164
2030,sc01,02-12 15:00:00+01:00,32.379928927329985
2030,sc01,02-12 16:00:00+01:00,33.92293147878827
2030,sc01,02-12 17:00:00+01:00,44.156983176596924
2030,sc01,02-12 18:00:00+01:00,211.82165879528714
2030,sc01,02-12 19:00:00+01:00,349.2981760600821
2030,sc01,02-12 20:00:00+01:00,321.3124249817486
2030,sc01,02-12 21:00:00+01:00,260.64747682770707
2030,sc01,02-12 22:00:00+01:00,205.53619969093015
2030,sc01,02-12 23:00:00+01:00,138.55547488377178
2030,sc01,02-13 00:00:00+01:00,80.90108057213854
2030,sc01,02-13 01:00:00+01:00,46.644536091699045
2030,sc01,02-13 02:00:00+01:00,26.793729430124195
2030,sc01,02-13 03:00:00+01:00,13.935883245162161
2030,sc01,02-13 04:00:00+01:00,11.808446697137757
2030,sc01,02-13 05:00:00+01:00,31.033092446831162
2030,sc01,02-13 06:00:00+01:00,113.76567806931583
2030,sc01,02-13 07:00:00+01:00,225.47020847239162
2030,sc01,02-13 08:00:00+01:00,247.7649325827728
2030,sc01,02-13 09:00:00+01:00,43.835830483833234
2030,sc01,02-13 10:00:00+01:00,40.81235334633657
2030,sc01,02-13 11:00:00+01:00,40.21164367656496
2030,sc01,02-13 12:00:00+01:00,39.21641979167149
2030,sc01,02-13 13:00:00+01:00,36.498712366526085
2030,sc01,02-13 14:00:00+01:00,33.040996069886646
2030,sc01,02-13 15:00:00+01:00,30.104772733680505
2030,sc01,02-13 16:00:00+01:00,31.947418782772637
2030,sc01,02-13 17:00:00+01:00,44.241497145342024
2030,sc01,02-13 18:00:00+01:00,171.21238850836602
2030,sc01,02-13 19:00:00+01:00,340.2527934281114
2030,sc01,02-13 20:00:00+01:00,328.5630734949315
2030,sc01,02-13 21:00:00+01:00,286.3831290266872
2030,sc01,02-13 22:00:00+01:00,223.669263412176
2030,sc01,02-13 23:00:00+01:00,158.67979147202098
2030,sc01,02-14 00:00:00+01:00,96.62379207418668
2030,sc01,02-14 01:00:00+01:00,63.38527455949611
2030,sc01,02-14 02:00:00+01:00,42.864303842072836
2030,sc01,02-14 03:00:00+01:00,29.373703232959866
2030,sc01,02-14 04:00:00+01:00,30.72644520429404
2030,sc01,02-14 05:00:00+01:00,58.318958423003835
2030,sc01,02-14 06:00:00+01:00,151.13797123462143
2030,sc01,02-14 07:00:00+01:00,262.35207063633953
2030,sc01,02-14 08:00:00+01:00,272.0744181998296
2030,sc01,02-14 09:00:00+01:00,47.26392879251555
2030,sc01,02-14 10:00:00+01:00,42.06525801212976
2030,sc01,02-14 11:00:00+01:00,36.255261049482556
2030,sc01,02-14 12:00:00+01:00,31.799413483588985
2030,sc01,02-14 13:00:00+01:00,28.30907931687096
2030,sc01,02-14 14:00:00+01:00,34.36180793879949
2030,sc01,02-14 15:00:00+01:00,31.940309957595733
2030,sc01,02-14 16:00:00+01:00,28.120784002271343
2030,sc01,02-14 17:00:00+01:00,38.87209399880031
2030,sc01,02-14 18:00:00+01:00,154.3389589993629
2030,sc01,02-14 19:00:00+01:00,317.52020329665373
2030,sc01,02-14 20:00:00+01:00,305.36622191105425
2030,sc01,02-14 21:00:00+01:00,256.06734222598067
2030,sc01,02-14 22:00:00+01:00,201.2045926766351
2030,sc01,02-14 23:00:00+01:00,151.11748945990783
2030,sc01,02-15 00:00:00+01:00,110.59256499724445
2030,sc01,02-15 01:00:00+01:00,76.17492451542871
2030,sc01,02-15 02:00:00+01:00,52.09320065817909
2030,sc01,02-15 03:00:00+01:00,40.45723339190093
2030,sc01,02-15 04:00:00+01:00,38.1094465075211
2030,sc01,02-15 05:00:00+01:00,57.97422039531718
2030,sc01,02-15 06:00:00+01:00,197.3410202516984
2030,sc01,02-15 07:00:00+01:00,374.65810305465357
2030,sc01,02-15 08:00:00+01:00,403.9460020850973
2030,sc01,02-15 09:00:00+01:00,155.17841294531524
2030,sc01,02-15 10:00:00+01:00,53.44128303731467
2030,sc01,02-15 11:00:00+01:00,39.64031407768373
2030,sc01,02-15 12:00:00+01:00,31.83090388607554
2030,sc01,02-15 13:00:00+01:00,30.968104529924666
2030,sc01,02-15 14:00:00+01:00,28.95472182755019
2030,sc01,02-15 15:00:00+01:00,22.115746280541188
2030,sc01,02-15 16:00:00+01:00,19.13125466867287
2030,sc01,02-15 17:00:00+01:00,94.39875073405848
2030,sc01,02-15 18:00:00+01:00,209.72519548271615
2030,sc01,02-15 19:00:00+01:00,299.2168903957376
2030,sc01,02-15 20:00:00+01:00,278.8805858800521
2030,sc01,02-15 21:00:00+01:00,230.40753942240704
2030,sc01,02-15 22:00:00+01:00,176.66196232417263
2030,sc01,02-15 23:00:00+01:00,121.20719881613847
2030,sc01,02-16 00:00:00+01:00,74.37066180298457
2030,sc01,02-16 01:00:00+01:00,34.51685257254344
2030,sc01,02-16 02:00:00+01:00,6.608936568244175
2030,sc01,02-16 03:00:00+01:00,0.0
2030,sc01,02-16 04:00:00+01:00,0.0
2030,sc01,02-16 05:00:00+01:00,0.0
2030,sc01,02-16 06:00:00+01:00,2.8679395537846855
2030,sc01,02-16 07:00:00+01:00,22.41245215435216
2030,sc01,02-16 08:00:00+01:00,15.269716058896604
2030,sc01,02-16 09:00:00+01:00,7.803095264889975
2030,sc01,02-16 10:00:00+01:00,8.611053210840323
2030,sc01,02-16 11:00:00+01:00,7.4387465002251485
2030,sc01,02-16 12:00:00+01:00,3.5448682873385495
2030,sc01,02-16 13:00:00+01:00,0.0
2030,sc01,02-16 14:00:00+01:00,0.0
2030,sc01,02-16 15:00:00+01:00,0.0
2030,sc01,02-16 16:00:00+01:00,0.0
2030,sc01,02-16 17:00:00+01:00,9.608457591499612
2030,sc01,02-16 18:00:00+01:00,47.068758771873945
2030,sc01,02-16 19:00:00+01:00,201.17637257167135
2030,sc01,02-16 20:00:00+01:00,192.76924451353634
2030,sc01,02-16 21:00:00+01:00,155.6988278604721
2030,sc01,02-16 22:00:00+01:00,125.76020901517698
2030,sc01,02-16 23:00:00+01:00,91.5151330060248
2030,sc01,02-17 00:00:00+01:00,51.64366717556341
2030,sc01,02-17 01:00:00+01:00,24.126668393018907
2030,sc01,02-17 02:00:00+01:00,8.718250312867548
2030,sc01,02-17 03:00:00+01:00,0.0
2030,sc01,02-17 04:00:00+01:00,0.0
2030,sc01,02-17 05:00:00+01:00,0.0
2030,sc01,02-17 06:00:00+01:00,7.4138139698524395
2030,sc01,02-17 07:00:00+01:00,12.630077118039821
2030,sc01,02-17 08:00:00+01:00,0.0
2030,sc01,02-17 09:00:00+01:00,1.5420318515213474
2030,sc01,02-17 10:00:00+01:00,4.979910615409133
2030,sc01,02-17 11:00:00+01:00,5.850120597250822
2030,sc01,02-17 12:00:00+01:00,2.6744282006247566
2030,sc01,02-17 13:00:00+01:00,0.0
2030,sc01,02-17 14:00:00+01:00,0.0
2030,sc01,02-17 15:00:00+01:00,10.151103349715296
2030,sc01,02-17 16:00:00+01:00,31.628005250111023
2030,sc01,02-17 17:00:00+01:00,82.03741759939516
2030,sc01,02-17 18:00:00+01:00,270.712066119502
2030,sc01,02-17 19:00:00+01:00,368.1591587058961
2030,sc01,02-17 20:00:00+01:00,241.311112773031
2030,sc01,02-17 21:00:00+01:00,202.7926463033698
2030,sc01,02-17 22:00:00+01:00,149.31148242538103
2030,sc01,02-17 23:00:00+01:00,78.5632231838581
2030,sc01,02-18 00:00:00+01:00,34.26515689999566
2030,sc01,02-18 01:00:00+01:00,10.127579772459939
2030,sc01,02-18 02:00:00+01:00,0.0
2030,sc01,02-18 03:00:00+01:00,0.0
2030,sc01,02-18 04:00:00+01:00,0.0
2030,sc01,02-18 05:00:00+01:00,29.47596154875585
2030,sc01,02-18 06:00:00+01:00,190.40817124584325
2030,sc01,02-18 07:00:00+01:00,364.8704404452744
2030,sc01,02-18 08:00:00+01:00,433.16732445490777
2030,sc01,02-18 09:00:00+01:00,322.82779816140624
2030,sc01,02-18 10:00:00+01:00,147.32790445656184
2030,sc01,02-18 11:00:00+01:00,115.33715015611351
2030,sc01,02-18 12:00:00+01:00,92.21991249023544
2030,sc01,02-18 13:00:00+01:00,65.0615841433097
2030,sc01,02-18 14:00:00+01:00,57.68000785632115
2030,sc01,02-18 15:00:00+01:00,54.12598744348087
2030,sc01,02-18 16:00:00+01:00,40.09648108395085
2030,sc01,02-18 17:00:00+01:00,189.038835377534
2030,sc01,02-18 18:00:00+01:00,339.69176180900047
2030,sc01,02-18 19:00:00+01:00,366.8867000111142
2030,sc01,02-18 20:00:00+01:00,327.01195233210353
2030,sc01,02-18 21:00:00+01:00,255.40147709412335
2030,sc01,02-18 22:00:00+01:00,184.52505283461545
2030,sc01,02-18 23:00:00+01:00,124.09104337561536
2030,sc01,02-19 00:00:00+01:00,78.66497120768595
2030,sc01,02-19 01:00:00+01:00,39.33069817991784
2030,sc01,02-19 02:00:00+01:00,15.844848310802035
2030,sc01,02-19 03:00:00+01:00,3.762554172880084
2030,sc01,02-19 04:00:00+01:00,3.868306556703669
2030,sc01,02-19 05:00:00+01:00,24.49479538793334
2030,sc01,02-19 06:00:00+01:00,105.94191402755486
2030,sc01,02-19 07:00:00+01:00,214.63283040562584
2030,sc01,02-19 08:00:00+01:00,245.3164612943669
2030,sc01,02-19 09:00:00+01:00,79.28659011398484
2030,sc01,02-19 10:00:00+01:00,44.27265843674883
2030,sc01,02-19 11:00:00+01:00,59.86866339913028
2030,sc01,02-19 12:00:00+01:00,22.761845716853628
2030,sc01,02-19 13:00:00+01:00,17.52030104196759
2030,sc01,02-19 14:00:00+01:00,13.694760253159355
2030,sc01,02-19 15:00:00+01:00,11.910225941808507
2030,sc01,02-19 16:00:00+01:00,14.477986666101533
2030,sc01,02-19 17:00:00+01:00,29.12863746820891
2030,sc01,02-19 18:00:00+01:00,234.79174644138678
2030,sc01,02-19 19:00:00+01:00,339.5883182247697
2030,sc01,02-19 20:00:00+01:00,298.91917028605354
2030,sc01,02-19 21:00:00+01:00,234.88751192288578
2030,sc01,02-19 22:00:00+01:00,178.04320671581354
2030,sc01,02-19 23:00:00+01:00,123.4844132492653
2030,sc01,02-20 00:00:00+01:00,77.42513104544464
2030,sc01,02-20 01:00:00+01:00,44.19717236831765
2030,sc01,02-20 02:00:00+01:00,22.872569579876316
2030,sc01,02-20 03:00:00+01:00,12.413414140433087
2030,sc01,02-20 04:00:00+01:00,19.913542874240648
2030,sc01,02-20 05:00:00+01:00,50.61392635131924
2030,sc01,02-20 06:00:00+01:00,151.23423479515156
2030,sc01,02-20 07:00:00+01:00,287.57908909388686
2030,sc01,02-20 08:00:00+01:00,357.97910228893915
2030,sc01,02-20 09:00:00+01:00,134.8331742672232
2030,sc01,02-20 10:00:00+01:00,39.953954801397856
2030,sc01,02-20 11:00:00+01:00,37.43313168842361
2030,sc01,02-20 12:00:00+01:00,34.60943683508534
2030,sc01,02-20 13:00:00+01:00,29.241270680981856
2030,sc01,02-20 14:00:00+01:00,29.98702115115371
2030,sc01,02-20 15:00:00+01:00,25.403386972735486
2030,sc01,02-20 16:00:00+01:00,28.32660177131381
2030,sc01,02-20 17:00:00+01:00,54.12639048596922
2030,sc01,02-20 18:00:00+01:00,305.9509009057756
2030,sc01,02-20 19:00:00+01:00,452.1821634099355
2030,sc01,02-20 20:00:00+01:00,398.95155690686784
2030,sc01,02-20 21:00:00+01:00,308.5858461993469
2030,sc01,02-20 22:00:00+01:00,233.71130985635287
2030,sc01,02-20 23:00:00+01:00,165.92970637459123
2030,sc01,02-21 00:00:00+01:00,110.56023868118231
2030,sc01,02-21 01:00:00+01:00,67.43727852639383
2030,sc01,02-21 02:00:00+01:00,41.94666513068233
2030,sc01,02-21 03:00:00+01:00,28.445762356580612
2030,sc01,02-21 04:00:00+01:00,31.52071014158467
2030,sc01,02-21 05:00:00+01:00,62.96349563441798
2030,sc01,02-21 06:00:00+01:00,164.38986474231237
2030,sc01,02-21 07:00:00+01:00,311.92717949601706
2030,sc01,02-21 08:00:00+01:00,336.2954285538676
2030,sc01,02-21 09:00:00+01:00,101.29077608096098
2030,sc01,02-21 10:00:00+01:00,111.0973537312397
2030,sc01,02-21 11:00:00+01:00,105.80954049269639
2030,sc01,02-21 12:00:00+01:00,108.52547092322862
2030,sc01,02-21 13:00:00+01:00,85.57337110917294
2030,sc01,02-21 14:00:00+01:00,76.87425667739286
2030,sc01,02-21 15:00:00+01:00,64.45009762465291
2030,sc01,02-21 16:00:00+01:00,81.25549724953464
2030,sc01,02-21 17:00:00+01:00,217.67604484919758
2030,sc01,02-21 18:00:00+01:00,517.2733871455714
2030,sc01,02-21 19:00:00+01:00,449.9989793984472
2030,sc01,02-21 20:00:00+01:00,387.6101360459656
2030,sc01,02-21 21:00:00+01:00,311.1097549398428
2030,sc01,02-21 22:00:00+01:00,238.3038177074688
2030,sc01,02-21 23:00:00+01:00,162.02598389841677
2030,sc01,02-22 00:00:00+01:00,107.02053525654449
2030,sc01,02-22 01:00:00+01:00,65.44677958523367
2030,sc01,02-22 02:00:00+01:00,37.46245096423106
2030,sc01,02-22 03:00:00+01:00,19.944495367350672
2030,sc01,02-22 04:00:00+01:00,18.431070976544596
2030,sc01,02-22 05:00:00+01:00,43.316576098032975
2030,sc01,02-22 06:00:00+01:00,143.2280626634403
2030,sc01,02-22 07:00:00+01:00,438.2325626777722
2030,sc01,02-22 08:00:00+01:00,461.4270165779863
2030,sc01,02-22 09:00:00+01:00,155.02781039327132
2030,sc01,02-22 10:00:00+01:00,92.11899193026998
2030,sc01,02-22 11:00:00+01:00,85.62152814224441
2030,sc01,02-22 12:00:00+01:00,73.52266386977632
2030,sc01,02-22 13:00:00+01:00,243.92065474476303
2030,sc01,02-22 14:00:00+01:00,194.98040092433342
2030,sc01,02-22 15:00:00+01:00,34.95880626989612
2030,sc01,02-22 16:00:00+01:00,31.140643115262467
2030,sc01,02-22 17:00:00+01:00,57.554387330787314
2030,sc01,02-22 18:00:00+01:00,154.39944606846132
2030,sc01,02-22 19:00:00+01:00,301.51950714519324
2030,sc01,02-22 20:00:00+01:00,291.28115539022286
2030,sc01,02-22 21:00:00+01:00,243.51690129652982
2030,sc01,02-22 22:00:00+01:00,185.6081538230415
2030,sc01,02-22 23:00:00+01:00,119.90456349007135
2030,sc01,02-23 00:00:00+01:00,73.706653462083
2030,sc01,02-23 01:00:00+01:00,35.12029009983694
2030,sc01,02-23 02:00:00+01:00,10.131531626839053
2030,sc01,02-23 03:00:00+01:00,0.0
2030,sc01,02-23 04:00:00+01:00,0.0
2030,sc01,02-23 05:00:00+01:00,0.0
2030,sc01,02-23 06:00:00+01:00,22.73278511418691
2030,sc01,02-23 07:00:00+01:00,51.79577876459491
2030,sc01,02-23 08:00:00+01:00,13.211828424795812
2030,sc01,02-23 09:00:00+01:00,16.551209277089903
2030,sc01,02-23 10:00:00+01:00,19.413503489058265
2030,sc01,02-23 11:00:00+01:00,19.97594966714472
2030,sc01,02-23 12:00:00+01:00,16.29347367303002
2030,sc01,02-23 13:00:00+01:00,11.45986140590041
2030,sc01,02-23 14:00:00+01:00,8.639258029879661
2030,sc01,02-23 15:00:00+01:00,6.867115775790293
2030,sc01,02-23 16:00:00+01:00,11.056029795543802
2030,sc01,02-23 17:00:00+01:00,20.835843644787346
2030,sc01,02-23 18:00:00+01:00,62.651104137642136
2030,sc01,02-23 19:00:00+01:00,201.92882043554084
2030,sc01,02-23 20:00:00+01:00,188.1858791038247
2030,sc01,02-23 21:00:00+01:00,152.9771886771416
2030,sc01,02-23 22:00:00+01:00,117.36773793415685
2030,sc01,02-23 23:00:00+01:00,76.15510658878654
2030,sc01,02-24 00:00:00+01:00,37.87243330687478
2030,sc01,02-24 01:00:00+01:00,3.67073366457699
2030,sc01,02-24 02:00:00+01:00,0.0
2030,sc01,02-24 03:00:00+01:00,0.0
2030,sc01,02-24 04:00:00+01:00,0.0
2030,sc01,02-24 05:00:00+01:00,0.0
2030,sc01,02-24 06:00:00+01:00,0.0
2030,sc01,02-24 07:00:00+01:00,0.0
2030,sc01,02-24 08:00:00+01:00,0.0
2030,sc01,02-24 09:00:00+01:00,1.4525998358262635
2030,sc01,02-24 10:00:00+01:00,4.957766648819243
2030,sc01,02-24 11:00:00+01:00,5.668784016186989
2030,sc01,02-24 12:00:00+01:00,1.6548288950604033
2030,sc01,02-24 13:00:00+01:00,0.0
2030,sc01,02-24 14:00:00+01:00,0.0
2030,sc01,02-24 15:00:00+01:00,0.0
2030,sc01,02-24 16:00:00+01:00,0.0
2030,sc01,02-24 17:00:00+01:00,7.612199276953201
2030,sc01,02-24 18:00:00+01:00,16.89249332822779
2030,sc01,02-24 19:00:00+01:00,136.4325550034337
2030,sc01,02-24 20:00:00+01:00,148.582060128777
2030,sc01,02-24 21:00:00+01:00,117.10616463742657
2030,sc01,02-24 22:00:00+01:00,99.90819942337872
2030,sc01,02-24 23:00:00+01:00,71.85302540558655
2030,sc01,02-25 00:00:00+01:00,33.52111639455242
2030,sc01,02-25 01:00:00+01:00,7.898496282669356
2030,sc01,02-25 02:00:00+01:00,0.0
2030,sc01,02-25 03:00:00+01:00,0.0
2030,sc01,02-25 04:00:00+01:00,0.0
2030,sc01,02-25 05:00:00+01:00,14.105542636997495
2030,sc01,02-25 06:00:00+01:00,204.966533730298
2030,sc01,02-25 07:00:00+01:00,380.4065913535828
2030,sc01,02-25 08:00:00+01:00,372.764373562459
2030,sc01,02-25 09:00:00+01:00,105.86279762333491
2030,sc01,02-25 10:00:00+01:00,51.513074842101126
2030,sc01,02-25 11:00:00+01:00,31.532233645376085
2030,sc01,02-25 12:00:00+01:00,29.59202084496691
2030,sc01,02-25 13:00:00+01:00,26.915048748090772
2030,sc01,02-25 14:00:00+01:00,23.62612829594409
2030,sc01,02-25 15:00:00+01:00,21.542628245562128
2030,sc01,02-25 16:00:00+01:00,21.831849465403582
2030,sc01,02-25 17:00:00+01:00,36.02743537084315
2030,sc01,02-25 18:00:00+01:00,205.72039412819768
2030,sc01,02-25 19:00:00+01:00,418.7348125663217
2030,sc01,02-25 20:00:00+01:00,368.3570268054836
2030,sc01,02-25 21:00:00+01:00,274.1352984217169
2030,sc01,02-25 22:00:00+01:00,174.82383523051993
2030,sc01,02-25 23:00:00+01:00,108.04383076820004
2030,sc01,02-26 00:00:00+01:00,66.81806828771248
2030,sc01,02-26 01:00:00+01:00,34.374483414214886
2030,sc01,02-26 02:00:00+01:00,18.61814165827371
2030,sc01,02-26 03:00:00+01:00,11.640641238817253
2030,sc01,02-26 04:00:00+01:00,13.594798730812196
2030,sc01,02-26 05:00:00+01:00,43.32780154108746
2030,sc01,02-26 06:00:00+01:00,134.63713865508592
2030,sc01,02-26 07:00:00+01:00,257.2614000649081
2030,sc01,02-26 08:00:00+01:00,207.74489990111857
2030,sc01,02-26 09:00:00+01:00,31.218775717604963
2030,sc01,02-26 10:00:00+01:00,25.6838427729642
2030,sc01,02-26 11:00:00+01:00,22.97677033740835
2030,sc01,02-26 12:00:00+01:00,21.184727953826684
2030,sc01,02-26 13:00:00+01:00,18.10167720252073
2030,sc01,02-26 14:00:00+01:00,15.410218477703637
2030,sc01,02-26 15:00:00+01:00,12.812680951497235
2030,sc01,02-26 16:00:00+01:00,12.594788903766096
2030,sc01,02-26 17:00:00+01:00,51.55142458544366
2030,sc01,02-26 18:00:00+01:00,240.93698877368388
2030,sc01,02-26 19:00:00+01:00,411.11905669590186
2030,sc01,02-26 20:00:00+01:00,367.9156390597519
2030,sc01,02-26 21:00:00+01:00,266.5386420721493
2030,sc01,02-26 22:00:00+01:00,179.3734396913755
2030,sc01,02-26 23:00:00+01:00,100.81896264673566
2030,sc01,02-27 00:00:00+01:00,58.98564604334135
2030,sc01,02-27 01:00:00+01:00,40.336169872265245
2030,sc01,02-27 02:00:00+01:00,17.08827144906809
2030,sc01,02-27 03:00:00+01:00,5.978326163907127
2030,sc01,02-27 04:00:00+01:00,5.616419128956483
2030,sc01,02-27 05:00:00+01:00,32.048824590312755
2030,sc01,02-27 06:00:00+01:00,159.25749017818302
2030,sc01,02-27 07:00:00+01:00,306.4890601944895
2030,sc01,02-27 08:00:00+01:00,255.11750095859614
2030,sc01,02-27 09:00:00+01:00,26.446011862876958
2030,sc01,02-27 10:00:00+01:00,21.689645631328013
2030,sc01,02-27 11:00:00+01:00,19.119138213196113
2030,sc01,02-27 12:00:00+01:00,17.622000776758114
2030,sc01,02-27 13:00:00+01:00,13.913498334539177
2030,sc01,02-27 14:00:00+01:00,11.041561213505691
2030,sc01,02-27 15:00:00+01:00,8.024239111450942
2030,sc01,02-27 16:00:00+01:00,7.849857672717272
2030,sc01,02-27 17:00:00+01:00,20.7545644010958
2030,sc01,02-27 18:00:00+01:00,207.03301814878108
2030,sc01,02-27 19:00:00+01:00,350.6413692880118
2030,sc01,02-27 20:00:00+01:00,281.64714995073575
2030,sc01,02-27 21:00:00+01:00,179.2715015507252
2030,sc01,02-27 22:00:00+01:00,116.27827203111279
2030,sc01,02-27 23:00:00+01:00,67.18882805089957
2030,sc01,02-28 00:00:00+01:00,30.51239759402501
2030,sc01,02-28 01:00:00+01:00,0.31826868729838964
2030,sc01,02-28 02:00:00+01:00,0.0
2030,sc01,02-28 03:00:00+01:00,0.0
2030,sc01,02-28 04:00:00+01:00,0.0
2030,sc01,02-28 05:00:00+01:00,0.0
2030,sc01,02-28 06:00:00+01:00,59.79913813900226
2030,sc01,02-28 07:00:00+01:00,206.09666687495312
2030,sc01,02-28 08:00:00+01:00,103.13679040045378
2030,sc01,02-28 09:00:00+01:00,24.570564990811746
2030,sc01,02-28 10:00:00+01:00,14.390257145143373
2030,sc01,02-28 11:00:00+01:00,11.358455860868574
2030,sc01,02-28 12:00:00+01:00,10.370030801436236
2030,sc01,02-28 13:00:00+01:00,7.40771228506746
2030,sc01,02-28 14:00:00+01:00,5.79038340097104
2030,sc01,02-28 15:00:00+01:00,3.005380969562552
2030,sc01,02-28 16:00:00+01:00,6.520616411004309
2030,sc01,02-28 17:00:00+01:00,20.60612410671834
2030,sc01,02-28 18:00:00+01:00,173.3916628048376
2030,sc01,02-28 19:00:00+01:00,309.4799394792837
2030,sc01,02-28 20:00:00+01:00,297.4461588821449
2030,sc01,02-28 21:00:00+01:00,235.45387565417963
2030,sc01,02-28 22:00:00+01:00,265.3274196056075
2030,sc01,02-28 23:00:00+01:00,165.6419807533215
2030,sc01,03-01 00:00:00+01:00,88.35719776559618
2030,sc01,03-01 01:00:00+01:00,56.744419492177066
2030,sc01,03-01 02:00:00+01:00,32.36732360969385
2030,sc01,03-01 03:00:00+01:00,18.85145022943432
2030,sc01,03-01 04:00:00+01:00,17.765658811590416
2030,sc01,03-01 05:00:00+01:00,61.94066504785796
2030,sc01,03-01 06:00:00+01:00,252.4164544034752
2030,sc01,03-01 07:00:00+01:00,411.038206282381
2030,sc01,03-01 08:00:00+01:00,221.34421767510744
2030,sc01,03-01 09:00:00+01:00,49.17764141283237
2030,sc01,03-01 10:00:00+01:00,26.87460912308898
2030,sc01,03-01 11:00:00+01:00,24.992129047687442
2030,sc01,03-01 12:00:00+01:00,23.877719328165217
2030,sc01,03-01 13:00:00+01:00,21.497902787204133
2030,sc01,03-01 14:00:00+01:00,17.732216790840397
2030,sc01,03-01 15:00:00+01:00,15.972810268361334
2030,sc01,03-01 16:00:00+01:00,16.382328472683287
2030,sc01,03-01 17:00:00+01:00,30.44444976987178
2030,sc01,03-01 18:00:00+01:00,228.9747585021492
2030,sc01,03-01 19:00:00+01:00,413.4946821370493
2030,sc01,03-01 20:00:00+01:00,370.0060773652383
2030,sc01,03-01 21:00:00+01:00,261.07335989119855
2030,sc01,03-01 22:00:00+01:00,323.12189633963555
2030,sc01,03-01 23:00:00+01:00,231.48865865229558
2030,sc01,03-02 00:00:00+01:00,139.50145444808726
2030,sc01,03-02 01:00:00+01:00,59.267737907060166
2030,sc01,03-02 02:00:00+01:00,23.343670731306048
2030,sc01,03-02 03:00:00+01:00,1.5764078582698469
2030,sc01,03-02 04:00:00+01:00,0.0
2030,sc01,03-02 05:00:00+01:00,0.0
2030,sc01,03-02 06:00:00+01:00,13.828238836418144
2030,sc01,03-02 07:00:00+01:00,70.33649434441644
2030,sc01,03-02 08:00:00+01:00,15.39434055574799
2030,sc01,03-02 09:00:00+01:00,5.568513303824488
2030,sc01,03-02 10:00:00+01:00,0.567915384597994
2030,sc01,03-02 11:00:00+01:00,0.0
2030,sc01,03-02 12:00:00+01:00,0.0
2030,sc01,03-02 13:00:00+01:00,0.0
2030,sc01,03-02 14:00:00+01:00,0.0
2030,sc01,03-02 15:00:00+01:00,0.0
2030,sc01,03-02 16:00:00+01:00,0.0
2030,sc01,03-02 17:00:00+01:00,0.0
2030,sc01,03-02 18:00:00+01:00,11.893066452863938
2030,sc01,03-02 19:00:00+01:00,107.1234463107162
2030,sc01,03-02 20:00:00+01:00,116.89344679408717
2030,sc01,03-02 21:00:00+01:00,75.68671563312658
2030,sc01,03-02 22:00:00+01:00,55.63816277355124
2030,sc01,03-02 23:00:00+01:00,34.097774272231696
2030,sc01,03-03 00:00:00+01:00,11.030022765623054
2030,sc01,03-03 01:00:00+01:00,0.0
2030,sc01,03-03 02:00:00+01:00,0.0
2030,sc01,03-03 03:00:00+01:00,0.0
2030,sc01,03-03 04:00:00+01:00,0.0
2030,sc01,03-03 05:00:00+01:00,0.0
2030,sc01,03-03 06:00:00+01:00,0.0
2030,sc01,03-03 07:00:00+01:00,0.0
2030,sc01,03-03 08:00:00+01:00,0.0
2030,sc01,03-03 09:00:00+01:00,0.0
2030,sc01,03-03 10:00:00+01:00,0.0
2030,sc01,03-03 11:00:00+01:00,0.0
2030,sc01,03-03 12:00:00+01:00,0.0
2030,sc01,03-03 13:00:00+01:00,0.0
2030,sc01,03-03 14:00:00+01:00,0.0
2030,sc01,03-03 15:00:00+01:00,0.0
2030,sc01,03-03 16:00:00+01:00,0.0
2030,sc01,03-03 17:00:00+01:00,0.8774876943360296
2030,sc01,03-03 18:00:00+01:00,11.760714583286678
2030,sc01,03-03 19:00:00+01:00,73.56516088947353
2030,sc01,03-03 20:00:00+01:00,91.07726828420739
2030,sc01,03-03 21:00:00+01:00,73.20736369872635
2030,sc01,03-03 22:00:00+01:00,56.291561814319444
2030,sc01,03-03 23:00:00+01:00,25.30084831185269
2030,sc01,03-04 00:00:00+01:00,0.0
2030,sc01,03-04 01:00:00+01:00,0.0
2030,sc01,03-04 02:00:00+01:00,0.0
2030,sc01,03-04 03:00:00+01:00,0.0
2030,sc01,03-04 04:00:00+01:00,0.0
2030,sc01,03-04 05:00:00+01:00,0.0
2030,sc01,03-04 06:00:00+01:00,49.43133090004481
2030,sc01,03-04 07:00:00+01:00,139.53853057622422
2030,sc01,03-04 08:00:00+01:00,149.12929608796233
2030,sc01,03-04 09:00:00+01:00,72.36771770413152
2030,sc01,03-04 10:00:00+01:00,48.29950425510642
2030,sc01,03-04 11:00:00+01:00,32.06175834279559
2030,sc01,03-04 12:00:00+01:00,23.570885747021357
2030,sc01,03-04 13:00:00+01:00,23.11931116020056
2030,sc01,03-04 14:00:00+01:00,23.062969169982463
2030,sc01,03-04 15:00:00+01:00,16.492782169238684
2030,sc01,03-04 16:00:00+01:00,11.051957555181927
2030,sc01,03-04 17:00:00+01:00,25.721835023196537
2030,sc01,03-04 18:00:00+01:00,143.0211706001572
2030,sc01,03-04 19:00:00+01:00,258.5219741085431
2030,sc01,03-04 20:00:00+01:00,246.00918869318286
2030,sc01,03-04 21:00:00+01:00,195.65436437650882
2030,sc01,03-04 22:00:00+01:00,144.2465038994773
2030,sc01,03-04 23:00:00+01:00,91.30330164101142
2030,sc01,03-05 00:00:00+01:00,49.43513515324634
2030,sc01,03-05 01:00:00+01:00,19.32705298177943
2030,sc01,03-05 02:00:00+01:00,0.8545084904776643
2030,sc01,03-05 03:00:00+01:00,0.0
2030,sc01,03-05 04:00:00+01:00,0.0
2030,sc01,03-05 05:00:00+01:00,2.988435924486304
2030,sc01,03-05 06:00:00+01:00,67.15691909602872
2030,sc01,03-05 07:00:00+01:00,139.7427775948996
2030,sc01,03-05 08:00:00+01:00,119.89954589376346
2030,sc01,03-05 09:00:00+01:00,31.878853649860655
2030,sc01,03-05 10:00:00+01:00,27.95865588730276
2030,sc01,03-05 11:00:00+01:00,26.330062408160213
2030,sc01,03-05 12:00:00+01:00,24.553263294908792
2030,sc01,03-05 13:00:00+01:00,27.41198901594272
2030,sc01,03-05 14:00:00+01:00,26.262002750819057
2030,sc01,03-05 15:00:00+01:00,24.07646512967558
2030,sc01,03-05 16:00:00+01:00,23.85365592924076
2030,sc01,03-05 17:00:00+01:00,105.63312586329887
2030,sc01,03-05 18:00:00+01:00,391.4914574440139
2030,sc01,03-05 19:00:00+01:00,487.68132714122123
2030,sc01,03-05 20:00:00+01:00,444.1502295880816
2030,sc01,03-05 21:00:00+01:00,347.18298446401394
2030,sc01,03-05 22:00:00+01:00,251.79921527261416
2030,sc01,03-05 23:00:00+01:00,145.59834026943267
2030,sc01,03-06 00:00:00+01:00,78.46199494457117
2030,sc01,03-06 01:00:00+01:00,40.8062849238955
2030,sc01,03-06 02:00:00+01:00,20.99240651939827
2030,sc01,03-06 03:00:00+01:00,9.178810321174298
2030,sc01,03-06 04:00:00+01:00,17.622053263470374
2030,sc01,03-06 05:00:00+01:00,99.99076290016147
2030,sc01,03-06 06:00:00+01:00,298.2328023667813
2030,sc01,03-06 07:00:00+01:00,458.49387713103096
2030,sc01,03-06 08:00:00+01:00,530.9209011704643
2030,sc01,03-06 09:00:00+01:00,462.69578972930384
2030,sc01,03-06 10:00:00+01:00,304.5495680836829
2030,sc01,03-06 11:00:00+01:00,122.12531730364157
2030,sc01,03-06 12:00:00+01:00,47.75175708624342
2030,sc01,03-06 13:00:00+01:00,29.6288393115738
2030,sc01,03-06 14:00:00+01:00,25.072452360546567
2030,sc01,03-06 15:00:00+01:00,20.04897054145493
2030,sc01,03-06 16:00:00+01:00,16.589406226107826
2030,sc01,03-06 17:00:00+01:00,29.81806813772104
2030,sc01,03-06 18:00:00+01:00,181.80703101436984
2030,sc01,03-06 19:00:00+01:00,287.28073976329347
2030,sc01,03-06 20:00:00+01:00,271.32463341947823
2030,sc01,03-06 21:00:00+01:00,217.67698984927844
2030,sc01,03-06 22:00:00+01:00,160.94036116756533
2030,sc01,03-06 23:00:00+01:00,103.27049203169801
2030,sc01,03-07 00:00:00+01:00,60.23377006591641
2030,sc01,03-07 01:00:00+01:00,24.046115916643405
2030,sc01,03-07 02:00:00+01:00,2.0672111686408887
2030,sc01,03-07 03:00:00+01:00,0.0
2030,sc01,03-07 04:00:00+01:00,0.0
2030,sc01,03-07 05:00:00+01:00,3.470361524087884
2030,sc01,03-07 06:00:00+01:00,70.87203759491452
2030,sc01,03-07 07:00:00+01:00,143.72339196573577
2030,sc01,03-07 08:00:00+01:00,92.41982849393128
2030,sc01,03-07 09:00:00+01:00,21.996900765356838
2030,sc01,03-07 10:00:00+01:00,19.42355469679987
2030,sc01,03-07 11:00:00+01:00,18.19525862399809
2030,sc01,03-07 12:00:00+01:00,17.953190198674957
2030,sc01,03-07 13:00:00+01:00,15.560497939821872
2030,sc01,03-07 14:00:00+01:00,12.780698491349456
2030,sc01,03-07 15:00:00+01:00,11.140748401922442
2030,sc01,03-07 16:00:00+01:00,8.261268795243858
2030,sc01,03-07 17:00:00+01:00,18.13889031513664
2030,sc01,03-07 18:00:00+01:00,156.65564963455907
2030,sc01,03-07 19:00:00+01:00,283.1054470422808
2030,sc01,03-07 20:00:00+01:00,282.7964073956091
2030,sc01,03-07 21:00:00+01:00,214.58914289881787
2030,sc01,03-07 22:00:00+01:00,161.75773714645786
2030,sc01,03-07 23:00:00+01:00,111.07011863970773
2030,sc01,03-08 00:00:00+01:00,59.55060895441799
2030,sc01,03-08 01:00:00+01:00,26.636339732943714
2030,sc01,03-08 02:00:00+01:00,3.8855285755816436
2030,sc01,03-08 03:00:00+01:00,0.0
2030,sc01,03-08 04:00:00+01:00,0.0
2030,sc01,03-08 05:00:00+01:00,0.19734314695873684
2030,sc01,03-08 06:00:00+01:00,63.659989373240705
2030,sc01,03-08 07:00:00+01:00,126.00333481685203
2030,sc01,03-08 08:00:00+01:00,81.41955476647551
2030,sc01,03-08 09:00:00+01:00,25.605671260770897
2030,sc01,03-08 10:00:00+01:00,23.31716839398624
2030,sc01,03-08 11:00:00+01:00,23.65598553241874
2030,sc01,03-08 12:00:00+01:00,23.69398192812693
2030,sc01,03-08 13:00:00+01:00,21.475839193086934
2030,sc01,03-08 14:00:00+01:00,16.005158138738597
2030,sc01,03-08 15:00:00+01:00,14.453558519408427
2030,sc01,03-08 16:00:00+01:00,13.82483846324204
2030,sc01,03-08 17:00:00+01:00,16.10563271708402
2030,sc01,03-08 18:00:00+01:00,45.307984034814325
2030,sc01,03-08 19:00:00+01:00,249.69461678622343
2030,sc01,03-08 20:00:00+01:00,249.51952905414834
2030,sc01,03-08 21:00:00+01:00,177.2639407857324
2030,sc01,03-08 22:00:00+01:00,130.8088479240207
2030,sc01,03-08 23:00:00+01:00,97.040507197783
2030,sc01,03-09 00:00:00+01:00,59.69685334993258
2030,sc01,03-09 01:00:00+01:00,21.158908017773182
2030,sc01,03-09 02:00:00+01:00,0.0
2030,sc01,03-09 03:00:00+01:00,0.0
2030,sc01,03-09 04:00:00+01:00,0.0
2030,sc01,03-09 05:00:00+01:00,0.0
2030,sc01,03-09 06:00:00+01:00,0.0
2030,sc01,03-09 07:00:00+01:00,0.0
2030,sc01,03-09 08:00:00+01:00,0.0
2030,sc01,03-09 09:00:00+01:00,3.464255479847903
2030,sc01,03-09 10:00:00+01:00,3.650131154831059
2030,sc01,03-09 11:00:00+01:00,3.3253807925361776
2030,sc01,03-09 12:00:00+01:00,0.0
2030,sc01,03-09 13:00:00+01:00,0.0
2030,sc01,03-09 14:00:00+01:00,0.0
2030,sc01,03-09 15:00:00+01:00,0.0
2030,sc01,03-09 16:00:00+01:00,0.0
2030,sc01,03-09 17:00:00+01:00,0.0
2030,sc01,03-09 18:00:00+01:00,9.253226568008696
2030,sc01,03-09 19:00:00+01:00,51.560680150390944
2030,sc01,03-09 20:00:00+01:00,66.92984555333285
2030,sc01,03-09 21:00:00+01:00,40.00969206946188
2030,sc01,03-09 22:00:00+01:00,17.839818733417285
2030,sc01,03-09 23:00:00+01:00,0.0
2030,sc01,03-10 00:00:00+01:00,0.0
2030,sc01,03-10 01:00:00+01:00,0.0
2030,sc01,03-10 02:00:00+01:00,0.0
2030,sc01,03-10 03:00:00+01:00,0.0
2030,sc01,03-10 04:00:00+01:00,0.0
2030,sc01,03-10 05:00:00+01:00,0.0
2030,sc01,03-10 06:00:00+01:00,0.0
2030,sc01,03-10 07:00:00+01:00,0.0
2030,sc01,03-10 08:00:00+01:00,0.0
2030,sc01,03-10 09:00:00+01:00,0.0
2030,sc01,03-10 10:00:00+01:00,0.0
2030,sc01,03-10 11:00:00+01:00,0.0
2030,sc01,03-10 12:00:00+01:00,0.0
2030,sc01,03-10 13:00:00+01:00,0.0
2030,sc01,03-10 14:00:00+01:00,0.0
2030,sc01,03-10 15:00:00+01:00,0.0
2030,sc01,03-10 16:00:00+01:00,0.0
2030,sc01,03-10 17:00:00+01:00,0.0
2030,sc01,03-10 18:00:00+01:00,0.0
2030,sc01,03-10 19:00:00+01:00,55.40075468044496
2030,sc01,03-10 20:00:00+01:00,91.18510514618488
2030,sc01,03-10 21:00:00+01:00,68.04887327512725
2030,sc01,03-10 22:00:00+01:00,45.11807659588074
2030,sc01,03-10 23:00:00+01:00,11.576211281906273
2030,sc01,03-11 00:00:00+01:00,0.0
2030,sc01,03-11 01:00:00+01:00,0.0
2030,sc01,03-11 02:00:00+01:00,0.0
2030,sc01,03-11 03:00:00+01:00,0.0
2030,sc01,03-11 04:00:00+01:00,0.0
2030,sc01,03-11 05:00:00+01:00,0.0
2030,sc01,03-11 06:00:00+01:00,73.40056170517147
2030,sc01,03-11 07:00:00+01:00,150.76683324049606
2030,sc01,03-11 08:00:00+01:00,61.060469730220206
2030,sc01,03-11 09:00:00+01:00,25.325818520615076
2030,sc01,03-11 10:00:00+01:00,22.290762365889844
2030,sc01,03-11 11:00:00+01:00,22.309732103029326
2030,sc01,03-11 12:00:00+01:00,19.733759974457367
2030,sc01,03-11 13:00:00+01:00,18.75315703192993
2030,sc01,03-11 14:00:00+01:00,16.78641027206597
2030,sc01,03-11 15:00:00+01:00,14.1758089646625
2030,sc01,03-11 16:00:00+01:00,14.538452466912373
2030,sc01,03-11 17:00:00+01:00,21.934844453585068
2030,sc01,03-11 18:00:00+01:00,38.6858366110711
2030,sc01,03-11 19:00:00+01:00,238.17109243698613
2030,sc01,03-11 20:00:00+01:00,260.1707067390387
2030,sc01,03-11 21:00:00+01:00,201.42734855359282
2030,sc01,03-11 22:00:00+01:00,141.48757487561224
2030,sc01,03-11 23:00:00+01:00,86.67209440313191
2030,sc01,03-12 00:00:00+01:00,57.69184336314107
2030,sc01,03-12 01:00:00+01:00,38.906660863630684
2030,sc01,03-12 02:00:00+01:00,27.973281623179883
2030,sc01,03-12 03:00:00+01:00,17.641695259543294
2030,sc01,03-12 04:00:00+01:00,14.418024177786016
2030,sc01,03-12 05:00:00+01:00,31.33431130381142
2030,sc01,03-12 06:00:00+01:00,107.53316880579811
2030,sc01,03-12 07:00:00+01:00,166.86064357765736
2030,sc01,03-12 08:00:00+01:00,39.21364006008302
2030,sc01,03-12 09:00:00+01:00,29.535425160648103
2030,sc01,03-12 10:00:00+01:00,26.5507260463592
2030,sc01,03-12 11:00:00+01:00,25.783194493612214
2030,sc01,03-12 12:00:00+01:00,24.603621675086547
2030,sc01,03-12 13:00:00+01:00,22.711485363810286
2030,sc01,03-12 14:00:00+01:00,21.486033470114076
2030,sc01,03-12 15:00:00+01:00,23.508597605989987
2030,sc01,03-12 16:00:00+01:00,25.22746494679842
2030,sc01,03-12 17:00:00+01:00,36.372081908960034
2030,sc01,03-12 18:00:00+01:00,73.27205901775673
2030,sc01,03-12 19:00:00+01:00,272.0321076504926
2030,sc01,03-12 20:00:00+01:00,277.3537625287216
2030,sc01,03-12 21:00:00+01:00,174.94020823734033
2030,sc01,03-12 22:00:00+01:00,107.3834439406516
2030,sc01,03-12 23:00:00+01:00,55.890649419209616
2030,sc01,03-13 00:00:00+01:00,23.7496371613153
2030,sc01,03-13 01:00:00+01:00,3.2416035152725784
2030,sc01,03-13 02:00:00+01:00,0.0
2030,sc01,03-13 03:00:00+01:00,0.0
2030,sc01,03-13 04:00:00+01:00,0.0
2030,sc01,03-13 05:00:00+01:00,8.526405365915213
2030,sc01,03-13 06:00:00+01:00,79.08649645181231
2030,sc01,03-13 07:00:00+01:00,146.56796021157567
2030,sc01,03-13 08:00:00+01:00,32.41687293118614
2030,sc01,03-13 09:00:00+01:00,29.678566975126067
2030,sc01,03-13 10:00:00+01:00,27.304969369949024
2030,sc01,03-13 11:00:00+01:00,26.44523859931581
2030,sc01,03-13 12:00:00+01:00,32.88042025065517
2030,sc01,03-13 13:00:00+01:00,25.021584706498963
2030,sc01,03-13 14:00:00+01:00,21.674800676752763
2030,sc01,03-13 15:00:00+01:00,16.559853733034753
2030,sc01,03-13 16:00:00+01:00,15.79704414505877
2030,sc01,03-13 17:00:00+01:00,24.969018848848478
2030,sc01,03-13 18:00:00+01:00,51.20856486459245
2030,sc01,03-13 19:00:00+01:00,259.85963632825775
2030,sc01,03-13 20:00:00+01:00,259.0065976657322
2030,sc01,03-13 21:00:00+01:00,181.16131333356023
2030,sc01,03-13 22:00:00+01:00,117.61639033310759
2030,sc01,03-13 23:00:00+01:00,63.75373078651737
2030,sc01,03-14 00:00:00+01:00,33.006608268730375
2030,sc01,03-14 01:00:00+01:00,13.029198669087787
2030,sc01,03-14 02:00:00+01:00,6.809136665638265
2030,sc01,03-14 03:00:00+01:00,0.5586912916771889
2030,sc01,03-14 04:00:00+01:00,0.0
2030,sc01,03-14 05:00:00+01:00,20.95369576980593
2030,sc01,03-14 06:00:00+01:00,93.9686550454058
2030,sc01,03-14 07:00:00+01:00,163.5090432420006
2030,sc01,03-14 08:00:00+01:00,43.95659925858396
2030,sc01,03-14 09:00:00+01:00,33.15938030140676
2030,sc01,03-14 10:00:00+01:00,30.01568391011505
2030,sc01,03-14 11:00:00+01:00,28.65033468005792
2030,sc01,03-14 12:00:00+01:00,27.052447014441274
2030,sc01,03-14 13:00:00+01:00,22.851935029895195
2030,sc01,03-14 14:00:00+01:00,17.814698765664627
2030,sc01,03-14 15:00:00+01:00,15.228598537735893
2030,sc01,03-14 16:00:00+01:00,16.227578952417442
2030,sc01,03-14 17:00:00+01:00,21.017871230591496
2030,sc01,03-14 18:00:00+01:00,43.159674692024055
2030,sc01,03-14 19:00:00+01:00,210.4243858759797
2030,sc01,03-14 20:00:00+01:00,236.8693443495847
2030,sc01,03-14 21:00:00+01:00,181.11099744210145
2030,sc01,03-14 22:00:00+01:00,120.42836760702036
2030,sc01,03-14 23:00:00+01:00,68.22360169492049
2030,sc01,03-15 00:00:00+01:00,32.38458154309239
2030,sc01,03-15 01:00:00+01:00,3.8605901410276586
2030,sc01,03-15 02:00:00+01:00,0.0
2030,sc01,03-15 03:00:00+01:00,0.0
2030,sc01,03-15 04:00:00+01:00,0.0
2030,sc01,03-15 05:00:00+01:00,14.856675578529996
2030,sc01,03-15 06:00:00+01:00,72.29778841143043
2030,sc01,03-15 07:00:00+01:00,135.37812357890576
2030,sc01,03-15 08:00:00+01:00,35.50314025706015
2030,sc01,03-15 09:00:00+01:00,25.838282019744828
2030,sc01,03-15 10:00:00+01:00,22.99041146392233
2030,sc01,03-15 11:00:00+01:00,21.395487007686498
2030,sc01,03-15 12:00:00+01:00,17.21533826186057
2030,sc01,03-15 13:00:00+01:00,11.577720499721384
2030,sc01,03-15 14:00:00+01:00,24.278752904899772
2030,sc01,03-15 15:00:00+01:00,21.004127074415024
2030,sc01,03-15 16:00:00+01:00,20.345056678690657
2030,sc01,03-15 17:00:00+01:00,34.65332627433458
2030,sc01,03-15 18:00:00+01:00,140.12540873718305
2030,sc01,03-15 19:00:00+01:00,353.5111165103531
2030,sc01,03-15 20:00:00+01:00,178.86083471546752
2030,sc01,03-15 21:00:00+01:00,117.39895931221686
2030,sc01,03-15 22:00:00+01:00,74.88300948585297
2030,sc01,03-15 23:00:00+01:00,37.147932959356474
2030,sc01,03-16 00:00:00+01:00,5.202656580951922
2030,sc01,03-16 01:00:00+01:00,0.0
2030,sc01,03-16 02:00:00+01:00,0.0
2030,sc01,03-16 03:00:00+01:00,0.0
2030,sc01,03-16 04:00:00+01:00,0.0
2030,sc01,03-16 05:00:00+01:00,0.0
2030,sc01,03-16 06:00:00+01:00,0.0
2030,sc01,03-16 07:00:00+01:00,0.0
2030,sc01,03-16 08:00:00+01:00,0.0
2030,sc01,03-16 09:00:00+01:00,0.0
2030,sc01,03-16 10:00:00+01:00,0.0
2030,sc01,03-16 11:00:00+01:00,0.0
2030,sc01,03-16 12:00:00+01:00,0.0
2030,sc01,03-16 13:00:00+01:00,0.0
2030,sc01,03-16 14:00:00+01:00,0.0
2030,sc01,03-16 15:00:00+01:00,0.0
2030,sc01,03-16 16:00:00+01:00,0.0
2030,sc01,03-16 17:00:00+01:00,0.0
2030,sc01,03-16 18:00:00+01:00,17.45132063932821
2030,sc01,03-16 19:00:00+01:00,50.20356757279597
2030,sc01,03-16 20:00:00+01:00,79.40899342912105
2030,sc01,03-16 21:00:00+01:00,37.16458386111173
2030,sc01,03-16 22:00:00+01:00,13.044777515988095
2030,sc01,03-16 23:00:00+01:00,0.0
2030,sc01,03-17 00:00:00+01:00,0.0
2030,sc01,03-17 01:00:00+01:00,0.0
2030,sc01,03-17 02:00:00+01:00,0.0
2030,sc01,03-17 03:00:00+01:00,0.0
2030,sc01,03-17 04:00:00+01:00,0.0
2030,sc01,03-17 05:00:00+01:00,0.0
2030,sc01,03-17 06:00:00+01:00,0.0
2030,sc01,03-17 07:00:00+01:00,0.0
2030,sc01,03-17 08:00:00+01:00,0.0
2030,sc01,03-17 09:00:00+01:00,0.0
2030,sc01,03-17 10:00:00+01:00,0.0
2030,sc01,03-17 11:00:00+01:00,0.0
2030,sc01,03-17 12:00:00+01:00,0.0
2030,sc01,03-17 13:00:00+01:00,0.0
2030,sc01,03-17 14:00:00+01:00,0.0
2030,sc01,03-17 15:00:00+01:00,0.0
2030,sc01,03-17 16:00:00+01:00,0.0
2030,sc01,03-17 17:00:00+01:00,0.0
2030,sc01,03-17 18:00:00+01:00,0.0
2030,sc01,03-17 19:00:00+01:00,2.830806086829693
2030,sc01,03-17 20:00:00+01:00,38.84194361128747
2030,sc01,03-17 21:00:00+01:00,31.094626268477096
2030,sc01,03-17 22:00:00+01:00,18.30464393112083
2030,sc01,03-17 23:00:00+01:00,5.942203718362253
2030,sc01,03-18 00:00:00+01:00,0.0
2030,sc01,03-18 01:00:00+01:00,0.0
2030,sc01,03-18 02:00:00+01:00,0.0
2030,sc01,03-18 03:00:00+01:00,0.0
2030,sc01,03-18 04:00:00+01:00,0.0
2030,sc01,03-18 05:00:00+01:00,0.0
2030,sc01,03-18 06:00:00+01:00,12.361554491140762
2030,sc01,03-18 07:00:00+01:00,78.34475294346869
2030,sc01,03-18 08:00:00+01:00,26.715276833441965
2030,sc01,03-18 09:00:00+01:00,26.173108444973256
2030,sc01,03-18 10:00:00+01:00,24.684923546918082
2030,sc01,03-18 11:00:00+01:00,23.424701049725066
2030,sc01,03-18 12:00:00+01:00,24.005016931633524
2030,sc01,03-18 13:00:00+01:00,22.11415768128297
2030,sc01,03-18 14:00:00+01:00,18.993343021594903
2030,sc01,03-18 15:00:00+01:00,15.430082763529498
2030,sc01,03-18 16:00:00+01:00,14.04385295972792
2030,sc01,03-18 17:00:00+01:00,18.186335087173457
2030,sc01,03-18 18:00:00+01:00,91.62153067891178
2030,sc01,03-18 19:00:00+01:00,376.3375128343523
2030,sc01,03-18 20:00:00+01:00,402.9973663873239
2030,sc01,03-18 21:00:00+01:00,327.1991656697543
2030,sc01,03-18 22:00:00+01:00,255.84353073555954
2030,sc01,03-18 23:00:00+01:00,61.595595715549926
2030,sc01,03-19 00:00:00+01:00,32.92665995453601
2030,sc01,03-19 01:00:00+01:00,26.190027704209268
2030,sc01,03-19 02:00:00+01:00,14.798627241389655
2030,sc01,03-19 03:00:00+01:00,10.864877683626297
2030,sc01,03-19 04:00:00+01:00,13.126446126718168
2030,sc01,03-19 05:00:00+01:00,40.52649781655313
2030,sc01,03-19 06:00:00+01:00,115.0866222936496
2030,sc01,03-19 07:00:00+01:00,263.3638927750181
2030,sc01,03-19 08:00:00+01:00,147.25702326134888
2030,sc01,03-19 09:00:00+01:00,46.29852018174419
2030,sc01,03-19 10:00:00+01:00,35.29122261593706
2030,sc01,03-19 11:00:00+01:00,33.43697175091636
2030,sc01,03-19 12:00:00+01:00,32.20789815707506
2030,sc01,03-19 13:00:00+01:00,29.411618562960935
2030,sc01,03-19 14:00:00+01:00,24.933928057953768
2030,sc01,03-19 15:00:00+01:00,21.9381152128726
2030,sc01,03-19 16:00:00+01:00,22.127425841810503
2030,sc01,03-19 17:00:00+01:00,24.417703803932863
2030,sc01,03-19 18:00:00+01:00,209.04187271041886
2030,sc01,03-19 19:00:00+01:00,455.07997097798835
2030,sc01,03-19 20:00:00+01:00,446.9309642146975
2030,sc01,03-19 21:00:00+01:00,310.2898089265671
2030,sc01,03-19 22:00:00+01:00,190.74100116890418
2030,sc01,03-19 23:00:00+01:00,61.416346453284824
2030,sc01,03-20 00:00:00+01:00,20.955466725964936
2030,sc01,03-20 01:00:00+01:00,0.0
2030,sc01,03-20 02:00:00+01:00,0.0
2030,sc01,03-20 03:00:00+01:00,0.0
2030,sc01,03-20 04:00:00+01:00,0.0
2030,sc01,03-20 05:00:00+01:00,0.0
2030,sc01,03-20 06:00:00+01:00,58.06841711513168
2030,sc01,03-20 07:00:00+01:00,118.20599743498289
2030,sc01,03-20 08:00:00+01:00,35.746347463980804
2030,sc01,03-20 09:00:00+01:00,28.42276071034283
2030,sc01,03-20 10:00:00+01:00,21.90127069268825
2030,sc01,03-20 11:00:00+01:00,20.242660939063647
2030,sc01,03-20 12:00:00+01:00,20.026169800672267
2030,sc01,03-20 13:00:00+01:00,18.224939426031618
2030,sc01,03-20 14:00:00+01:00,15.601380154502015
2030,sc01,03-20 15:00:00+01:00,13.974008234176768
2030,sc01,03-20 16:00:00+01:00,12.807693002224227
2030,sc01,03-20 17:00:00+01:00,16.78204057647813
2030,sc01,03-20 18:00:00+01:00,29.486385003162496
2030,sc01,03-20 19:00:00+01:00,194.30982964279278
2030,sc01,03-20 20:00:00+01:00,246.1995597654674
2030,sc01,03-20 21:00:00+01:00,204.8689973152934
2030,sc01,03-20 22:00:00+01:00,140.9526736061156
2030,sc01,03-20 23:00:00+01:00,83.97939111140543
2030,sc01,03-21 00:00:00+01:00,40.98394821952883
2030,sc01,03-21 01:00:00+01:00,10.13373510020801
2030,sc01,03-21 02:00:00+01:00,0.0
2030,sc01,03-21 03:00:00+01:00,0.0
2030,sc01,03-21 04:00:00+01:00,0.0
2030,sc01,03-21 05:00:00+01:00,14.32662758243989
2030,sc01,03-21 06:00:00+01:00,92.71413901944199
2030,sc01,03-21 07:00:00+01:00,167.2674616495808
2030,sc01,03-21 08:00:00+01:00,41.22810521886688
2030,sc01,03-21 09:00:00+01:00,35.57051360942547
2030,sc01,03-21 10:00:00+01:00,32.4623517843946
2030,sc01,03-21 11:00:00+01:00,20.883193028052094
2030,sc01,03-21 12:00:00+01:00,19.61944250092604
2030,sc01,03-21 13:00:00+01:00,17.291613422262838
2030,sc01,03-21 14:00:00+01:00,14.382551449265847
2030,sc01,03-21 15:00:00+01:00,12.929738819424676
2030,sc01,03-21 16:00:00+01:00,21.300178267080963
2030,sc01,03-21 17:00:00+01:00,25.3530338589706
2030,sc01,03-21 18:00:00+01:00,182.93412027712685
2030,sc01,03-21 19:00:00+01:00,462.78544807721966
2030,sc01,03-21 20:00:00+01:00,508.7773495998815
2030,sc01,03-21 21:00:00+01:00,439.253211780087
2030,sc01,03-21 22:00:00+01:00,357.8552058226215
2030,sc01,03-21 23:00:00+01:00,89.81234487810444
2030,sc01,03-22 00:00:00+01:00,41.89753725166138
2030,sc01,03-22 01:00:00+01:00,17.18965719683537
2030,sc01,03-22 02:00:00+01:00,6.640134236537015
2030,sc01,03-22 03:00:00+01:00,8.334157235038079
2030,sc01,03-22 04:00:00+01:00,8.099237410554887
2030,sc01,03-22 05:00:00+01:00,35.68523476812123
2030,sc01,03-22 06:00:00+01:00,94.75552227977079
2030,sc01,03-22 07:00:00+01:00,146.22731474158493
2030,sc01,03-22 08:00:00+01:00,27.16295293756791
2030,sc01,03-22 09:00:00+01:00,25.129761199742283
2030,sc01,03-22 10:00:00+01:00,21.411800057834522
2030,sc01,03-22 11:00:00+01:00,20.021600001085808
2030,sc01,03-22 12:00:00+01:00,19.619130211035202
2030,sc01,03-22 13:00:00+01:00,19.7401340934786
2030,sc01,03-22 14:00:00+01:00,17.228991432239866
2030,sc01,03-22 15:00:00+01:00,15.229736814101635
2030,sc01,03-22 16:00:00+01:00,15.159984153189816
2030,sc01,03-22 17:00:00+01:00,22.885363331621143
2030,sc01,03-22 18:00:00+01:00,57.692932559924316
2030,sc01,03-22 19:00:00+01:00,213.3028229358989
2030,sc01,03-22 20:00:00+01:00,208.9874253918844
2030,sc01,03-22 21:00:00+01:00,117.25472699502251
2030,sc01,03-22 22:00:00+01:00,61.68635260960968
2030,sc01,03-22 23:00:00+01:00,23.134392902183674
2030,sc01,03-23 00:00:00+01:00,4.894433016781745
2030,sc01,03-23 01:00:00+01:00,0.0
2030,sc01,03-23 02:00:00+01:00,0.0
2030,sc01,03-23 03:00:00+01:00,0.0
2030,sc01,03-23 04:00:00+01:00,0.0
2030,sc01,03-23 05:00:00+01:00,0.0
2030,sc01,03-23 06:00:00+01:00,0.0
2030,sc01,03-23 07:00:00+01:00,0.0
2030,sc01,03-23 08:00:00+01:00,0.0
2030,sc01,03-23 09:00:00+01:00,0.0
2030,sc01,03-23 10:00:00+01:00,0.0
2030,sc01,03-23 11:00:00+01:00,0.0
2030,sc01,03-23 12:00:00+01:00,0.0
2030,sc01,03-23 13:00:00+01:00,0.0
2030,sc01,03-23 14:00:00+01:00,0.0
2030,sc01,03-23 15:00:00+01:00,0.0
2030,sc01,03-23 16:00:00+01:00,0.0
2030,sc01,03-23 17:00:00+01:00,0.0
2030,sc01,03-23 18:00:00+01:00,5.145383795711686
2030,sc01,03-23 19:00:00+01:00,44.69552538765044
2030,sc01,03-23 20:00:00+01:00,78.635514556582
2030,sc01,03-23 21:00:00+01:00,59.65394499986832
2030,sc01,03-23 22:00:00+01:00,47.33689677214582
2030,sc01,03-23 23:00:00+01:00,17.447643623095644
2030,sc01,03-24 00:00:00+01:00,0.0
2030,sc01,03-24 01:00:00+01:00,0.0
2030,sc01,03-24 02:00:00+01:00,0.0
2030,sc01,03-24 03:00:00+01:00,0.0
2030,sc01,03-24 04:00:00+01:00,0.0
2030,sc01,03-24 05:00:00+01:00,0.0
2030,sc01,03-24 06:00:00+01:00,0.0
2030,sc01,03-24 07:00:00+01:00,0.0
2030,sc01,03-24 08:00:00+01:00,0.0
2030,sc01,03-24 09:00:00+01:00,0.0
2030,sc01,03-24 10:00:00+01:00,0.0
2030,sc01,03-24 11:00:00+01:00,0.0
2030,sc01,03-24 12:00:00+01:00,0.0
2030,sc01,03-24 13:00:00+01:00,0.0
2030,sc01,03-24 14:00:00+01:00,0.0
2030,sc01,03-24 15:00:00+01:00,0.0
2030,sc01,03-24 16:00:00+01:00,0.0
2030,sc01,03-24 17:00:00+01:00,0.0
2030,sc01,03-24 18:00:00+01:00,1.848969782196646
2030,sc01,03-24 19:00:00+01:00,165.50044970326294
2030,sc01,03-24 20:00:00+01:00,196.5214748594867
2030,sc01,03-24 21:00:00+01:00,145.7659950086214
2030,sc01,03-24 22:00:00+01:00,85.52411365159323
2030,sc01,03-24 23:00:00+01:00,36.03013939409237
2030,sc01,03-25 00:00:00+01:00,0.0
2030,sc01,03-25 01:00:00+01:00,0.0
2030,sc01,03-25 02:00:00+01:00,0.0
2030,sc01,03-25 03:00:00+01:00,0.0
2030,sc01,03-25 04:00:00+01:00,0.0
2030,sc01,03-25 05:00:00+01:00,0.0
2030,sc01,03-25 06:00:00+01:00,22.243900269566268
2030,sc01,03-25 07:00:00+01:00,63.87361202861289
2030,sc01,03-25 08:00:00+01:00,35.79220011037104
2030,sc01,03-25 09:00:00+01:00,28.102818541078147
2030,sc01,03-25 10:00:00+01:00,13.435799368935267
2030,sc01,03-25 11:00:00+01:00,15.871368287840605
2030,sc01,03-25 12:00:00+01:00,8.254399027642055
2030,sc01,03-25 13:00:00+01:00,3.815698108570144
2030,sc01,03-25 14:00:00+01:00,0.20639230141606912
2030,sc01,03-25 15:00:00+01:00,0.0
2030,sc01,03-25 16:00:00+01:00,0.0
2030,sc01,03-25 17:00:00+01:00,0.36774267691687695
2030,sc01,03-25 18:00:00+01:00,15.181661056101039
2030,sc01,03-25 19:00:00+01:00,149.87401852073467
2030,sc01,03-25 20:00:00+01:00,179.46053577863304
2030,sc01,03-25 21:00:00+01:00,117.95092307578021
2030,sc01,03-25 22:00:00+01:00,65.30676814689346
2030,sc01,03-25 23:00:00+01:00,17.39265250686021
2030,sc01,03-26 00:00:00+01:00,0.0
2030,sc01,03-26 01:00:00+01:00,0.0
2030,sc01,03-26 02:00:00+01:00,0.0
2030,sc01,03-26 03:00:00+01:00,0.0
2030,sc01,03-26 04:00:00+01:00,0.0
2030,sc01,03-26 05:00:00+01:00,0.0
2030,sc01,03-26 06:00:00+01:00,51.26278500699392
2030,sc01,03-26 07:00:00+01:00,93.58163153670942
2030,sc01,03-26 08:00:00+01:00,20.781167216260215
2030,sc01,03-26 09:00:00+01:00,17.556023862275968
2030,sc01,03-26 10:00:00+01:00,14.649484469007445
2030,sc01,03-26 11:00:00+01:00,10.873434686135857
2030,sc01,03-26 12:00:00+01:00,10.290321277587054
2030,sc01,03-26 13:00:00+01:00,7.1592150073606975
2030,sc01,03-26 14:00:00+01:00,4.732528564047816
2030,sc01,03-26 15:00:00+01:00,6.223230028426414
2030,sc01,03-26 16:00:00+01:00,7.743366528783736
2030,sc01,03-26 17:00:00+01:00,10.859990462554233
2030,sc01,03-26 18:00:00+01:00,52.14300666024441
2030,sc01,03-26 19:00:00+01:00,280.9011673682337
2030,sc01,03-26 20:00:00+01:00,289.51414460033516
2030,sc01,03-26 21:00:00+01:00,224.29945997377078
2030,sc01,03-26 22:00:00+01:00,135.8274595089795
2030,sc01,03-26 23:00:00+01:00,82.99934461142921
2030,sc01,03-27 00:00:00+01:00,38.841746915584245
2030,sc01,03-27 01:00:00+01:00,9.771133439665478
2030,sc01,03-27 02:00:00+01:00,3.756169924515065
2030,sc01,03-27 03:00:00+01:00,0.0
2030,sc01,03-27 04:00:00+01:00,0.0
2030,sc01,03-27 05:00:00+01:00,19.625296460675255
2030,sc01,03-27 06:00:00+01:00,150.97065490248545
2030,sc01,03-27 07:00:00+01:00,272.55551826420356
2030,sc01,03-27 08:00:00+01:00,96.61688072365489
2030,sc01,03-27 09:00:00+01:00,31.682117293564467
2030,sc01,03-27 10:00:00+01:00,13.324515445913336
2030,sc01,03-27 11:00:00+01:00,14.02179722623113
2030,sc01,03-27 12:00:00+01:00,13.126499314044594
2030,sc01,03-27 13:00:00+01:00,39.7203543469018
2030,sc01,03-27 14:00:00+01:00,27.32149692667436
2030,sc01,03-27 15:00:00+01:00,28.782094496795033
2030,sc01,03-27 16:00:00+01:00,39.74333159317469
2030,sc01,03-27 17:00:00+01:00,99.34613579643029
2030,sc01,03-27 18:00:00+01:00,227.35065706873712
2030,sc01,03-27 19:00:00+01:00,505.37399407103203
2030,sc01,03-27 20:00:00+01:00,526.6913666449188
2030,sc01,03-27 21:00:00+01:00,417.4257049299597
2030,sc01,03-27 22:00:00+01:00,274.32234580670894
2030,sc01,03-27 23:00:00+01:00,164.322650817845
2030,sc01,03-28 00:00:00+01:00,4.095047535694998
2030,sc01,03-28 01:00:00+01:00,0.0
2030,sc01,03-28 02:00:00+01:00,0.0
2030,sc01,03-28 03:00:00+01:00,0.0
2030,sc01,03-28 04:00:00+01:00,0.0
2030,sc01,03-28 05:00:00+01:00,0.0
2030,sc01,03-28 06:00:00+01:00,94.49355170972663
2030,sc01,03-28 07:00:00+01:00,225.20660562469047
2030,sc01,03-28 08:00:00+01:00,54.66552525746089
2030,sc01,03-28 09:00:00+01:00,50.684855292901425
2030,sc01,03-28 10:00:00+01:00,41.062682717778664
2030,sc01,03-28 11:00:00+01:00,21.16585543083514
2030,sc01,03-28 12:00:00+01:00,12.700417860184439
2030,sc01,03-28 13:00:00+01:00,10.314448186331678
2030,sc01,03-28 14:00:00+01:00,6.244895080892406
2030,sc01,03-28 15:00:00+01:00,3.376901241775563
2030,sc01,03-28 16:00:00+01:00,3.753710048810536
2030,sc01,03-28 17:00:00+01:00,6.925454260481912
2030,sc01,03-28 18:00:00+01:00,24.20699141671308
2030,sc01,03-28 19:00:00+01:00,215.56005176162142
2030,sc01,03-28 20:00:00+01:00,263.37443001332616
2030,sc01,03-28 21:00:00+01:00,168.45392795262654
2030,sc01,03-28 22:00:00+01:00,82.62731781489865
2030,sc01,03-28 23:00:00+01:00,30.72013426806349
2030,sc01,03-29 00:00:00+01:00,0.0
2030,sc01,03-29 01:00:00+01:00,0.0
2030,sc01,03-29 02:00:00+01:00,0.0
2030,sc01,03-29 03:00:00+01:00,0.0
2030,sc01,03-29 04:00:00+01:00,0.0
2030,sc01,03-29 05:00:00+01:00,0.0
2030,sc01,03-29 06:00:00+01:00,31.21274599688645
2030,sc01,03-29 07:00:00+01:00,51.280365859904194
2030,sc01,03-29 08:00:00+01:00,9.184139591816255
2030,sc01,03-29 09:00:00+01:00,7.4846275623802265
2030,sc01,03-29 10:00:00+01:00,4.048191506601226
2030,sc01,03-29 11:00:00+01:00,2.8241557601674967
2030,sc01,03-29 12:00:00+01:00,2.8601536767927622
2030,sc01,03-29 13:00:00+01:00,0.9025090487590876
2030,sc01,03-29 14:00:00+01:00,0.0
2030,sc01,03-29 15:00:00+01:00,0.0
2030,sc01,03-29 16:00:00+01:00,0.0
2030,sc01,03-29 17:00:00+01:00,0.0
2030,sc01,03-29 18:00:00+01:00,6.216857891655177
2030,sc01,03-29 19:00:00+01:00,105.01143918313431
2030,sc01,03-29 20:00:00+01:00,148.12982351029723
2030,sc01,03-29 21:00:00+01:00,105.8244004694097
2030,sc01,03-29 22:00:00+01:00,64.07483950449321
2030,sc01,03-29 23:00:00+01:00,31.89422785146248
2030,sc01,03-30 00:00:00+01:00,5.489400890801234
2030,sc01,03-30 01:00:00+01:00,0.0
2030,sc01,03-30 02:00:00+01:00,0.0
2030,sc01,03-30 03:00:00+01:00,0.0
2030,sc01,03-30 04:00:00+01:00,0.0
2030,sc01,03-30 05:00:00+01:00,0.0
2030,sc01,03-30 06:00:00+01:00,0.0
2030,sc01,03-30 07:00:00+01:00,0.0
2030,sc01,03-30 08:00:00+01:00,0.0
2030,sc01,03-30 09:00:00+01:00,0.0
2030,sc01,03-30 10:00:00+01:00,0.0
2030,sc01,03-30 11:00:00+01:00,0.0
2030,sc01,03-30 12:00:00+01:00,0.0
2030,sc01,03-30 13:00:00+01:00,0.0
2030,sc01,03-30 14:00:00+01:00,0.0
2030,sc01,03-30 15:00:00+01:00,0.0
2030,sc01,03-30 16:00:00+01:00,0.0
2030,sc01,03-30 17:00:00+01:00,0.0
2030,sc01,03-30 18:00:00+01:00,0.0
2030,sc01,03-30 19:00:00+01:00,10.53844511624417
2030,sc01,03-30 20:00:00+01:00,54.71585562656324
2030,sc01,03-30 21:00:00+01:00,44.66679441901267
2030,sc01,03-30 22:00:00+01:00,25.592996032610188
2030,sc01,03-30 23:00:00+01:00,2.6282651096775598
2030,sc01,03-31 00:00:00+01:00,0.0
2030,sc01,03-31 01:00:00+01:00,0.0
2030,sc01,03-31 02:00:00+01:00,0.0
2030,sc01,03-31 03:00:00+02:00,0.0
2030,sc01,03-31 04:00:00+02:00,0.0
2030,sc01,03-31 05:00:00+02:00,0.0
2030,sc01,03-31 06:00:00+02:00,0.0
2030,sc01,03-31 07:00:00+02:00,0.0
2030,sc01,03-31 08:00:00+02:00,0.0
2030,sc01,03-31 09:00:00+02:00,0.0
2030,sc01,03-31 10:00:00+02:00,0.0
2030,sc01,03-31 11:00:00+02:00,0.0
2030,sc01,03-31 12:00:00+02:00,0.0
2030,sc01,03-31 13:00:00+02:00,0.0
2030,sc01,03-31 14:00:00+02:00,0.0
2030,sc01,03-31 15:00:00+02:00,0.0
2030,sc01,03-31 16:00:00+02:00,0.0
2030,sc01,03-31 17:00:00+02:00,0.0
2030,sc01,03-31 18:00:00+02:00,0.0
2030,sc01,03-31 19:00:00+02:00,52.98797869071713
2030,sc01,03-31 20:00:00+02:00,86.33872604756534
2030,sc01,03-31 21:00:00+02:00,78.092559244279
2030,sc01,03-31 22:00:00+02:00,46.001623402267576
2030,sc01,03-31 23:00:00+02:00,0.0
2030,sc01,04-01 00:00:00+02:00,0.0
2030,sc01,04-01 01:00:00+02:00,0.0
2030,sc01,04-01 02:00:00+02:00,0.0
2030,sc01,04-01 03:00:00+02:00,0.0
2030,sc01,04-01 04:00:00+02:00,0.0
2030,sc01,04-01 05:00:00+02:00,71.0915594035621
2030,sc01,04-01 06:00:00+02:00,269.6163204973644
2030,sc01,04-01 07:00:00+02:00,392.15524172978104
2030,sc01,04-01 08:00:00+02:00,275.4470443252988
2030,sc01,04-01 09:00:00+02:00,40.94925276939027
2030,sc01,04-01 10:00:00+02:00,14.331181468254998
2030,sc01,04-01 11:00:00+02:00,17.14757884010193
2030,sc01,04-01 12:00:00+02:00,7.7189818401175865
2030,sc01,04-01 13:00:00+02:00,3.6539375551725413
2030,sc01,04-01 14:00:00+02:00,2.60356021558355
2030,sc01,04-01 15:00:00+02:00,8.33804426635729
2030,sc01,04-01 16:00:00+02:00,8.93122930424465
2030,sc01,04-01 17:00:00+02:00,14.783202754343835
2030,sc01,04-01 18:00:00+02:00,169.40918014310924
2030,sc01,04-01 19:00:00+02:00,296.2638145354095
2030,sc01,04-01 20:00:00+02:00,263.4086758616537
2030,sc01,04-01 21:00:00+02:00,137.96756467308515
2030,sc01,04-01 22:00:00+02:00,74.88064793461395
2030,sc01,04-01 23:00:00+02:00,20.775583650630413
2030,sc01,04-02 00:00:00+02:00,0.0
2030,sc01,04-02 01:00:00+02:00,0.0
2030,sc01,04-02 02:00:00+02:00,0.0
2030,sc01,04-02 03:00:00+02:00,0.0
2030,sc01,04-02 04:00:00+02:00,0.0
2030,sc01,04-02 05:00:00+02:00,34.77429933591626
2030,sc01,04-02 06:00:00+02:00,165.51290585448422
2030,sc01,04-02 07:00:00+02:00,259.16986709153224
2030,sc01,04-02 08:00:00+02:00,135.61599555186635
2030,sc01,04-02 09:00:00+02:00,24.1037511571086
2030,sc01,04-02 10:00:00+02:00,12.997689318655972
2030,sc01,04-02 11:00:00+02:00,6.4660727780317515
2030,sc01,04-02 12:00:00+02:00,0.7393539026029375
2030,sc01,04-02 13:00:00+02:00,0.0
2030,sc01,04-02 14:00:00+02:00,0.0
2030,sc01,04-02 15:00:00+02:00,0.0
2030,sc01,04-02 16:00:00+02:00,0.0
2030,sc01,04-02 17:00:00+02:00,0.007931299198280594
2030,sc01,04-02 18:00:00+02:00,14.063416849577498
2030,sc01,04-02 19:00:00+02:00,117.21522565939433
2030,sc01,04-02 20:00:00+02:00,135.46248760871427
2030,sc01,04-02 21:00:00+02:00,102.33724098116504
2030,sc01,04-02 22:00:00+02:00,56.07041828030747
2030,sc01,04-02 23:00:00+02:00,10.0813398530801
2030,sc01,04-03 00:00:00+02:00,0.0
2030,sc01,04-03 01:00:00+02:00,0.0
2030,sc01,04-03 02:00:00+02:00,0.0
2030,sc01,04-03 03:00:00+02:00,0.0
2030,sc01,04-03 04:00:00+02:00,1.8373176791768187
2030,sc01,04-03 05:00:00+02:00,76.1709124608959
2030,sc01,04-03 06:00:00+02:00,249.76278057491945
2030,sc01,04-03 07:00:00+02:00,315.5790046483487
2030,sc01,04-03 08:00:00+02:00,118.78364681112329
2030,sc01,04-03 09:00:00+02:00,12.196942113098597
2030,sc01,04-03 10:00:00+02:00,7.309073993853572
2030,sc01,04-03 11:00:00+02:00,6.893267919604956
2030,sc01,04-03 12:00:00+02:00,3.7358534460693025
2030,sc01,04-03 13:00:00+02:00,2.070652561119804
2030,sc01,04-03 14:00:00+02:00,0.8540189981821779
2030,sc01,04-03 15:00:00+02:00,0.0
2030,sc01,04-03 16:00:00+02:00,0.0
2030,sc01,04-03 17:00:00+02:00,0.0
2030,sc01,04-03 18:00:00+02:00,31.139349443778027
2030,sc01,04-03 19:00:00+02:00,231.22822782354942
2030,sc01,04-03 20:00:00+02:00,227.6903427000071
2030,sc01,04-03 21:00:00+02:00,118.14671816805625
2030,sc01,04-03 22:00:00+02:00,65.31836372943825
2030,sc01,04-03 23:00:00+02:00,19.530723025525766
2030,sc01,04-04 00:00:00+02:00,0.0
2030,sc01,04-04 01:00:00+02:00,0.0
2030,sc01,04-04 02:00:00+02:00,0.0
2030,sc01,04-04 03:00:00+02:00,0.0
2030,sc01,04-04 04:00:00+02:00,14.548311603853465
2030,sc01,04-04 05:00:00+02:00,85.15496742196645
2030,sc01,04-04 06:00:00+02:00,228.57695850646104
2030,sc01,04-04 07:00:00+02:00,257.36862582615305
2030,sc01,04-04 08:00:00+02:00,15.990048301875447
2030,sc01,04-04 09:00:00+02:00,10.673568697805914
2030,sc01,04-04 10:00:00+02:00,9.248797897367972
2030,sc01,04-04 11:00:00+02:00,7.263809495594116
2030,sc01,04-04 12:00:00+02:00,3.4973991791557246
2030,sc01,04-04 13:00:00+02:00,2.3033211933436153
2030,sc01,04-04 14:00:00+02:00,0.0
2030,sc01,04-04 15:00:00+02:00,0.0
2030,sc01,04-04 16:00:00+02:00,0.0
2030,sc01,04-04 17:00:00+02:00,0.0
2030,sc01,04-04 18:00:00+02:00,19.798356627586088
2030,sc01,04-04 19:00:00+02:00,151.50388187700813
2030,sc01,04-04 20:00:00+02:00,155.07952273616235
2030,sc01,04-04 21:00:00+02:00,108.0317056058956
2030,sc01,04-04 22:00:00+02:00,54.60274294766133
2030,sc01,04-04 23:00:00+02:00,8.628730924221147
2030,sc01,04-05 00:00:00+02:00,0.0
2030,sc01,04-05 01:00:00+02:00,0.0
2030,sc01,04-05 02:00:00+02:00,0.0
2030,sc01,04-05 03:00:00+02:00,0.0
2030,sc01,04-05 04:00:00+02:00,7.45963749498545
2030,sc01,04-05 05:00:00+02:00,74.85873604395529
2030,sc01,04-05 06:00:00+02:00,230.44274343729214
2030,sc01,04-05 07:00:00+02:00,343.8940075886323
2030,sc01,04-05 08:00:00+02:00,241.35781908319984
2030,sc01,04-05 09:00:00+02:00,18.902086287985238
2030,sc01,04-05 10:00:00+02:00,11.602092701038972
2030,sc01,04-05 11:00:00+02:00,8.307344475701306
2030,sc01,04-05 12:00:00+02:00,7.334243904857133
2030,sc01,04-05 13:00:00+02:00,5.102331625620164
2030,sc01,04-05 14:00:00+02:00,3.3155830842748855
2030,sc01,04-05 15:00:00+02:00,0.0
2030,sc01,04-05 16:00:00+02:00,0.0
2030,sc01,04-05 17:00:00+02:00,0.0
2030,sc01,04-05 18:00:00+02:00,81.71301732130509
2030,sc01,04-05 19:00:00+02:00,218.72129566693854
2030,sc01,04-05 20:00:00+02:00,204.7397252906889
2030,sc01,04-05 21:00:00+02:00,143.3055673395071
2030,sc01,04-05 22:00:00+02:00,94.19979434545363
2030,sc01,04-05 23:00:00+02:00,50.32010890868711
2030,sc01,04-06 00:00:00+02:00,20.780691334348454
2030,sc01,04-06 01:00:00+02:00,1.377859310871172
2030,sc01,04-06 02:00:00+02:00,0.0
2030,sc01,04-06 03:00:00+02:00,0.0
2030,sc01,04-06 04:00:00+02:00,0.0
2030,sc01,04-06 05:00:00+02:00,0.0
2030,sc01,04-06 06:00:00+02:00,15.73489266400718
2030,sc01,04-06 07:00:00+02:00,42.671998601399665
2030,sc01,04-06 08:00:00+02:00,5.106889318407123
2030,sc01,04-06 09:00:00+02:00,0.0
2030,sc01,04-06 10:00:00+02:00,0.0
2030,sc01,04-06 11:00:00+02:00,0.0
2030,sc01,04-06 12:00:00+02:00,0.0
2030,sc01,04-06 13:00:00+02:00,0.0
2030,sc01,04-06 14:00:00+02:00,0.0
2030,sc01,04-06 15:00:00+02:00,0.0
2030,sc01,04-06 16:00:00+02:00,0.0
2030,sc01,04-06 17:00:00+02:00,0.0
2030,sc01,04-06 18:00:00+02:00,0.0
2030,sc01,04-06 19:00:00+02:00,89.60402064416634
2030,sc01,04-06 20:00:00+02:00,123.94221129241433
2030,sc01,04-06 21:00:00+02:00,108.87854300509319
2030,sc01,04-06 22:00:00+02:00,73.49580972118787
2030,sc01,04-06 23:00:00+02:00,32.87398894827196
2030,sc01,04-07 00:00:00+02:00,1.1897850050877292
2030,sc01,04-07 01:00:00+02:00,0.0
2030,sc01,04-07 02:00:00+02:00,0.0
2030,sc01,04-07 03:00:00+02:00,0.0
2030,sc01,04-07 04:00:00+02:00,0.0
2030,sc01,04-07 05:00:00+02:00,0.0
2030,sc01,04-07 06:00:00+02:00,0.0
2030,sc01,04-07 07:00:00+02:00,0.0
2030,sc01,04-07 08:00:00+02:00,0.0
2030,sc01,04-07 09:00:00+02:00,0.0
2030,sc01,04-07 10:00:00+02:00,0.0
2030,sc01,04-07 11:00:00+02:00,0.0
2030,sc01,04-07 12:00:00+02:00,0.0
2030,sc01,04-07 13:00:00+02:00,0.0
2030,sc01,04-07 14:00:00+02:00,0.0
2030,sc01,04-07 15:00:00+02:00,0.0
2030,sc01,04-07 16:00:00+02:00,0.0
2030,sc01,04-07 17:00:00+02:00,0.0
2030,sc01,04-07 18:00:00+02:00,95.11336656990939
2030,sc01,04-07 19:00:00+02:00,197.53179336398534
2030,sc01,04-07 20:00:00+02:00,177.3655501388903
2030,sc01,04-07 21:00:00+02:00,126.37039317871607
2030,sc01,04-07 22:00:00+02:00,72.27874934761965
2030,sc01,04-07 23:00:00+02:00,17.297769727200468
2030,sc01,04-08 00:00:00+02:00,0.0
2030,sc01,04-08 01:00:00+02:00,0.0
2030,sc01,04-08 02:00:00+02:00,0.0
2030,sc01,04-08 03:00:00+02:00,0.0
2030,sc01,04-08 04:00:00+02:00,6.275140778231546
2030,sc01,04-08 05:00:00+02:00,207.15098216433663
2030,sc01,04-08 06:00:00+02:00,402.646473650103
2030,sc01,04-08 07:00:00+02:00,493.42386676228364
2030,sc01,04-08 08:00:00+02:00,326.2098457292381
2030,sc01,04-08 09:00:00+02:00,135.59976883269738
2030,sc01,04-08 10:00:00+02:00,58.75913156577766
2030,sc01,04-08 11:00:00+02:00,30.134955227047314
2030,sc01,04-08 12:00:00+02:00,17.23609624826576
2030,sc01,04-08 13:00:00+02:00,13.029906395593546
2030,sc01,04-08 14:00:00+02:00,9.767710788535432
2030,sc01,04-08 15:00:00+02:00,5.69054562130162
2030,sc01,04-08 16:00:00+02:00,4.982188610527946
2030,sc01,04-08 17:00:00+02:00,6.495308754741758
2030,sc01,04-08 18:00:00+02:00,134.28328773260384
2030,sc01,04-08 19:00:00+02:00,338.2344780192942
2030,sc01,04-08 20:00:00+02:00,332.3870659261326
2030,sc01,04-08 21:00:00+02:00,235.77753231198867
2030,sc01,04-08 22:00:00+02:00,122.03369818293392
2030,sc01,04-08 23:00:00+02:00,69.97255941672033
2030,sc01,04-09 00:00:00+02:00,36.09320810648701
2030,sc01,04-09 01:00:00+02:00,14.837323269936471
2030,sc01,04-09 02:00:00+02:00,1.1174403444052619
2030,sc01,04-09 03:00:00+02:00,0.0
2030,sc01,04-09 04:00:00+02:00,18.640265450301193
2030,sc01,04-09 05:00:00+02:00,135.87223802573567
2030,sc01,04-09 06:00:00+02:00,430.3228194226657
2030,sc01,04-09 07:00:00+02:00,437.8855248650824
2030,sc01,04-09 08:00:00+02:00,192.68515419137935
2030,sc01,04-09 09:00:00+02:00,73.92484726831978
2030,sc01,04-09 10:00:00+02:00,8.939369348931706
2030,sc01,04-09 11:00:00+02:00,6.939215913749008
2030,sc01,04-09 12:00:00+02:00,3.0893227985413696
2030,sc01,04-09 13:00:00+02:00,0.0
2030,sc01,04-09 14:00:00+02:00,0.0
2030,sc01,04-09 15:00:00+02:00,0.0
2030,sc01,04-09 16:00:00+02:00,0.0
2030,sc01,04-09 17:00:00+02:00,20.82089450428907
2030,sc01,04-09 18:00:00+02:00,128.05850490293983
2030,sc01,04-09 19:00:00+02:00,391.2279947295213
2030,sc01,04-09 20:00:00+02:00,399.6787856529481
2030,sc01,04-09 21:00:00+02:00,302.9509209959051
2030,sc01,04-09 22:00:00+02:00,207.71531324651474
2030,sc01,04-09 23:00:00+02:00,42.32654635476098
2030,sc01,04-10 00:00:00+02:00,22.051739697418306
2030,sc01,04-10 01:00:00+02:00,6.937929160312218
2030,sc01,04-10 02:00:00+02:00,0.0
2030,sc01,04-10 03:00:00+02:00,0.0
2030,sc01,04-10 04:00:00+02:00,15.950295855982073
2030,sc01,04-10 05:00:00+02:00,184.7340508055097
2030,sc01,04-10 06:00:00+02:00,377.9566064498495
2030,sc01,04-10 07:00:00+02:00,572.2400812013869
2030,sc01,04-10 08:00:00+02:00,309.88738019508867
2030,sc01,04-10 09:00:00+02:00,185.7754465941715
2030,sc01,04-10 10:00:00+02:00,158.27541135532164
2030,sc01,04-10 11:00:00+02:00,125.58966862080825
2030,sc01,04-10 12:00:00+02:00,87.93142310982482
2030,sc01,04-10 13:00:00+02:00,58.20353015730807
2030,sc01,04-10 14:00:00+02:00,39.17097485602152
2030,sc01,04-10 15:00:00+02:00,35.87762107782841
2030,sc01,04-10 16:00:00+02:00,46.74244831222075
2030,sc01,04-10 17:00:00+02:00,76.13420384793721
2030,sc01,04-10 18:00:00+02:00,206.5638707728181
2030,sc01,04-10 19:00:00+02:00,476.4696341226378
2030,sc01,04-10 20:00:00+02:00,491.3129379133959
2030,sc01,04-10 21:00:00+02:00,379.5449352124796
2030,sc01,04-10 22:00:00+02:00,269.8253422892705
2030,sc01,04-10 23:00:00+02:00,157.1765380929403
2030,sc01,04-11 00:00:00+02:00,107.84081607319372
2030,sc01,04-11 01:00:00+02:00,93.51650281685696
2030,sc01,04-11 02:00:00+02:00,2.1977966367996205
2030,sc01,04-11 03:00:00+02:00,9.790879161397262
2030,sc01,04-11 04:00:00+02:00,223.4765374276335
2030,sc01,04-11 05:00:00+02:00,418.5286531362855
2030,sc01,04-11 06:00:00+02:00,619.0562093773385
2030,sc01,04-11 07:00:00+02:00,686.2312288997632
2030,sc01,04-11 08:00:00+02:00,395.46589295036506
2030,sc01,04-11 09:00:00+02:00,291.6402034065003
2030,sc01,04-11 10:00:00+02:00,225.58583369190538
2030,sc01,04-11 11:00:00+02:00,206.12536381657438
2030,sc01,04-11 12:00:00+02:00,163.23686029197557
2030,sc01,04-11 13:00:00+02:00,127.25735552530462
2030,sc01,04-11 14:00:00+02:00,103.72460814052559
2030,sc01,04-11 15:00:00+02:00,92.94690531474707
2030,sc01,04-11 16:00:00+02:00,111.10690576897234
2030,sc01,04-11 17:00:00+02:00,146.00017023301106
2030,sc01,04-11 18:00:00+02:00,237.1270027470329
2030,sc01,04-11 19:00:00+02:00,706.6404421239337
2030,sc01,04-11 20:00:00+02:00,691.839938289522
2030,sc01,04-11 21:00:00+02:00,582.8395533489606
2030,sc01,04-11 22:00:00+02:00,446.03118793721563
2030,sc01,04-11 23:00:00+02:00,208.364842528709
2030,sc01,04-12 00:00:00+02:00,138.3942133987906
2030,sc01,04-12 01:00:00+02:00,147.81648951202803
2030,sc01,04-12 02:00:00+02:00,0.0
2030,sc01,04-12 03:00:00+02:00,27.387514788785186
2030,sc01,04-12 04:00:00+02:00,124.59490476161035
2030,sc01,04-12 05:00:00+02:00,315.6792136996417
2030,sc01,04-12 06:00:00+02:00,746.1512380827622
2030,sc01,04-12 07:00:00+02:00,763.8718615202904
2030,sc01,04-12 08:00:00+02:00,454.8558885663499
2030,sc01,04-12 09:00:00+02:00,329.49168818880156
2030,sc01,04-12 10:00:00+02:00,305.68398642504116
2030,sc01,04-12 11:00:00+02:00,277.3557895967529
2030,sc01,04-12 12:00:00+02:00,221.71098763387874
2030,sc01,04-12 13:00:00+02:00,163.9828812338707
2030,sc01,04-12 14:00:00+02:00,140.90159318734055
2030,sc01,04-12 15:00:00+02:00,122.91485480069925
2030,sc01,04-12 16:00:00+02:00,123.98912095021518
2030,sc01,04-12 17:00:00+02:00,152.61449643887343
2030,sc01,04-12 18:00:00+02:00,233.15633409039148
2030,sc01,04-12 19:00:00+02:00,431.5949982553584
2030,sc01,04-12 20:00:00+02:00,489.74027405618983
2030,sc01,04-12 21:00:00+02:00,399.0521135828827
2030,sc01,04-12 22:00:00+02:00,298.40689620475155
2030,sc01,04-12 23:00:00+02:00,209.97161959186408
2030,sc01,04-13 00:00:00+02:00,151.9374719122321
2030,sc01,04-13 01:00:00+02:00,0.0
2030,sc01,04-13 02:00:00+02:00,0.0
2030,sc01,04-13 03:00:00+02:00,0.0
2030,sc01,04-13 04:00:00+02:00,0.0
2030,sc01,04-13 05:00:00+02:00,0.0
2030,sc01,04-13 06:00:00+02:00,270.3256592766365
2030,sc01,04-13 07:00:00+02:00,237.43386994546498
2030,sc01,04-13 08:00:00+02:00,49.07342615645632
2030,sc01,04-13 09:00:00+02:00,140.72202249636996
2030,sc01,04-13 10:00:00+02:00,113.75811231980899
2030,sc01,04-13 11:00:00+02:00,79.13864046654017
2030,sc01,04-13 12:00:00+02:00,46.761092822832296
2030,sc01,04-13 13:00:00+02:00,19.189117375785496
2030,sc01,04-13 14:00:00+02:00,3.1834533432610774
2030,sc01,04-13 15:00:00+02:00,0.0
2030,sc01,04-13 16:00:00+02:00,9.78225107248602
2030,sc01,04-13 17:00:00+02:00,49.875477630701255
2030,sc01,04-13 18:00:00+02:00,134.12908473022358
2030,sc01,04-13 19:00:00+02:00,327.29553940505485
2030,sc01,04-13 20:00:00+02:00,372.31234355794504
2030,sc01,04-13 21:00:00+02:00,317.8473893792063
2030,sc01,04-13 22:00:00+02:00,253.26821354309965
2030,sc01,04-13 23:00:00+02:00,41.60673934632283
2030,sc01,04-14 00:00:00+02:00,0.0
2030,sc01,04-14 01:00:00+02:00,0.0
2030,sc01,04-14 02:00:00+02:00,0.0
2030,sc01,04-14 03:00:00+02:00,0.0
2030,sc01,04-14 04:00:00+02:00,0.0
2030,sc01,04-14 05:00:00+02:00,0.0
2030,sc01,04-14 06:00:00+02:00,0.0
2030,sc01,04-14 07:00:00+02:00,0.0
2030,sc01,04-14 08:00:00+02:00,0.0
2030,sc01,04-14 09:00:00+02:00,0.0
2030,sc01,04-14 10:00:00+02:00,0.0
2030,sc01,04-14 11:00:00+02:00,0.0
2030,sc01,04-14 12:00:00+02:00,0.0
2030,sc01,04-14 13:00:00+02:00,0.0
2030,sc01,04-14 14:00:00+02:00,0.0
2030,sc01,04-14 15:00:00+02:00,0.0
2030,sc01,04-14 16:00:00+02:00,0.0
2030,sc01,04-14 17:00:00+02:00,0.0
2030,sc01,04-14 18:00:00+02:00,84.06966996286725
2030,sc01,04-14 19:00:00+02:00,300.9772130078373
2030,sc01,04-14 20:00:00+02:00,364.01707046316824
2030,sc01,04-14 21:00:00+02:00,328.64459977495636
2030,sc01,04-14 22:00:00+02:00,249.03830454822557
2030,sc01,04-14 23:00:00+02:00,176.99364421372425
2030,sc01,04-15 00:00:00+02:00,155.4566513890112
2030,sc01,04-15 01:00:00+02:00,0.0
2030,sc01,04-15 02:00:00+02:00,0.0
2030,sc01,04-15 03:00:00+02:00,0.0
2030,sc01,04-15 04:00:00+02:00,0.0
2030,sc01,04-15 05:00:00+02:00,132.51015391482892
2030,sc01,04-15 06:00:00+02:00,340.4636445703505
2030,sc01,04-15 07:00:00+02:00,389.8011767970814
2030,sc01,04-15 08:00:00+02:00,116.15531156318424
2030,sc01,04-15 09:00:00+02:00,7.640794563023656
2030,sc01,04-15 10:00:00+02:00,6.0011136999946455
2030,sc01,04-15 11:00:00+02:00,4.931824718941449
2030,sc01,04-15 12:00:00+02:00,2.9651746972426873
2030,sc01,04-15 13:00:00+02:00,0.0
2030,sc01,04-15 14:00:00+02:00,0.0
2030,sc01,04-15 15:00:00+02:00,0.0
2030,sc01,04-15 16:00:00+02:00,0.0
2030,sc01,04-15 17:00:00+02:00,0.0
2030,sc01,04-15 18:00:00+02:00,135.8970567117717
2030,sc01,04-15 19:00:00+02:00,374.72670159795655
2030,sc01,04-15 20:00:00+02:00,387.3818895060217
2030,sc01,04-15 21:00:00+02:00,281.30544008010213
2030,sc01,04-15 22:00:00+02:00,189.26139722612976
2030,sc01,04-15 23:00:00+02:00,105.57065682201936
2030,sc01,04-16 00:00:00+02:00,6.628029717860171
2030,sc01,04-16 01:00:00+02:00,0.0
2030,sc01,04-16 02:00:00+02:00,0.0
2030,sc01,04-16 03:00:00+02:00,0.0
2030,sc01,04-16 04:00:00+02:00,27.198572370395873
2030,sc01,04-16 05:00:00+02:00,156.54313929759823
2030,sc01,04-16 06:00:00+02:00,339.99557246281466
2030,sc01,04-16 07:00:00+02:00,371.8500906911405
2030,sc01,04-16 08:00:00+02:00,142.14744365548273
2030,sc01,04-16 09:00:00+02:00,59.899704242400716
2030,sc01,04-16 10:00:00+02:00,37.96535869981211
2030,sc01,04-16 11:00:00+02:00,25.947917710083082
2030,sc01,04-16 12:00:00+02:00,17.964352280310177
2030,sc01,04-16 13:00:00+02:00,11.348024395801504
2030,sc01,04-16 14:00:00+02:00,22.702246938324752
2030,sc01,04-16 15:00:00+02:00,22.267474686649262
2030,sc01,04-16 16:00:00+02:00,177.37692660523643
2030,sc01,04-16 17:00:00+02:00,218.50884409495166
2030,sc01,04-16 18:00:00+02:00,300.8439922148048
2030,sc01,04-16 19:00:00+02:00,469.7095857170491
2030,sc01,04-16 20:00:00+02:00,466.38786809719926
2030,sc01,04-16 21:00:00+02:00,353.6985429842527
2030,sc01,04-16 22:00:00+02:00,197.00577845382463
2030,sc01,04-16 23:00:00+02:00,100.02237746218388
2030,sc01,04-17 00:00:00+02:00,0.0
2030,sc01,04-17 01:00:00+02:00,0.0
2030,sc01,04-17 02:00:00+02:00,0.0
2030,sc01,04-17 03:00:00+02:00,0.0
2030,sc01,04-17 04:00:00+02:00,0.0
2030,sc01,04-17 05:00:00+02:00,57.68177128824889
2030,sc01,04-17 06:00:00+02:00,292.97415911518624
2030,sc01,04-17 07:00:00+02:00,377.4409674726568
2030,sc01,04-17 08:00:00+02:00,257.1754600376121
2030,sc01,04-17 09:00:00+02:00,283.16657912003467
2030,sc01,04-17 10:00:00+02:00,144.88882996421708
2030,sc01,04-17 11:00:00+02:00,89.01189974391147
2030,sc01,04-17 12:00:00+02:00,66.55769429564327
2030,sc01,04-17 13:00:00+02:00,51.680379962617074
2030,sc01,04-17 14:00:00+02:00,28.855806401423045
2030,sc01,04-17 15:00:00+02:00,23.801962248495204
2030,sc01,04-17 16:00:00+02:00,162.67731406052332
2030,sc01,04-17 17:00:00+02:00,321.76620964651096
2030,sc01,04-17 18:00:00+02:00,485.40442881699784
2030,sc01,04-17 19:00:00+02:00,554.3906223216269
2030,sc01,04-17 20:00:00+02:00,477.41859073760867
2030,sc01,04-17 21:00:00+02:00,160.45615818160124
2030,sc01,04-17 22:00:00+02:00,90.7762277387253
2030,sc01,04-17 23:00:00+02:00,39.441285110449044
2030,sc01,04-18 00:00:00+02:00,3.0231489498784856
2030,sc01,04-18 01:00:00+02:00,0.0
2030,sc01,04-18 02:00:00+02:00,0.0
2030,sc01,04-18 03:00:00+02:00,0.0
2030,sc01,04-18 04:00:00+02:00,0.0
2030,sc01,04-18 05:00:00+02:00,139.1472409893051
2030,sc01,04-18 06:00:00+02:00,296.5537493130556
2030,sc01,04-18 07:00:00+02:00,361.779264143721
2030,sc01,04-18 08:00:00+02:00,207.00650820464568
2030,sc01,04-18 09:00:00+02:00,58.87205965456854
2030,sc01,04-18 10:00:00+02:00,27.98194155717678
2030,sc01,04-18 11:00:00+02:00,21.793772914623272
2030,sc01,04-18 12:00:00+02:00,11.609891583290691
2030,sc01,04-18 13:00:00+02:00,0.0
2030,sc01,04-18 14:00:00+02:00,0.0
2030,sc01,04-18 15:00:00+02:00,0.0
2030,sc01,04-18 16:00:00+02:00,0.0
2030,sc01,04-18 17:00:00+02:00,0.0
2030,sc01,04-18 18:00:00+02:00,55.14258139533167
2030,sc01,04-18 19:00:00+02:00,173.03654944757065
2030,sc01,04-18 20:00:00+02:00,153.8747896867797
2030,sc01,04-18 21:00:00+02:00,101.31988484596465
2030,sc01,04-18 22:00:00+02:00,56.84082130643521
2030,sc01,04-18 23:00:00+02:00,12.647738835400826
2030,sc01,04-19 00:00:00+02:00,0.0
2030,sc01,04-19 01:00:00+02:00,0.0
2030,sc01,04-19 02:00:00+02:00,0.0
2030,sc01,04-19 03:00:00+02:00,0.0
2030,sc01,04-19 04:00:00+02:00,0.0
2030,sc01,04-19 05:00:00+02:00,0.0
2030,sc01,04-19 06:00:00+02:00,54.23859505960832
2030,sc01,04-19 07:00:00+02:00,101.863358170037
2030,sc01,04-19 08:00:00+02:00,93.73901409541189
2030,sc01,04-19 09:00:00+02:00,1.753540803418691
2030,sc01,04-19 10:00:00+02:00,3.7334099673569305
2030,sc01,04-19 11:00:00+02:00,0.0
2030,sc01,04-19 12:00:00+02:00,0.0
2030,sc01,04-19 13:00:00+02:00,0.0
2030,sc01,04-19 14:00:00+02:00,0.0
2030,sc01,04-19 15:00:00+02:00,0.0
2030,sc01,04-19 16:00:00+02:00,0.0
2030,sc01,04-19 17:00:00+02:00,0.0
2030,sc01,04-19 18:00:00+02:00,0.0
2030,sc01,04-19 19:00:00+02:00,162.08108881336645
2030,sc01,04-19 20:00:00+02:00,180.0932450952711
2030,sc01,04-19 21:00:00+02:00,122.46452914669972
2030,sc01,04-19 22:00:00+02:00,54.6065303511827
2030,sc01,04-19 23:00:00+02:00,10.396257600956885
2030,sc01,04-20 00:00:00+02:00,0.0
2030,sc01,04-20 01:00:00+02:00,0.0
2030,sc01,04-20 02:00:00+02:00,0.0
2030,sc01,04-20 03:00:00+02:00,0.0
2030,sc01,04-20 04:00:00+02:00,0.0
2030,sc01,04-20 05:00:00+02:00,0.0
2030,sc01,04-20 06:00:00+02:00,0.0
2030,sc01,04-20 07:00:00+02:00,0.0
2030,sc01,04-20 08:00:00+02:00,0.0
2030,sc01,04-20 09:00:00+02:00,0.0
2030,sc01,04-20 10:00:00+02:00,0.0
2030,sc01,04-20 11:00:00+02:00,0.0
2030,sc01,04-20 12:00:00+02:00,0.0
2030,sc01,04-20 13:00:00+02:00,0.0
2030,sc01,04-20 14:00:00+02:00,0.0
2030,sc01,04-20 15:00:00+02:00,0.0
2030,sc01,04-20 16:00:00+02:00,0.0
2030,sc01,04-20 17:00:00+02:00,0.0
2030,sc01,04-20 18:00:00+02:00,0.0
2030,sc01,04-20 19:00:00+02:00,22.220195223975125
2030,sc01,04-20 20:00:00+02:00,76.29418444690079
2030,sc01,04-20 21:00:00+02:00,42.88412518759062
2030,sc01,04-20 22:00:00+02:00,11.363640893896772
2030,sc01,04-20 23:00:00+02:00,0.0
2030,sc01,04-21 00:00:00+02:00,0.0
2030,sc01,04-21 01:00:00+02:00,0.0
2030,sc01,04-21 02:00:00+02:00,0.0
2030,sc01,04-21 03:00:00+02:00,0.0
2030,sc01,04-21 04:00:00+02:00,0.0
2030,sc01,04-21 05:00:00+02:00,0.0
2030,sc01,04-21 06:00:00+02:00,0.0
2030,sc01,04-21 07:00:00+02:00,0.0
2030,sc01,04-21 08:00:00+02:00,0.0
2030,sc01,04-21 09:00:00+02:00,0.0
2030,sc01,04-21 10:00:00+02:00,0.0
2030,sc01,04-21 11:00:00+02:00,0.0
2030,sc01,04-21 12:00:00+02:00,0.0
2030,sc01,04-21 13:00:00+02:00,0.0
2030,sc01,04-21 14:00:00+02:00,0.0
2030,sc01,04-21 15:00:00+02:00,0.0
2030,sc01,04-21 16:00:00+02:00,0.0
2030,sc01,04-21 17:00:00+02:00,0.0
2030,sc01,04-21 18:00:00+02:00,0.0
2030,sc01,04-21 19:00:00+02:00,0.0
2030,sc01,04-21 20:00:00+02:00,27.889639969758573
2030,sc01,04-21 21:00:00+02:00,10.689672367293827
2030,sc01,04-21 22:00:00+02:00,0.0
2030,sc01,04-21 23:00:00+02:00,0.0
2030,sc01,04-22 00:00:00+02:00,0.0
2030,sc01,04-22 01:00:00+02:00,0.0
2030,sc01,04-22 02:00:00+02:00,0.0
2030,sc01,04-22 03:00:00+02:00,0.0
2030,sc01,04-22 04:00:00+02:00,0.0
2030,sc01,04-22 05:00:00+02:00,0.0
2030,sc01,04-22 06:00:00+02:00,0.0
2030,sc01,04-22 07:00:00+02:00,0.0
2030,sc01,04-22 08:00:00+02:00,0.0
2030,sc01,04-22 09:00:00+02:00,0.0
2030,sc01,04-22 10:00:00+02:00,0.0
2030,sc01,04-22 11:00:00+02:00,0.0
2030,sc01,04-22 12:00:00+02:00,0.0
2030,sc01,04-22 13:00:00+02:00,0.0
2030,sc01,04-22 14:00:00+02:00,0.0
2030,sc01,04-22 15:00:00+02:00,0.0
2030,sc01,04-22 16:00:00+02:00,0.0
2030,sc01,04-22 17:00:00+02:00,0.0
2030,sc01,04-22 18:00:00+02:00,0.0
2030,sc01,04-22 19:00:00+02:00,0.0
2030,sc01,04-22 20:00:00+02:00,0.0
2030,sc01,04-22 21:00:00+02:00,0.0
2030,sc01,04-22 22:00:00+02:00,0.0
2030,sc01,04-22 23:00:00+02:00,0.0
2030,sc01,04-23 00:00:00+02:00,0.0
2030,sc01,04-23 01:00:00+02:00,0.0
2030,sc01,04-23 02:00:00+02:00,0.0
2030,sc01,04-23 03:00:00+02:00,0.0
2030,sc01,04-23 04:00:00+02:00,0.0
2030,sc01,04-23 05:00:00+02:00,0.0
2030,sc01,04-23 06:00:00+02:00,0.0
2030,sc01,04-23 07:00:00+02:00,11.848680801179585
2030,sc01,04-23 08:00:00+02:00,11.734465777232469
2030,sc01,04-23 09:00:00+02:00,3.1570745355925918
2030,sc01,04-23 10:00:00+02:00,1.6139531656243704
2030,sc01,04-23 11:00:00+02:00,0.9670023740697126
2030,sc01,04-23 12:00:00+02:00,0.0
2030,sc01,04-23 13:00:00+02:00,4.73727171555653
2030,sc01,04-23 14:00:00+02:00,2.32022519843121
2030,sc01,04-23 15:00:00+02:00,0.0
2030,sc01,04-23 16:00:00+02:00,0.0
2030,sc01,04-23 17:00:00+02:00,0.0
2030,sc01,04-23 18:00:00+02:00,0.03527911420875886
2030,sc01,04-23 19:00:00+02:00,37.34165269190608
2030,sc01,04-23 20:00:00+02:00,96.26278412422528
2030,sc01,04-23 21:00:00+02:00,74.17141977263881
2030,sc01,04-23 22:00:00+02:00,30.673624175214073
2030,sc01,04-23 23:00:00+02:00,0.0
2030,sc01,04-24 00:00:00+02:00,0.0
2030,sc01,04-24 01:00:00+02:00,0.0
2030,sc01,04-24 02:00:00+02:00,0.0
2030,sc01,04-24 03:00:00+02:00,0.0
2030,sc01,04-24 04:00:00+02:00,0.0
2030,sc01,04-24 05:00:00+02:00,0.0
2030,sc01,04-24 06:00:00+02:00,10.788673152441618
2030,sc01,04-24 07:00:00+02:00,15.565915954398827
2030,sc01,04-24 08:00:00+02:00,7.566931351995908
2030,sc01,04-24 09:00:00+02:00,4.666264223157634
2030,sc01,04-24 10:00:00+02:00,13.428958622435179
2030,sc01,04-24 11:00:00+02:00,12.845635617885513
2030,sc01,04-24 12:00:00+02:00,10.72048211639101
2030,sc01,04-24 13:00:00+02:00,7.403851563013514
2030,sc01,04-24 14:00:00+02:00,3.5106370934581452
2030,sc01,04-24 15:00:00+02:00,3.084790865478149
2030,sc01,04-24 16:00:00+02:00,2.802859068048807
2030,sc01,04-24 17:00:00+02:00,2.417352044338003
2030,sc01,04-24 18:00:00+02:00,19.09278245090143
2030,sc01,04-24 19:00:00+02:00,100.91369265320229
2030,sc01,04-24 20:00:00+02:00,112.50417799633388
2030,sc01,04-24 21:00:00+02:00,74.11492264943745
2030,sc01,04-24 22:00:00+02:00,29.194931257246974
2030,sc01,04-24 23:00:00+02:00,0.0
2030,sc01,04-25 00:00:00+02:00,0.0
2030,sc01,04-25 01:00:00+02:00,0.0
2030,sc01,04-25 02:00:00+02:00,0.0
2030,sc01,04-25 03:00:00+02:00,0.0
2030,sc01,04-25 04:00:00+02:00,0.0
2030,sc01,04-25 05:00:00+02:00,0.0
2030,sc01,04-25 06:00:00+02:00,5.617421082746025
2030,sc01,04-25 07:00:00+02:00,16.14477845107619
2030,sc01,04-25 08:00:00+02:00,14.139916428628341
2030,sc01,04-25 09:00:00+02:00,7.896806154018925
2030,sc01,04-25 10:00:00+02:00,6.457371533131294
2030,sc01,04-25 11:00:00+02:00,6.3754697420775175
2030,sc01,04-25 12:00:00+02:00,6.1314198044530634
2030,sc01,04-25 13:00:00+02:00,5.281966645878295
2030,sc01,04-25 14:00:00+02:00,2.472694531195192
2030,sc01,04-25 15:00:00+02:00,0.0
2030,sc01,04-25 16:00:00+02:00,16.227805977073658
2030,sc01,04-25 17:00:00+02:00,5.805810119294324
2030,sc01,04-25 18:00:00+02:00,3.773077203859822
2030,sc01,04-25 19:00:00+02:00,38.115059235058915
2030,sc01,04-25 20:00:00+02:00,111.02235388792121
2030,sc01,04-25 21:00:00+02:00,85.05814561000629
2030,sc01,04-25 22:00:00+02:00,38.67007983971888
2030,sc01,04-25 23:00:00+02:00,0.0
2030,sc01,04-26 00:00:00+02:00,0.0
2030,sc01,04-26 01:00:00+02:00,0.0
2030,sc01,04-26 02:00:00+02:00,0.0
2030,sc01,04-26 03:00:00+02:00,0.0
2030,sc01,04-26 04:00:00+02:00,0.0
2030,sc01,04-26 05:00:00+02:00,0.0
2030,sc01,04-26 06:00:00+02:00,42.28149006613445
2030,sc01,04-26 07:00:00+02:00,30.422985817360026
2030,sc01,04-26 08:00:00+02:00,64.13414851380469
2030,sc01,04-26 09:00:00+02:00,41.29304938863081
2030,sc01,04-26 10:00:00+02:00,21.27744268302671
2030,sc01,04-26 11:00:00+02:00,23.573659529850246
2030,sc01,04-26 12:00:00+02:00,23.960173808967006
2030,sc01,04-26 13:00:00+02:00,19.07828162619659
2030,sc01,04-26 14:00:00+02:00,14.527744289573421
2030,sc01,04-26 15:00:00+02:00,12.671202148845516
2030,sc01,04-26 16:00:00+02:00,11.430493745015891
2030,sc01,04-26 17:00:00+02:00,10.70690876982578
2030,sc01,04-26 18:00:00+02:00,8.684103111754792
2030,sc01,04-26 19:00:00+02:00,5.0110644339041075
2030,sc01,04-26 20:00:00+02:00,71.9247460035817
2030,sc01,04-26 21:00:00+02:00,53.17146348624159
2030,sc01,04-26 22:00:00+02:00,18.75344789762412
2030,sc01,04-26 23:00:00+02:00,0.0
2030,sc01,04-27 00:00:00+02:00,0.0
2030,sc01,04-27 01:00:00+02:00,0.0
2030,sc01,04-27 02:00:00+02:00,0.0
2030,sc01,04-27 03:00:00+02:00,0.0
2030,sc01,04-27 04:00:00+02:00,0.0
2030,sc01,04-27 05:00:00+02:00,0.0
2030,sc01,04-27 06:00:00+02:00,0.0
2030,sc01,04-27 07:00:00+02:00,0.0
2030,sc01,04-27 08:00:00+02:00,0.0
2030,sc01,04-27 09:00:00+02:00,0.0
2030,sc01,04-27 10:00:00+02:00,0.0
2030,sc01,04-27 11:00:00+02:00,0.0
2030,sc01,04-27 12:00:00+02:00,0.0
2030,sc01,04-27 13:00:00+02:00,0.0
2030,sc01,04-27 14:00:00+02:00,0.0
2030,sc01,04-27 15:00:00+02:00,0.0
2030,sc01,04-27 16:00:00+02:00,0.0
2030,sc01,04-27 17:00:00+02:00,0.0
2030,sc01,04-27 18:00:00+02:00,0.0
2030,sc01,04-27 19:00:00+02:00,0.0
2030,sc01,04-27 20:00:00+02:00,9.088619718387882
2030,sc01,04-27 21:00:00+02:00,0.0
2030,sc01,04-27 22:00:00+02:00,0.0
2030,sc01,04-27 23:00:00+02:00,0.0
2030,sc01,04-28 00:00:00+02:00,0.0
2030,sc01,04-28 01:00:00+02:00,0.0
2030,sc01,04-28 02:00:00+02:00,0.0
2030,sc01,04-28 03:00:00+02:00,0.0
2030,sc01,04-28 04:00:00+02:00,0.0
2030,sc01,04-28 05:00:00+02:00,0.0
2030,sc01,04-28 06:00:00+02:00,0.0
2030,sc01,04-28 07:00:00+02:00,0.0
2030,sc01,04-28 08:00:00+02:00,0.0
2030,sc01,04-28 09:00:00+02:00,0.0
2030,sc01,04-28 10:00:00+02:00,0.0
2030,sc01,04-28 11:00:00+02:00,0.0
2030,sc01,04-28 12:00:00+02:00,0.0
2030,sc01,04-28 13:00:00+02:00,0.0
2030,sc01,04-28 14:00:00+02:00,0.0
2030,sc01,04-28 15:00:00+02:00,0.0
2030,sc01,04-28 16:00:00+02:00,0.0
2030,sc01,04-28 17:00:00+02:00,0.0
2030,sc01,04-28 18:00:00+02:00,0.0
2030,sc01,04-28 19:00:00+02:00,0.0
2030,sc01,04-28 20:00:00+02:00,33.92433724901192
2030,sc01,04-28 21:00:00+02:00,35.697136865897996
2030,sc01,04-28 22:00:00+02:00,4.556373117431848
2030,sc01,04-28 23:00:00+02:00,0.0
2030,sc01,04-29 00:00:00+02:00,0.0
2030,sc01,04-29 01:00:00+02:00,0.0
2030,sc01,04-29 02:00:00+02:00,0.0
2030,sc01,04-29 03:00:00+02:00,0.0
2030,sc01,04-29 04:00:00+02:00,0.0
2030,sc01,04-29 05:00:00+02:00,0.28651012551519245
2030,sc01,04-29 06:00:00+02:00,63.99205913883515
2030,sc01,04-29 07:00:00+02:00,9.757907378534108
2030,sc01,04-29 08:00:00+02:00,8.811265068193
2030,sc01,04-29 09:00:00+02:00,7.0076413404543425
2030,sc01,04-29 10:00:00+02:00,6.625548731675703
2030,sc01,04-29 11:00:00+02:00,7.449622983465589
2030,sc01,04-29 12:00:00+02:00,5.579870885160515
2030,sc01,04-29 13:00:00+02:00,2.400271365802252
2030,sc01,04-29 14:00:00+02:00,10.654127178950526
2030,sc01,04-29 15:00:00+02:00,8.116784981654927
2030,sc01,04-29 16:00:00+02:00,5.83639016539943
2030,sc01,04-29 17:00:00+02:00,1.5421365140042549
2030,sc01,04-29 18:00:00+02:00,6.820302760898288
2030,sc01,04-29 19:00:00+02:00,42.851081627017
2030,sc01,04-29 20:00:00+02:00,98.04459417998908
2030,sc01,04-29 21:00:00+02:00,79.42284401107946
2030,sc01,04-29 22:00:00+02:00,35.78504813073548
2030,sc01,04-29 23:00:00+02:00,0.0
2030,sc01,04-30 00:00:00+02:00,0.0
2030,sc01,04-30 01:00:00+02:00,0.0
2030,sc01,04-30 02:00:00+02:00,0.0
2030,sc01,04-30 03:00:00+02:00,0.0
2030,sc01,04-30 04:00:00+02:00,0.0
2030,sc01,04-30 05:00:00+02:00,11.922411329457601
2030,sc01,04-30 06:00:00+02:00,80.95480078140967
2030,sc01,04-30 07:00:00+02:00,51.13000759415003
2030,sc01,04-30 08:00:00+02:00,34.30700375634362
2030,sc01,04-30 09:00:00+02:00,21.90241946713758
2030,sc01,04-30 10:00:00+02:00,16.517805005133546
2030,sc01,04-30 11:00:00+02:00,44.01830091547894
2030,sc01,04-30 12:00:00+02:00,33.246150358432175
2030,sc01,04-30 13:00:00+02:00,17.390889899230203
2030,sc01,04-30 14:00:00+02:00,3.774930037733442
2030,sc01,04-30 15:00:00+02:00,0.0
2030,sc01,04-30 16:00:00+02:00,0.0
2030,sc01,04-30 17:00:00+02:00,0.0
2030,sc01,04-30 18:00:00+02:00,0.04254990261329015
2030,sc01,04-30 19:00:00+02:00,42.56179507596984
2030,sc01,04-30 20:00:00+02:00,124.59480115240474
2030,sc01,04-30 21:00:00+02:00,71.08934181776388
2030,sc01,04-30 22:00:00+02:00,31.063812262329538
2030,sc01,04-30 23:00:00+02:00,0.0
2030,sc01,05-01 00:00:00+02:00,0.0
2030,sc01,05-01 01:00:00+02:00,0.0
2030,sc01,05-01 02:00:00+02:00,0.0
2030,sc01,05-01 03:00:00+02:00,0.0
2030,sc01,05-01 04:00:00+02:00,0.0
2030,sc01,05-01 05:00:00+02:00,0.0
2030,sc01,05-01 06:00:00+02:00,0.0
2030,sc01,05-01 07:00:00+02:00,0.0
2030,sc01,05-01 08:00:00+02:00,0.0
2030,sc01,05-01 09:00:00+02:00,0.0
2030,sc01,05-01 10:00:00+02:00,0.0
2030,sc01,05-01 11:00:00+02:00,0.0
2030,sc01,05-01 12:00:00+02:00,0.0
2030,sc01,05-01 13:00:00+02:00,0.0
2030,sc01,05-01 14:00:00+02:00,0.0
2030,sc01,05-01 15:00:00+02:00,0.0
2030,sc01,05-01 16:00:00+02:00,0.0
2030,sc01,05-01 17:00:00+02:00,0.0
2030,sc01,05-01 18:00:00+02:00,0.0
2030,sc01,05-01 19:00:00+02:00,0.0
2030,sc01,05-01 20:00:00+02:00,0.0
2030,sc01,05-01 21:00:00+02:00,0.0
2030,sc01,05-01 22:00:00+02:00,0.0
2030,sc01,05-01 23:00:00+02:00,0.0
2030,sc01,05-02 00:00:00+02:00,0.0
2030,sc01,05-02 01:00:00+02:00,0.0
2030,sc01,05-02 02:00:00+02:00,0.0
2030,sc01,05-02 03:00:00+02:00,0.0
2030,sc01,05-02 04:00:00+02:00,0.0
2030,sc01,05-02 05:00:00+02:00,0.0
2030,sc01,05-02 06:00:00+02:00,0.0
2030,sc01,05-02 07:00:00+02:00,0.0
2030,sc01,05-02 08:00:00+02:00,0.0
2030,sc01,05-02 09:00:00+02:00,0.0
2030,sc01,05-02 10:00:00+02:00,2.656169137674433
2030,sc01,05-02 11:00:00+02:00,2.3229060949640097
2030,sc01,05-02 12:00:00+02:00,0.0
2030,sc01,05-02 13:00:00+02:00,0.0
2030,sc01,05-02 14:00:00+02:00,0.0
2030,sc01,05-02 15:00:00+02:00,0.0
2030,sc01,05-02 16:00:00+02:00,0.0
2030,sc01,05-02 17:00:00+02:00,0.0
2030,sc01,05-02 18:00:00+02:00,0.0
2030,sc01,05-02 19:00:00+02:00,13.818847121719365
2030,sc01,05-02 20:00:00+02:00,89.99694298129627
2030,sc01,05-02 21:00:00+02:00,59.53009718206649
2030,sc01,05-02 22:00:00+02:00,10.860806150026942
2030,sc01,05-02 23:00:00+02:00,0.0
2030,sc01,05-03 00:00:00+02:00,0.0
2030,sc01,05-03 01:00:00+02:00,0.0
2030,sc01,05-03 02:00:00+02:00,0.0
2030,sc01,05-03 03:00:00+02:00,0.0
2030,sc01,05-03 04:00:00+02:00,0.0
2030,sc01,05-03 05:00:00+02:00,0.0
2030,sc01,05-03 06:00:00+02:00,99.41770533675773
2030,sc01,05-03 07:00:00+02:00,34.7840074549413
2030,sc01,05-03 08:00:00+02:00,0.0
2030,sc01,05-03 09:00:00+02:00,0.0
2030,sc01,05-03 10:00:00+02:00,0.0
2030,sc01,05-03 11:00:00+02:00,0.0
2030,sc01,05-03 12:00:00+02:00,0.0
2030,sc01,05-03 13:00:00+02:00,0.0
2030,sc01,05-03 14:00:00+02:00,0.0
2030,sc01,05-03 15:00:00+02:00,0.0
2030,sc01,05-03 16:00:00+02:00,0.0
2030,sc01,05-03 17:00:00+02:00,0.0
2030,sc01,05-03 18:00:00+02:00,0.0
2030,sc01,05-03 19:00:00+02:00,70.43025214095393
2030,sc01,05-03 20:00:00+02:00,194.96723947632697
2030,sc01,05-03 21:00:00+02:00,148.50210418470866
2030,sc01,05-03 22:00:00+02:00,57.205461777201535
2030,sc01,05-03 23:00:00+02:00,0.0
2030,sc01,05-04 00:00:00+02:00,41.81056367032984
2030,sc01,05-04 01:00:00+02:00,0.0
2030,sc01,05-04 02:00:00+02:00,0.0
2030,sc01,05-04 03:00:00+02:00,0.0
2030,sc01,05-04 04:00:00+02:00,0.0
2030,sc01,05-04 05:00:00+02:00,63.61611740178857
2030,sc01,05-04 06:00:00+02:00,131.06951250222534
2030,sc01,05-04 07:00:00+02:00,52.02754359588723
2030,sc01,05-04 08:00:00+02:00,0.0
2030,sc01,05-04 09:00:00+02:00,0.0
2030,sc01,05-04 10:00:00+02:00,0.0
2030,sc01,05-04 11:00:00+02:00,0.0
2030,sc01,05-04 12:00:00+02:00,0.0
2030,sc01,05-04 13:00:00+02:00,0.0
2030,sc01,05-04 14:00:00+02:00,0.0
2030,sc01,05-04 15:00:00+02:00,0.0
2030,sc01,05-04 16:00:00+02:00,0.0
2030,sc01,05-04 17:00:00+02:00,0.0
2030,sc01,05-04 18:00:00+02:00,0.0
2030,sc01,05-04 19:00:00+02:00,89.149203168274
2030,sc01,05-04 20:00:00+02:00,236.61667254330763
2030,sc01,05-04 21:00:00+02:00,196.87322537546396
2030,sc01,05-04 22:00:00+02:00,124.06030330124108
2030,sc01,05-04 23:00:00+02:00,48.37942588627576
2030,sc01,05-05 00:00:00+02:00,0.02055979669640322
2030,sc01,05-05 01:00:00+02:00,0.0
2030,sc01,05-05 02:00:00+02:00,0.0
2030,sc01,05-05 03:00:00+02:00,0.0
2030,sc01,05-05 04:00:00+02:00,0.0
2030,sc01,05-05 05:00:00+02:00,0.0
2030,sc01,05-05 06:00:00+02:00,0.0
2030,sc01,05-05 07:00:00+02:00,0.0
2030,sc01,05-05 08:00:00+02:00,0.0
2030,sc01,05-05 09:00:00+02:00,0.0
2030,sc01,05-05 10:00:00+02:00,0.0
2030,sc01,05-05 11:00:00+02:00,0.0
2030,sc01,05-05 12:00:00+02:00,0.0
2030,sc01,05-05 13:00:00+02:00,0.0
2030,sc01,05-05 14:00:00+02:00,0.0
2030,sc01,05-05 15:00:00+02:00,0.0
2030,sc01,05-05 16:00:00+02:00,0.0
2030,sc01,05-05 17:00:00+02:00,0.0
2030,sc01,05-05 18:00:00+02:00,0.0
2030,sc01,05-05 19:00:00+02:00,73.40736651660383
2030,sc01,05-05 20:00:00+02:00,194.98710660834894
2030,sc01,05-05 21:00:00+02:00,187.96128851307273
2030,sc01,05-05 22:00:00+02:00,96.191380963337
2030,sc01,05-05 23:00:00+02:00,47.038101126690634
2030,sc01,05-06 00:00:00+02:00,0.0
2030,sc01,05-06 01:00:00+02:00,0.0
2030,sc01,05-06 02:00:00+02:00,0.0
2030,sc01,05-06 03:00:00+02:00,9.580904337834085
2030,sc01,05-06 04:00:00+02:00,102.82312424547567
2030,sc01,05-06 05:00:00+02:00,326.2697844157228
2030,sc01,05-06 06:00:00+02:00,457.45844532824344
2030,sc01,05-06 07:00:00+02:00,383.3104441879913
2030,sc01,05-06 08:00:00+02:00,71.53642149423729
2030,sc01,05-06 09:00:00+02:00,17.147501196401713
2030,sc01,05-06 10:00:00+02:00,12.252910308998821
2030,sc01,05-06 11:00:00+02:00,10.507647007036018
2030,sc01,05-06 12:00:00+02:00,6.774659707616888
2030,sc01,05-06 13:00:00+02:00,7.606391870903832
2030,sc01,05-06 14:00:00+02:00,4.670900485877894
2030,sc01,05-06 15:00:00+02:00,6.2661621690404985
2030,sc01,05-06 16:00:00+02:00,0.0
2030,sc01,05-06 17:00:00+02:00,0.22698362002977418
2030,sc01,05-06 18:00:00+02:00,4.1962696146728655
2030,sc01,05-06 19:00:00+02:00,134.85577275873112
2030,sc01,05-06 20:00:00+02:00,250.43220188227045
2030,sc01,05-06 21:00:00+02:00,191.4989795502806
2030,sc01,05-06 22:00:00+02:00,89.16599382517302
2030,sc01,05-06 23:00:00+02:00,6.513234850406018
2030,sc01,05-07 00:00:00+02:00,0.0
2030,sc01,05-07 01:00:00+02:00,0.0
2030,sc01,05-07 02:00:00+02:00,0.0
2030,sc01,05-07 03:00:00+02:00,0.0
2030,sc01,05-07 04:00:00+02:00,0.0
2030,sc01,05-07 05:00:00+02:00,41.320233043354065
2030,sc01,05-07 06:00:00+02:00,370.7955606887015
2030,sc01,05-07 07:00:00+02:00,239.52009450998213
2030,sc01,05-07 08:00:00+02:00,48.574161375437974
2030,sc01,05-07 09:00:00+02:00,16.63296531137844
2030,sc01,05-07 10:00:00+02:00,15.311754279860004
2030,sc01,05-07 11:00:00+02:00,12.05264044819824
2030,sc01,05-07 12:00:00+02:00,8.859552047169862
2030,sc01,05-07 13:00:00+02:00,5.122274910456001
2030,sc01,05-07 14:00:00+02:00,1.945504652970614
2030,sc01,05-07 15:00:00+02:00,0.0
2030,sc01,05-07 16:00:00+02:00,7.1684044650802345
2030,sc01,05-07 17:00:00+02:00,48.546521008438475
2030,sc01,05-07 18:00:00+02:00,188.858082014422
2030,sc01,05-07 19:00:00+02:00,430.1656009049526
2030,sc01,05-07 20:00:00+02:00,637.9376080021706
2030,sc01,05-07 21:00:00+02:00,530.5243445076526
2030,sc01,05-07 22:00:00+02:00,413.4049424143616
2030,sc01,05-07 23:00:00+02:00,167.69386198310704
2030,sc01,05-08 00:00:00+02:00,106.4858844636649
2030,sc01,05-08 01:00:00+02:00,59.86992673359356
2030,sc01,05-08 02:00:00+02:00,46.503364673022716
2030,sc01,05-08 03:00:00+02:00,0.0
2030,sc01,05-08 04:00:00+02:00,0.0
2030,sc01,05-08 05:00:00+02:00,264.4709008744276
2030,sc01,05-08 06:00:00+02:00,458.20361389677686
2030,sc01,05-08 07:00:00+02:00,512.3530390734263
2030,sc01,05-08 08:00:00+02:00,159.93459424289185
2030,sc01,05-08 09:00:00+02:00,6.081809780068934
2030,sc01,05-08 10:00:00+02:00,3.033700568333459
2030,sc01,05-08 11:00:00+02:00,0.5350989715442571
2030,sc01,05-08 12:00:00+02:00,0.1409463421438805
2030,sc01,05-08 13:00:00+02:00,0.0
2030,sc01,05-08 14:00:00+02:00,0.0
2030,sc01,05-08 15:00:00+02:00,0.0
2030,sc01,05-08 16:00:00+02:00,0.0
2030,sc01,05-08 17:00:00+02:00,0.0
2030,sc01,05-08 18:00:00+02:00,63.27516835182091
2030,sc01,05-08 19:00:00+02:00,195.62660296884388
2030,sc01,05-08 20:00:00+02:00,144.69716023059976
2030,sc01,05-08 21:00:00+02:00,94.8627527457626
2030,sc01,05-08 22:00:00+02:00,49.486415580928906
2030,sc01,05-08 23:00:00+02:00,4.783260904918302
2030,sc01,05-09 00:00:00+02:00,0.0
2030,sc01,05-09 01:00:00+02:00,0.0
2030,sc01,05-09 02:00:00+02:00,0.0
2030,sc01,05-09 03:00:00+02:00,0.0
2030,sc01,05-09 04:00:00+02:00,0.0
2030,sc01,05-09 05:00:00+02:00,16.12593478166981
2030,sc01,05-09 06:00:00+02:00,160.15521477734788
2030,sc01,05-09 07:00:00+02:00,308.9624522094833
2030,sc01,05-09 08:00:00+02:00,169.72227718319715
2030,sc01,05-09 09:00:00+02:00,69.1974551296961
2030,sc01,05-09 10:00:00+02:00,19.451708638572942
2030,sc01,05-09 11:00:00+02:00,9.687062810645738
2030,sc01,05-09 12:00:00+02:00,4.927837734534623
2030,sc01,05-09 13:00:00+02:00,0.8435907723103163
2030,sc01,05-09 14:00:00+02:00,8.036304001179884
2030,sc01,05-09 15:00:00+02:00,4.964425365323765
2030,sc01,05-09 16:00:00+02:00,2.541745481979785
2030,sc01,05-09 17:00:00+02:00,2.190378214798038
2030,sc01,05-09 18:00:00+02:00,35.15962823316713
2030,sc01,05-09 19:00:00+02:00,162.64228524424414
2030,sc01,05-09 20:00:00+02:00,178.34023088472142
2030,sc01,05-09 21:00:00+02:00,138.1475290965957
2030,sc01,05-09 22:00:00+02:00,86.88393396195112
2030,sc01,05-09 23:00:00+02:00,36.107087798680865
2030,sc01,05-10 00:00:00+02:00,4.219737929796475
2030,sc01,05-10 01:00:00+02:00,0.0
2030,sc01,05-10 02:00:00+02:00,0.0
2030,sc01,05-10 03:00:00+02:00,0.0
2030,sc01,05-10 04:00:00+02:00,0.0
2030,sc01,05-10 05:00:00+02:00,138.78459817268688
2030,sc01,05-10 06:00:00+02:00,340.82988653293626
2030,sc01,05-10 07:00:00+02:00,518.6633500082675
2030,sc01,05-10 08:00:00+02:00,284.97298065459154
2030,sc01,05-10 09:00:00+02:00,198.83060928311724
2030,sc01,05-10 10:00:00+02:00,128.39705341911483
2030,sc01,05-10 11:00:00+02:00,67.33377707425997
2030,sc01,05-10 12:00:00+02:00,62.81454667173296
2030,sc01,05-10 13:00:00+02:00,50.32687866128871
2030,sc01,05-10 14:00:00+02:00,36.216253218146065
2030,sc01,05-10 15:00:00+02:00,31.635258185587002
2030,sc01,05-10 16:00:00+02:00,29.12726883385663
2030,sc01,05-10 17:00:00+02:00,36.81325592395175
2030,sc01,05-10 18:00:00+02:00,65.05007165817331
2030,sc01,05-10 19:00:00+02:00,253.55664123789
2030,sc01,05-10 20:00:00+02:00,418.9250085067696
2030,sc01,05-10 21:00:00+02:00,381.2535300523572
2030,sc01,05-10 22:00:00+02:00,108.94586311948419
2030,sc01,05-10 23:00:00+02:00,17.497081038138834
2030,sc01,05-11 00:00:00+02:00,0.0
2030,sc01,05-11 01:00:00+02:00,0.0
2030,sc01,05-11 02:00:00+02:00,0.0
2030,sc01,05-11 03:00:00+02:00,0.0
2030,sc01,05-11 04:00:00+02:00,0.0
2030,sc01,05-11 05:00:00+02:00,0.0
2030,sc01,05-11 06:00:00+02:00,40.874317235411624
2030,sc01,05-11 07:00:00+02:00,67.38854020614478
2030,sc01,05-11 08:00:00+02:00,65.52828862167955
2030,sc01,05-11 09:00:00+02:00,58.431070696812284
2030,sc01,05-11 10:00:00+02:00,39.98318091724146
2030,sc01,05-11 11:00:00+02:00,22.908359919272623
2030,sc01,05-11 12:00:00+02:00,3.8230328178644717
2030,sc01,05-11 13:00:00+02:00,0.0
2030,sc01,05-11 14:00:00+02:00,0.0
2030,sc01,05-11 15:00:00+02:00,0.0
2030,sc01,05-11 16:00:00+02:00,0.0
2030,sc01,05-11 17:00:00+02:00,0.0
2030,sc01,05-11 18:00:00+02:00,0.0
2030,sc01,05-11 19:00:00+02:00,7.513917010447746
2030,sc01,05-11 20:00:00+02:00,0.0
2030,sc01,05-11 21:00:00+02:00,0.0
2030,sc01,05-11 22:00:00+02:00,0.0
2030,sc01,05-11 23:00:00+02:00,0.0
2030,sc01,05-12 00:00:00+02:00,0.0
2030,sc01,05-12 01:00:00+02:00,0.0
2030,sc01,05-12 02:00:00+02:00,0.0
2030,sc01,05-12 03:00:00+02:00,0.0
2030,sc01,05-12 04:00:00+02:00,0.0
2030,sc01,05-12 05:00:00+02:00,0.0
2030,sc01,05-12 06:00:00+02:00,0.0
2030,sc01,05-12 07:00:00+02:00,0.0
2030,sc01,05-12 08:00:00+02:00,0.0
2030,sc01,05-12 09:00:00+02:00,0.0
2030,sc01,05-12 10:00:00+02:00,0.0
2030,sc01,05-12 11:00:00+02:00,0.0
2030,sc01,05-12 12:00:00+02:00,0.0
2030,sc01,05-12 13:00:00+02:00,0.0
2030,sc01,05-12 14:00:00+02:00,0.0
2030,sc01,05-12 15:00:00+02:00,0.0
2030,sc01,05-12 16:00:00+02:00,0.0
2030,sc01,05-12 17:00:00+02:00,0.0
2030,sc01,05-12 18:00:00+02:00,0.0
2030,sc01,05-12 19:00:00+02:00,0.0
2030,sc01,05-12 20:00:00+02:00,0.0
2030,sc01,05-12 21:00:00+02:00,0.0
2030,sc01,05-12 22:00:00+02:00,0.0
2030,sc01,05-12 23:00:00+02:00,0.0
2030,sc01,05-13 00:00:00+02:00,0.0
2030,sc01,05-13 01:00:00+02:00,0.0
2030,sc01,05-13 02:00:00+02:00,0.0
2030,sc01,05-13 03:00:00+02:00,0.0
2030,sc01,05-13 04:00:00+02:00,0.0
2030,sc01,05-13 05:00:00+02:00,0.0
2030,sc01,05-13 06:00:00+02:00,143.98481912564438
2030,sc01,05-13 07:00:00+02:00,32.17406256817102
2030,sc01,05-13 08:00:00+02:00,35.96107507641909
2030,sc01,05-13 09:00:00+02:00,27.6772020969226
2030,sc01,05-13 10:00:00+02:00,61.363132640775774
2030,sc01,05-13 11:00:00+02:00,38.46298084913318
2030,sc01,05-13 12:00:00+02:00,27.112474109616933
2030,sc01,05-13 13:00:00+02:00,22.19189943272986
2030,sc01,05-13 14:00:00+02:00,19.904420170171093
2030,sc01,05-13 15:00:00+02:00,15.84491953352977
2030,sc01,05-13 16:00:00+02:00,13.98811082771647
2030,sc01,05-13 17:00:00+02:00,14.621012146024027
2030,sc01,05-13 18:00:00+02:00,121.0103489922944
2030,sc01,05-13 19:00:00+02:00,235.49769302088103
2030,sc01,05-13 20:00:00+02:00,214.98823721135437
2030,sc01,05-13 21:00:00+02:00,180.64309540193142
2030,sc01,05-13 22:00:00+02:00,85.29396143415909
2030,sc01,05-13 23:00:00+02:00,2.240269892362583
2030,sc01,05-14 00:00:00+02:00,0.0
2030,sc01,05-14 01:00:00+02:00,0.0
2030,sc01,05-14 02:00:00+02:00,0.0
2030,sc01,05-14 03:00:00+02:00,0.0
2030,sc01,05-14 04:00:00+02:00,0.0
2030,sc01,05-14 05:00:00+02:00,12.212013752685435
2030,sc01,05-14 06:00:00+02:00,369.12128027232427
2030,sc01,05-14 07:00:00+02:00,219.95137282000545
2030,sc01,05-14 08:00:00+02:00,117.13871712709188
2030,sc01,05-14 09:00:00+02:00,67.54628059029992
2030,sc01,05-14 10:00:00+02:00,29.728205934482947
2030,sc01,05-14 11:00:00+02:00,26.406827254308855
2030,sc01,05-14 12:00:00+02:00,24.23002369356368
2030,sc01,05-14 13:00:00+02:00,18.31045689470448
2030,sc01,05-14 14:00:00+02:00,16.679829660095024
2030,sc01,05-14 15:00:00+02:00,14.70091799479916
2030,sc01,05-14 16:00:00+02:00,12.340253803588904
2030,sc01,05-14 17:00:00+02:00,12.089046981648004
2030,sc01,05-14 18:00:00+02:00,40.25749366594757
2030,sc01,05-14 19:00:00+02:00,161.88687575931
2030,sc01,05-14 20:00:00+02:00,275.21177464748166
2030,sc01,05-14 21:00:00+02:00,232.62644555219958
2030,sc01,05-14 22:00:00+02:00,137.5168364594045
2030,sc01,05-14 23:00:00+02:00,43.97767449793376
2030,sc01,05-15 00:00:00+02:00,14.991651476913432
2030,sc01,05-15 01:00:00+02:00,2.2694640657123144
2030,sc01,05-15 02:00:00+02:00,4.0536171542050585
2030,sc01,05-15 03:00:00+02:00,12.601988769819112
2030,sc01,05-15 04:00:00+02:00,79.29557922248362
2030,sc01,05-15 05:00:00+02:00,281.3170363797503
2030,sc01,05-15 06:00:00+02:00,454.7960788235121
2030,sc01,05-15 07:00:00+02:00,322.1562922493669
2030,sc01,05-15 08:00:00+02:00,193.69050467415468
2030,sc01,05-15 09:00:00+02:00,158.0108808806173
2030,sc01,05-15 10:00:00+02:00,150.23222358806817
2030,sc01,05-15 11:00:00+02:00,136.78709073613786
2030,sc01,05-15 12:00:00+02:00,98.12109895263328
2030,sc01,05-15 13:00:00+02:00,65.69844197703537
2030,sc01,05-15 14:00:00+02:00,45.24663522605782
2030,sc01,05-15 15:00:00+02:00,37.08599414619392
2030,sc01,05-15 16:00:00+02:00,41.64336731576236
2030,sc01,05-15 17:00:00+02:00,37.970984239387406
2030,sc01,05-15 18:00:00+02:00,100.06776244706155
2030,sc01,05-15 19:00:00+02:00,223.02548978609235
2030,sc01,05-15 20:00:00+02:00,346.8504215684363
2030,sc01,05-15 21:00:00+02:00,305.35097119555326
2030,sc01,05-15 22:00:00+02:00,192.15824665136788
2030,sc01,05-15 23:00:00+02:00,98.27969372010436
2030,sc01,05-16 00:00:00+02:00,0.0
2030,sc01,05-16 01:00:00+02:00,0.0
2030,sc01,05-16 02:00:00+02:00,0.0
2030,sc01,05-16 03:00:00+02:00,0.0
2030,sc01,05-16 04:00:00+02:00,0.0
2030,sc01,05-16 05:00:00+02:00,29.110543730068002
2030,sc01,05-16 06:00:00+02:00,187.7840926143189
2030,sc01,05-16 07:00:00+02:00,86.5232584480711
2030,sc01,05-16 08:00:00+02:00,141.34926810255936
2030,sc01,05-16 09:00:00+02:00,66.13405773512986
2030,sc01,05-16 10:00:00+02:00,45.382989457282406
2030,sc01,05-16 11:00:00+02:00,23.3911031823872
2030,sc01,05-16 12:00:00+02:00,20.48465787955109
2030,sc01,05-16 13:00:00+02:00,14.43812234277022
2030,sc01,05-16 14:00:00+02:00,82.62148928122623
2030,sc01,05-16 15:00:00+02:00,70.46387617197324
2030,sc01,05-16 16:00:00+02:00,9.08786309227982
2030,sc01,05-16 17:00:00+02:00,7.780383602624501
2030,sc01,05-16 18:00:00+02:00,69.69513585475768
2030,sc01,05-16 19:00:00+02:00,234.53653067216752
2030,sc01,05-16 20:00:00+02:00,329.9072548580942
2030,sc01,05-16 21:00:00+02:00,275.96126021220044
2030,sc01,05-16 22:00:00+02:00,21.617300466120753
2030,sc01,05-16 23:00:00+02:00,0.0
2030,sc01,05-17 00:00:00+02:00,0.0
2030,sc01,05-17 01:00:00+02:00,0.0
2030,sc01,05-17 02:00:00+02:00,0.0
2030,sc01,05-17 03:00:00+02:00,0.0
2030,sc01,05-17 04:00:00+02:00,0.0
2030,sc01,05-17 05:00:00+02:00,20.406675176105228
2030,sc01,05-17 06:00:00+02:00,161.55844120038995
2030,sc01,05-17 07:00:00+02:00,308.77416685442984
2030,sc01,05-17 08:00:00+02:00,123.04889535867822
2030,sc01,05-17 09:00:00+02:00,67.85974434989495
2030,sc01,05-17 10:00:00+02:00,36.0541307094038
2030,sc01,05-17 11:00:00+02:00,22.98358716796293
2030,sc01,05-17 12:00:00+02:00,13.206719438028268
2030,sc01,05-17 13:00:00+02:00,3.6255521676331295
2030,sc01,05-17 14:00:00+02:00,0.0
2030,sc01,05-17 15:00:00+02:00,0.0
2030,sc01,05-17 16:00:00+02:00,0.0
2030,sc01,05-17 17:00:00+02:00,0.0
2030,sc01,05-17 18:00:00+02:00,0.0
2030,sc01,05-17 19:00:00+02:00,80.16703336127209
2030,sc01,05-17 20:00:00+02:00,184.45964145834023
2030,sc01,05-17 21:00:00+02:00,172.20490301080142
2030,sc01,05-17 22:00:00+02:00,22.258238636135193
2030,sc01,05-17 23:00:00+02:00,0.0
2030,sc01,05-18 00:00:00+02:00,0.0
2030,sc01,05-18 01:00:00+02:00,0.0
2030,sc01,05-18 02:00:00+02:00,0.0
2030,sc01,05-18 03:00:00+02:00,0.0
2030,sc01,05-18 04:00:00+02:00,0.0
2030,sc01,05-18 05:00:00+02:00,0.0
2030,sc01,05-18 06:00:00+02:00,0.0
2030,sc01,05-18 07:00:00+02:00,0.0
2030,sc01,05-18 08:00:00+02:00,0.0
2030,sc01,05-18 09:00:00+02:00,0.0
2030,sc01,05-18 10:00:00+02:00,0.0
2030,sc01,05-18 11:00:00+02:00,0.0
2030,sc01,05-18 12:00:00+02:00,0.0
2030,sc01,05-18 13:00:00+02:00,0.0
2030,sc01,05-18 14:00:00+02:00,0.0
2030,sc01,05-18 15:00:00+02:00,0.0
2030,sc01,05-18 16:00:00+02:00,0.0
2030,sc01,05-18 17:00:00+02:00,0.0
2030,sc01,05-18 18:00:00+02:00,0.0
2030,sc01,05-18 19:00:00+02:00,16.37934252842885
2030,sc01,05-18 20:00:00+02:00,111.40769910393738
2030,sc01,05-18 21:00:00+02:00,0.0
2030,sc01,05-18 22:00:00+02:00,0.0
2030,sc01,05-18 23:00:00+02:00,0.0
2030,sc01,05-19 00:00:00+02:00,0.0
2030,sc01,05-19 01:00:00+02:00,0.0
2030,sc01,05-19 02:00:00+02:00,0.0
2030,sc01,05-19 03:00:00+02:00,0.0
2030,sc01,05-19 04:00:00+02:00,0.0
2030,sc01,05-19 05:00:00+02:00,0.0
2030,sc01,05-19 06:00:00+02:00,0.0
2030,sc01,05-19 07:00:00+02:00,0.0
2030,sc01,05-19 08:00:00+02:00,0.0
2030,sc01,05-19 09:00:00+02:00,0.0
2030,sc01,05-19 10:00:00+02:00,0.0
2030,sc01,05-19 11:00:00+02:00,0.0
2030,sc01,05-19 12:00:00+02:00,0.0
2030,sc01,05-19 13:00:00+02:00,0.0
2030,sc01,05-19 14:00:00+02:00,0.0
2030,sc01,05-19 15:00:00+02:00,0.0
2030,sc01,05-19 16:00:00+02:00,0.0
2030,sc01,05-19 17:00:00+02:00,0.0
2030,sc01,05-19 18:00:00+02:00,0.0
2030,sc01,05-19 19:00:00+02:00,0.0
2030,sc01,05-19 20:00:00+02:00,0.0
2030,sc01,05-19 21:00:00+02:00,7.956379129190561
2030,sc01,05-19 22:00:00+02:00,0.0
2030,sc01,05-19 23:00:00+02:00,0.0
2030,sc01,05-20 00:00:00+02:00,0.0
2030,sc01,05-20 01:00:00+02:00,0.0
2030,sc01,05-20 02:00:00+02:00,0.0
2030,sc01,05-20 03:00:00+02:00,0.0
2030,sc01,05-20 04:00:00+02:00,0.0
2030,sc01,05-20 05:00:00+02:00,0.0
2030,sc01,05-20 06:00:00+02:00,171.14351091718623
2030,sc01,05-20 07:00:00+02:00,103.51573813080459
2030,sc01,05-20 08:00:00+02:00,23.985204300644792
2030,sc01,05-20 09:00:00+02:00,16.22420721388235
2030,sc01,05-20 10:00:00+02:00,12.039693773189425
2030,sc01,05-20 11:00:00+02:00,76.96297505409876
2030,sc01,05-20 12:00:00+02:00,49.55332876036463
2030,sc01,05-20 13:00:00+02:00,20.688912457554892
2030,sc01,05-20 14:00:00+02:00,5.876710629643828
2030,sc01,05-20 15:00:00+02:00,0.2851260075102116
2030,sc01,05-20 16:00:00+02:00,0.0
2030,sc01,05-20 17:00:00+02:00,0.0
2030,sc01,05-20 18:00:00+02:00,13.855471158205507
2030,sc01,05-20 19:00:00+02:00,243.09036799415986
2030,sc01,05-20 20:00:00+02:00,375.2197534406077
2030,sc01,05-20 21:00:00+02:00,200.40657326345635
2030,sc01,05-20 22:00:00+02:00,84.83804162068627
2030,sc01,05-20 23:00:00+02:00,27.087753730579326
2030,sc01,05-21 00:00:00+02:00,0.0
2030,sc01,05-21 01:00:00+02:00,0.0
2030,sc01,05-21 02:00:00+02:00,0.0
2030,sc01,05-21 03:00:00+02:00,0.0
2030,sc01,05-21 04:00:00+02:00,0.0
2030,sc01,05-21 05:00:00+02:00,0.0
2030,sc01,05-21 06:00:00+02:00,228.5587223251923
2030,sc01,05-21 07:00:00+02:00,188.09717640138635
2030,sc01,05-21 08:00:00+02:00,59.41976231891485
2030,sc01,05-21 09:00:00+02:00,54.94074684338493
2030,sc01,05-21 10:00:00+02:00,47.38257732452464
2030,sc01,05-21 11:00:00+02:00,42.82684890534069
2030,sc01,05-21 12:00:00+02:00,20.82500251909279
2030,sc01,05-21 13:00:00+02:00,16.463810194657228
2030,sc01,05-21 14:00:00+02:00,13.125980682406704
2030,sc01,05-21 15:00:00+02:00,7.464705502297388
2030,sc01,05-21 16:00:00+02:00,3.928062153852247
2030,sc01,05-21 17:00:00+02:00,4.975801032158823
2030,sc01,05-21 18:00:00+02:00,11.184812870492046
2030,sc01,05-21 19:00:00+02:00,19.858624828979593
2030,sc01,05-21 20:00:00+02:00,103.14278391190355
2030,sc01,05-21 21:00:00+02:00,63.539949427384194
2030,sc01,05-21 22:00:00+02:00,26.452643250463996
2030,sc01,05-21 23:00:00+02:00,0.0
2030,sc01,05-22 00:00:00+02:00,0.0
2030,sc01,05-22 01:00:00+02:00,0.0
2030,sc01,05-22 02:00:00+02:00,0.0
2030,sc01,05-22 03:00:00+02:00,0.0
2030,sc01,05-22 04:00:00+02:00,0.0
2030,sc01,05-22 05:00:00+02:00,0.0
2030,sc01,05-22 06:00:00+02:00,12.88265837749944
2030,sc01,05-22 07:00:00+02:00,53.85112756535601
2030,sc01,05-22 08:00:00+02:00,49.86709492504628
2030,sc01,05-22 09:00:00+02:00,46.39185432861009
2030,sc01,05-22 10:00:00+02:00,51.37399830919764
2030,sc01,05-22 11:00:00+02:00,53.136949232423
2030,sc01,05-22 12:00:00+02:00,124.12682745801104
2030,sc01,05-22 13:00:00+02:00,85.09609252783908
2030,sc01,05-22 14:00:00+02:00,32.83615846241036
2030,sc01,05-22 15:00:00+02:00,31.74199194659146
2030,sc01,05-22 16:00:00+02:00,26.824922451686778
2030,sc01,05-22 17:00:00+02:00,25.84035469450761
2030,sc01,05-22 18:00:00+02:00,36.82054634118267
2030,sc01,05-22 19:00:00+02:00,161.92677604502467
2030,sc01,05-22 20:00:00+02:00,313.1198051070994
2030,sc01,05-22 21:00:00+02:00,268.4818980429088
2030,sc01,05-22 22:00:00+02:00,151.54101853242776
2030,sc01,05-22 23:00:00+02:00,55.3005671306959
2030,sc01,05-23 00:00:00+02:00,0.0
2030,sc01,05-23 01:00:00+02:00,0.0
2030,sc01,05-23 02:00:00+02:00,0.0
2030,sc01,05-23 03:00:00+02:00,0.0
2030,sc01,05-23 04:00:00+02:00,17.4844729308698
2030,sc01,05-23 05:00:00+02:00,183.8644721907111
2030,sc01,05-23 06:00:00+02:00,319.16788467435106
2030,sc01,05-23 07:00:00+02:00,196.4067385146162
2030,sc01,05-23 08:00:00+02:00,94.47392162763143
2030,sc01,05-23 09:00:00+02:00,47.12208117368303
2030,sc01,05-23 10:00:00+02:00,53.31132504600221
2030,sc01,05-23 11:00:00+02:00,39.86901150774692
2030,sc01,05-23 12:00:00+02:00,32.846943100277706
2030,sc01,05-23 13:00:00+02:00,27.92073546257403
2030,sc01,05-23 14:00:00+02:00,25.2597963442686
2030,sc01,05-23 15:00:00+02:00,19.18663426205937
2030,sc01,05-23 16:00:00+02:00,19.384859401562544
2030,sc01,05-23 17:00:00+02:00,28.197457016032
2030,sc01,05-23 18:00:00+02:00,88.48819024469765
2030,sc01,05-23 19:00:00+02:00,264.2785124890908
2030,sc01,05-23 20:00:00+02:00,313.3543862542621
2030,sc01,05-23 21:00:00+02:00,270.8217417552882
2030,sc01,05-23 22:00:00+02:00,157.24019385100365
2030,sc01,05-23 23:00:00+02:00,70.58001849669233
2030,sc01,05-24 00:00:00+02:00,44.74556925421684
2030,sc01,05-24 01:00:00+02:00,6.2205395854639
2030,sc01,05-24 02:00:00+02:00,7.525816196705356
2030,sc01,05-24 03:00:00+02:00,4.679148700708327
2030,sc01,05-24 04:00:00+02:00,88.27630862053627
2030,sc01,05-24 05:00:00+02:00,289.12698878844014
2030,sc01,05-24 06:00:00+02:00,453.2052286727396
2030,sc01,05-24 07:00:00+02:00,424.89951665189926
2030,sc01,05-24 08:00:00+02:00,259.39291970459453
2030,sc01,05-24 09:00:00+02:00,193.89564333369077
2030,sc01,05-24 10:00:00+02:00,149.01029443958734
2030,sc01,05-24 11:00:00+02:00,102.56507030599799
2030,sc01,05-24 12:00:00+02:00,63.31171628867555
2030,sc01,05-24 13:00:00+02:00,40.04494998411353
2030,sc01,05-24 14:00:00+02:00,23.58768312829553
2030,sc01,05-24 15:00:00+02:00,4.973979695167225
2030,sc01,05-24 16:00:00+02:00,0.0
2030,sc01,05-24 17:00:00+02:00,0.8418822884340653
2030,sc01,05-24 18:00:00+02:00,9.079192385467877
2030,sc01,05-24 19:00:00+02:00,130.82996313005776
2030,sc01,05-24 20:00:00+02:00,231.4495638502204
2030,sc01,05-24 21:00:00+02:00,196.1125298665328
2030,sc01,05-24 22:00:00+02:00,99.95139535788515
2030,sc01,05-24 23:00:00+02:00,0.0
2030,sc01,05-25 00:00:00+02:00,0.0
2030,sc01,05-25 01:00:00+02:00,0.0
2030,sc01,05-25 02:00:00+02:00,0.0
2030,sc01,05-25 03:00:00+02:00,0.0
2030,sc01,05-25 04:00:00+02:00,0.0
2030,sc01,05-25 05:00:00+02:00,0.0
2030,sc01,05-25 06:00:00+02:00,31.979545361951537
2030,sc01,05-25 07:00:00+02:00,0.0
2030,sc01,05-25 08:00:00+02:00,0.0
2030,sc01,05-25 09:00:00+02:00,0.0
2030,sc01,05-25 10:00:00+02:00,0.0
2030,sc01,05-25 11:00:00+02:00,0.0
2030,sc01,05-25 12:00:00+02:00,0.0
2030,sc01,05-25 13:00:00+02:00,0.0
2030,sc01,05-25 14:00:00+02:00,0.0
2030,sc01,05-25 15:00:00+02:00,0.0
2030,sc01,05-25 16:00:00+02:00,0.0
2030,sc01,05-25 17:00:00+02:00,0.0
2030,sc01,05-25 18:00:00+02:00,0.0
2030,sc01,05-25 19:00:00+02:00,0.0
2030,sc01,05-25 20:00:00+02:00,28.039406445466845
2030,sc01,05-25 21:00:00+02:00,45.879687356675255
2030,sc01,05-25 22:00:00+02:00,0.0
2030,sc01,05-25 23:00:00+02:00,0.0
2030,sc01,05-26 00:00:00+02:00,0.0
2030,sc01,05-26 01:00:00+02:00,0.0
2030,sc01,05-26 02:00:00+02:00,0.0
2030,sc01,05-26 03:00:00+02:00,0.0
2030,sc01,05-26 04:00:00+02:00,0.0
2030,sc01,05-26 05:00:00+02:00,0.0
2030,sc01,05-26 06:00:00+02:00,0.0
2030,sc01,05-26 07:00:00+02:00,0.0
2030,sc01,05-26 08:00:00+02:00,0.0
2030,sc01,05-26 09:00:00+02:00,0.0
2030,sc01,05-26 10:00:00+02:00,0.0
2030,sc01,05-26 11:00:00+02:00,0.0
2030,sc01,05-26 12:00:00+02:00,0.0
2030,sc01,05-26 13:00:00+02:00,0.0
2030,sc01,05-26 14:00:00+02:00,0.0
2030,sc01,05-26 15:00:00+02:00,0.0
2030,sc01,05-26 16:00:00+02:00,0.0
2030,sc01,05-26 17:00:00+02:00,0.0
2030,sc01,05-26 18:00:00+02:00,0.0
2030,sc01,05-26 19:00:00+02:00,0.0
2030,sc01,05-26 20:00:00+02:00,6.710224510586813
2030,sc01,05-26 21:00:00+02:00,162.61355879209407
2030,sc01,05-26 22:00:00+02:00,73.0349563449352
2030,sc01,05-26 23:00:00+02:00,6.889580318197759
2030,sc01,05-27 00:00:00+02:00,0.0
2030,sc01,05-27 01:00:00+02:00,0.0
2030,sc01,05-27 02:00:00+02:00,0.0
2030,sc01,05-27 03:00:00+02:00,0.0
2030,sc01,05-27 04:00:00+02:00,0.0
2030,sc01,05-27 05:00:00+02:00,0.0
2030,sc01,05-27 06:00:00+02:00,247.2355311981519
2030,sc01,05-27 07:00:00+02:00,140.32224073944437
2030,sc01,05-27 08:00:00+02:00,51.252350940371635
2030,sc01,05-27 09:00:00+02:00,16.73086611557151
2030,sc01,05-27 10:00:00+02:00,14.265376170847754
2030,sc01,05-27 11:00:00+02:00,16.79633015363535
2030,sc01,05-27 12:00:00+02:00,14.202939332899396
2030,sc01,05-27 13:00:00+02:00,11.684515702080697
2030,sc01,05-27 14:00:00+02:00,6.70406058681046
2030,sc01,05-27 15:00:00+02:00,4.713798025521347
2030,sc01,05-27 16:00:00+02:00,3.2452975780034845
2030,sc01,05-27 17:00:00+02:00,2.3796627080282184
2030,sc01,05-27 18:00:00+02:00,126.4910173870889
2030,sc01,05-27 19:00:00+02:00,223.9636469774581
2030,sc01,05-27 20:00:00+02:00,336.98660169712514
2030,sc01,05-27 21:00:00+02:00,336.9300743306045
2030,sc01,05-27 22:00:00+02:00,233.52506425386738
2030,sc01,05-27 23:00:00+02:00,113.24621011874596
2030,sc01,05-28 00:00:00+02:00,0.0
2030,sc01,05-28 01:00:00+02:00,31.497834757427686
2030,sc01,05-28 02:00:00+02:00,0.0
2030,sc01,05-28 03:00:00+02:00,0.0
2030,sc01,05-28 04:00:00+02:00,0.0
2030,sc01,05-28 05:00:00+02:00,0.0
2030,sc01,05-28 06:00:00+02:00,303.49688504271
2030,sc01,05-28 07:00:00+02:00,191.27446577174362
2030,sc01,05-28 08:00:00+02:00,29.949037266003575
2030,sc01,05-28 09:00:00+02:00,34.46841877498449
2030,sc01,05-28 10:00:00+02:00,39.82172238402208
2030,sc01,05-28 11:00:00+02:00,40.010385629605985
2030,sc01,05-28 12:00:00+02:00,31.26205350184929
2030,sc01,05-28 13:00:00+02:00,20.88841131900634
2030,sc01,05-28 14:00:00+02:00,16.66547066446671
2030,sc01,05-28 15:00:00+02:00,9.414292466259335
2030,sc01,05-28 16:00:00+02:00,5.412005344845465
2030,sc01,05-28 17:00:00+02:00,1.1515699296695863
2030,sc01,05-28 18:00:00+02:00,0.0
2030,sc01,05-28 19:00:00+02:00,0.0
2030,sc01,05-28 20:00:00+02:00,39.34149076561269
2030,sc01,05-28 21:00:00+02:00,52.46679199066682
2030,sc01,05-28 22:00:00+02:00,57.47535888563172
2030,sc01,05-28 23:00:00+02:00,0.0
2030,sc01,05-29 00:00:00+02:00,0.0
2030,sc01,05-29 01:00:00+02:00,0.0
2030,sc01,05-29 02:00:00+02:00,0.0
2030,sc01,05-29 03:00:00+02:00,0.0
2030,sc01,05-29 04:00:00+02:00,0.0
2030,sc01,05-29 05:00:00+02:00,0.0
2030,sc01,05-29 06:00:00+02:00,86.33933908432874
2030,sc01,05-29 07:00:00+02:00,30.66968602995575
2030,sc01,05-29 08:00:00+02:00,65.59762896884514
2030,sc01,05-29 09:00:00+02:00,28.968925139422506
2030,sc01,05-29 10:00:00+02:00,27.52151167215135
2030,sc01,05-29 11:00:00+02:00,23.275956378051205
2030,sc01,05-29 12:00:00+02:00,62.055444857668654
2030,sc01,05-29 13:00:00+02:00,26.863483875910948
2030,sc01,05-29 14:00:00+02:00,8.77761808504093
2030,sc01,05-29 15:00:00+02:00,0.0
2030,sc01,05-29 16:00:00+02:00,0.0
2030,sc01,05-29 17:00:00+02:00,0.0
2030,sc01,05-29 18:00:00+02:00,0.0
2030,sc01,05-29 19:00:00+02:00,76.67647144485096
2030,sc01,05-29 20:00:00+02:00,171.1857472726719
2030,sc01,05-29 21:00:00+02:00,141.21943040077102
2030,sc01,05-29 22:00:00+02:00,30.34631733982566
2030,sc01,05-29 23:00:00+02:00,0.0
2030,sc01,05-30 00:00:00+02:00,0.0
2030,sc01,05-30 01:00:00+02:00,0.0
2030,sc01,05-30 02:00:00+02:00,0.0
2030,sc01,05-30 03:00:00+02:00,0.0
2030,sc01,05-30 04:00:00+02:00,0.0
2030,sc01,05-30 05:00:00+02:00,0.0
2030,sc01,05-30 06:00:00+02:00,27.67246298577334
2030,sc01,05-30 07:00:00+02:00,59.45698142982844
2030,sc01,05-30 08:00:00+02:00,45.70164129109545
2030,sc01,05-30 09:00:00+02:00,30.749054856763593
2030,sc01,05-30 10:00:00+02:00,27.325817481642705
2030,sc01,05-30 11:00:00+02:00,47.11706830642647
2030,sc01,05-30 12:00:00+02:00,36.73801715158908
2030,sc01,05-30 13:00:00+02:00,3.131643360494704
2030,sc01,05-30 14:00:00+02:00,0.39902560122402114
2030,sc01,05-30 15:00:00+02:00,0.0
2030,sc01,05-30 16:00:00+02:00,0.0
2030,sc01,05-30 17:00:00+02:00,1.4285886403463508
2030,sc01,05-30 18:00:00+02:00,6.235942947245445
2030,sc01,05-30 19:00:00+02:00,0.0
2030,sc01,05-30 20:00:00+02:00,2.042561533177891
2030,sc01,05-30 21:00:00+02:00,19.06802673995542
2030,sc01,05-30 22:00:00+02:00,0.0
2030,sc01,05-30 23:00:00+02:00,0.0
2030,sc01,05-31 00:00:00+02:00,0.0
2030,sc01,05-31 01:00:00+02:00,0.0
2030,sc01,05-31 02:00:00+02:00,0.0
2030,sc01,05-31 03:00:00+02:00,0.0
2030,sc01,05-31 04:00:00+02:00,0.0
2030,sc01,05-31 05:00:00+02:00,0.0
2030,sc01,05-31 06:00:00+02:00,9.946851497487454
2030,sc01,05-31 07:00:00+02:00,17.60517178937678
2030,sc01,05-31 08:00:00+02:00,23.565392501381353
2030,sc01,05-31 09:00:00+02:00,22.904495555082345
2030,sc01,05-31 10:00:00+02:00,18.84397364756516
2030,sc01,05-31 11:00:00+02:00,69.2898630971112
2030,sc01,05-31 12:00:00+02:00,33.33482946118032
2030,sc01,05-31 13:00:00+02:00,14.630591638534659
2030,sc01,05-31 14:00:00+02:00,6.16836621049543
2030,sc01,05-31 15:00:00+02:00,0.0
2030,sc01,05-31 16:00:00+02:00,0.0
2030,sc01,05-31 17:00:00+02:00,0.0
2030,sc01,05-31 18:00:00+02:00,42.049362606742505
2030,sc01,05-31 19:00:00+02:00,143.80859877089478
2030,sc01,05-31 20:00:00+02:00,291.54241392826543
2030,sc01,05-31 21:00:00+02:00,284.4772952935328
2030,sc01,05-31 22:00:00+02:00,83.52657552621525
2030,sc01,05-31 23:00:00+02:00,0.08419593973304804
2030,sc01,06-01 00:00:00+02:00,0.0
2030,sc01,06-01 01:00:00+02:00,0.0
2030,sc01,06-01 02:00:00+02:00,0.0
2030,sc01,06-01 03:00:00+02:00,0.0
2030,sc01,06-01 04:00:00+02:00,0.0
2030,sc01,06-01 05:00:00+02:00,0.0
2030,sc01,06-01 06:00:00+02:00,0.0
2030,sc01,06-01 07:00:00+02:00,11.293207566154388
2030,sc01,06-01 08:00:00+02:00,14.43566267230369
2030,sc01,06-01 09:00:00+02:00,3.5031801012892414
2030,sc01,06-01 10:00:00+02:00,0.0
2030,sc01,06-01 11:00:00+02:00,0.0
2030,sc01,06-01 12:00:00+02:00,0.0
2030,sc01,06-01 13:00:00+02:00,0.0
2030,sc01,06-01 14:00:00+02:00,0.0
2030,sc01,06-01 15:00:00+02:00,0.0
2030,sc01,06-01 16:00:00+02:00,0.0
2030,sc01,06-01 17:00:00+02:00,0.0
2030,sc01,06-01 18:00:00+02:00,0.0
2030,sc01,06-01 19:00:00+02:00,52.50104652585408
2030,sc01,06-01 20:00:00+02:00,184.14855033313546
2030,sc01,06-01 21:00:00+02:00,209.47169981575163
2030,sc01,06-01 22:00:00+02:00,134.31904463154106
2030,sc01,06-01 23:00:00+02:00,59.84415538641796
2030,sc01,06-02 00:00:00+02:00,9.470651370122235
2030,sc01,06-02 01:00:00+02:00,0.0
2030,sc01,06-02 02:00:00+02:00,0.0
2030,sc01,06-02 03:00:00+02:00,0.0
2030,sc01,06-02 04:00:00+02:00,0.0
2030,sc01,06-02 05:00:00+02:00,0.0
2030,sc01,06-02 06:00:00+02:00,0.0
2030,sc01,06-02 07:00:00+02:00,0.0
2030,sc01,06-02 08:00:00+02:00,0.0
2030,sc01,06-02 09:00:00+02:00,0.0
2030,sc01,06-02 10:00:00+02:00,0.0
2030,sc01,06-02 11:00:00+02:00,0.0
2030,sc01,06-02 12:00:00+02:00,0.0
2030,sc01,06-02 13:00:00+02:00,0.0
2030,sc01,06-02 14:00:00+02:00,0.0
2030,sc01,06-02 15:00:00+02:00,0.0
2030,sc01,06-02 16:00:00+02:00,0.0
2030,sc01,06-02 17:00:00+02:00,0.0
2030,sc01,06-02 18:00:00+02:00,0.0
2030,sc01,06-02 19:00:00+02:00,34.80265326482214
2030,sc01,06-02 20:00:00+02:00,120.75663610822409
2030,sc01,06-02 21:00:00+02:00,113.73510726719017
2030,sc01,06-02 22:00:00+02:00,0.0
2030,sc01,06-02 23:00:00+02:00,0.0
2030,sc01,06-03 00:00:00+02:00,0.0
2030,sc01,06-03 01:00:00+02:00,0.0
2030,sc01,06-03 02:00:00+02:00,0.0
2030,sc01,06-03 03:00:00+02:00,0.0
2030,sc01,06-03 04:00:00+02:00,0.0
2030,sc01,06-03 05:00:00+02:00,0.0
2030,sc01,06-03 06:00:00+02:00,158.31717862422715
2030,sc01,06-03 07:00:00+02:00,100.8613128403276
2030,sc01,06-03 08:00:00+02:00,176.30382053189973
2030,sc01,06-03 09:00:00+02:00,150.37564905325115
2030,sc01,06-03 10:00:00+02:00,162.66254291716214
2030,sc01,06-03 11:00:00+02:00,139.35602794905537
2030,sc01,06-03 12:00:00+02:00,24.367556604564086
2030,sc01,06-03 13:00:00+02:00,15.116441453879991
2030,sc01,06-03 14:00:00+02:00,13.166951033631648
2030,sc01,06-03 15:00:00+02:00,4.854384729725159
2030,sc01,06-03 16:00:00+02:00,0.5304720533157786
2030,sc01,06-03 17:00:00+02:00,0.0
2030,sc01,06-03 18:00:00+02:00,110.13193907287675
2030,sc01,06-03 19:00:00+02:00,182.65428056993866
2030,sc01,06-03 20:00:00+02:00,309.8228809598602
2030,sc01,06-03 21:00:00+02:00,335.8236822296387
2030,sc01,06-03 22:00:00+02:00,240.65214473416833
2030,sc01,06-03 23:00:00+02:00,0.0
2030,sc01,06-04 00:00:00+02:00,0.0
2030,sc01,06-04 01:00:00+02:00,0.0
2030,sc01,06-04 02:00:00+02:00,0.0
2030,sc01,06-04 03:00:00+02:00,0.0
2030,sc01,06-04 04:00:00+02:00,0.0
2030,sc01,06-04 05:00:00+02:00,104.5372480105178
2030,sc01,06-04 06:00:00+02:00,289.3771673990254
2030,sc01,06-04 07:00:00+02:00,126.98013453615758
2030,sc01,06-04 08:00:00+02:00,221.55779018815218
2030,sc01,06-04 09:00:00+02:00,185.20450382326138
2030,sc01,06-04 10:00:00+02:00,148.4256630683087
2030,sc01,06-04 11:00:00+02:00,120.66560953360217
2030,sc01,06-04 12:00:00+02:00,103.79186155639344
2030,sc01,06-04 13:00:00+02:00,203.41987312354442
2030,sc01,06-04 14:00:00+02:00,203.7521060181245
2030,sc01,06-04 15:00:00+02:00,243.18289203291474
2030,sc01,06-04 16:00:00+02:00,293.3674615232819
2030,sc01,06-04 17:00:00+02:00,294.92623749770917
2030,sc01,06-04 18:00:00+02:00,313.45159627767356
2030,sc01,06-04 19:00:00+02:00,378.3545452305129
2030,sc01,06-04 20:00:00+02:00,397.2631662067544
2030,sc01,06-04 21:00:00+02:00,289.4927541113595
2030,sc01,06-04 22:00:00+02:00,185.44830290204592
2030,sc01,06-04 23:00:00+02:00,0.0
2030,sc01,06-05 00:00:00+02:00,0.0
2030,sc01,06-05 01:00:00+02:00,0.0
2030,sc01,06-05 02:00:00+02:00,0.0
2030,sc01,06-05 03:00:00+02:00,0.0
2030,sc01,06-05 04:00:00+02:00,0.0
2030,sc01,06-05 05:00:00+02:00,0.0
2030,sc01,06-05 06:00:00+02:00,49.12871973841664
2030,sc01,06-05 07:00:00+02:00,167.88930195665804
2030,sc01,06-05 08:00:00+02:00,141.95005762782108
2030,sc01,06-05 09:00:00+02:00,110.74655156519559
2030,sc01,06-05 10:00:00+02:00,68.13230073745545
2030,sc01,06-05 11:00:00+02:00,287.05592719885766
2030,sc01,06-05 12:00:00+02:00,230.7765225861266
2030,sc01,06-05 13:00:00+02:00,210.5358618452429
2030,sc01,06-05 14:00:00+02:00,210.02329539337973
2030,sc01,06-05 15:00:00+02:00,206.29773578836276
2030,sc01,06-05 16:00:00+02:00,225.38477100109776
2030,sc01,06-05 17:00:00+02:00,227.7013326222967
2030,sc01,06-05 18:00:00+02:00,221.49130931268053
2030,sc01,06-05 19:00:00+02:00,250.47716540738236
2030,sc01,06-05 20:00:00+02:00,373.3287559453443
2030,sc01,06-05 21:00:00+02:00,331.137059222879
2030,sc01,06-05 22:00:00+02:00,189.19729738290482
2030,sc01,06-05 23:00:00+02:00,0.0
2030,sc01,06-06 00:00:00+02:00,0.0
2030,sc01,06-06 01:00:00+02:00,0.0
2030,sc01,06-06 02:00:00+02:00,0.0
2030,sc01,06-06 03:00:00+02:00,0.0
2030,sc01,06-06 04:00:00+02:00,0.0
2030,sc01,06-06 05:00:00+02:00,0.0
2030,sc01,06-06 06:00:00+02:00,191.2117219121278
2030,sc01,06-06 07:00:00+02:00,84.54843393966252
2030,sc01,06-06 08:00:00+02:00,35.84307610818064
2030,sc01,06-06 09:00:00+02:00,21.499691154007454
2030,sc01,06-06 10:00:00+02:00,19.415583101343096
2030,sc01,06-06 11:00:00+02:00,31.352969215561007
2030,sc01,06-06 12:00:00+02:00,9.455457173079736
2030,sc01,06-06 13:00:00+02:00,7.41739739258633
2030,sc01,06-06 14:00:00+02:00,6.252646496789485
2030,sc01,06-06 15:00:00+02:00,2.197360627587606
2030,sc01,06-06 16:00:00+02:00,6.7694508136077
2030,sc01,06-06 17:00:00+02:00,74.42676733917938
2030,sc01,06-06 18:00:00+02:00,113.5426145193835
2030,sc01,06-06 19:00:00+02:00,224.66970198095186
2030,sc01,06-06 20:00:00+02:00,341.76001744793143
2030,sc01,06-06 21:00:00+02:00,285.5742738717764
2030,sc01,06-06 22:00:00+02:00,196.17502607092203
2030,sc01,06-06 23:00:00+02:00,0.0
2030,sc01,06-07 00:00:00+02:00,0.0
2030,sc01,06-07 01:00:00+02:00,0.0
2030,sc01,06-07 02:00:00+02:00,0.0
2030,sc01,06-07 03:00:00+02:00,0.0
2030,sc01,06-07 04:00:00+02:00,0.0
2030,sc01,06-07 05:00:00+02:00,16.258459454158707
2030,sc01,06-07 06:00:00+02:00,184.87905147064964
2030,sc01,06-07 07:00:00+02:00,112.4250134602536
2030,sc01,06-07 08:00:00+02:00,90.42244519958703
2030,sc01,06-07 09:00:00+02:00,69.57510013150524
2030,sc01,06-07 10:00:00+02:00,283.12601232766934
2030,sc01,06-07 11:00:00+02:00,256.8721298048634
2030,sc01,06-07 12:00:00+02:00,243.98548699228263
2030,sc01,06-07 13:00:00+02:00,208.63825814163366
2030,sc01,06-07 14:00:00+02:00,216.98943842636558
2030,sc01,06-07 15:00:00+02:00,205.93984273686425
2030,sc01,06-07 16:00:00+02:00,192.85921226362103
2030,sc01,06-07 17:00:00+02:00,187.46326093929449
2030,sc01,06-07 18:00:00+02:00,191.32113740961594
2030,sc01,06-07 19:00:00+02:00,221.3885244513634
2030,sc01,06-07 20:00:00+02:00,325.8074474864016
2030,sc01,06-07 21:00:00+02:00,316.65932978420363
2030,sc01,06-07 22:00:00+02:00,169.34365522058764
2030,sc01,06-07 23:00:00+02:00,80.22654110649952
2030,sc01,06-08 00:00:00+02:00,0.0
2030,sc01,06-08 01:00:00+02:00,0.0
2030,sc01,06-08 02:00:00+02:00,0.0
2030,sc01,06-08 03:00:00+02:00,0.0
2030,sc01,06-08 04:00:00+02:00,0.0
2030,sc01,06-08 05:00:00+02:00,0.0
2030,sc01,06-08 06:00:00+02:00,0.0
2030,sc01,06-08 07:00:00+02:00,8.185937963447788
2030,sc01,06-08 08:00:00+02:00,9.776005650229143
2030,sc01,06-08 09:00:00+02:00,7.421963915749774
2030,sc01,06-08 10:00:00+02:00,4.768784845067152
2030,sc01,06-08 11:00:00+02:00,2.8795652552135818
2030,sc01,06-08 12:00:00+02:00,0.0
2030,sc01,06-08 13:00:00+02:00,0.0
2030,sc01,06-08 14:00:00+02:00,0.0
2030,sc01,06-08 15:00:00+02:00,0.0
2030,sc01,06-08 16:00:00+02:00,0.0
2030,sc01,06-08 17:00:00+02:00,0.0
2030,sc01,06-08 18:00:00+02:00,0.0
2030,sc01,06-08 19:00:00+02:00,0.0
2030,sc01,06-08 20:00:00+02:00,24.112138974697178
2030,sc01,06-08 21:00:00+02:00,19.34605795628404
2030,sc01,06-08 22:00:00+02:00,0.0
2030,sc01,06-08 23:00:00+02:00,0.0
2030,sc01,06-09 00:00:00+02:00,0.0
2030,sc01,06-09 01:00:00+02:00,0.0
2030,sc01,06-09 02:00:00+02:00,0.0
2030,sc01,06-09 03:00:00+02:00,0.0
2030,sc01,06-09 04:00:00+02:00,0.0
2030,sc01,06-09 05:00:00+02:00,0.0
2030,sc01,06-09 06:00:00+02:00,0.0
2030,sc01,06-09 07:00:00+02:00,0.0
2030,sc01,06-09 08:00:00+02:00,0.0
2030,sc01,06-09 09:00:00+02:00,0.0
2030,sc01,06-09 10:00:00+02:00,0.0
2030,sc01,06-09 11:00:00+02:00,0.0
2030,sc01,06-09 12:00:00+02:00,0.0
2030,sc01,06-09 13:00:00+02:00,0.0
2030,sc01,06-09 14:00:00+02:00,0.0
2030,sc01,06-09 15:00:00+02:00,0.0
2030,sc01,06-09 16:00:00+02:00,0.0
2030,sc01,06-09 17:00:00+02:00,0.0
2030,sc01,06-09 18:00:00+02:00,0.0
2030,sc01,06-09 19:00:00+02:00,0.0
2030,sc01,06-09 20:00:00+02:00,118.11434221194294
2030,sc01,06-09 21:00:00+02:00,122.70796401273095
2030,sc01,06-09 22:00:00+02:00,34.91581269646614
2030,sc01,06-09 23:00:00+02:00,0.0
2030,sc01,06-10 00:00:00+02:00,0.0
2030,sc01,06-10 01:00:00+02:00,0.0
2030,sc01,06-10 02:00:00+02:00,0.0
2030,sc01,06-10 03:00:00+02:00,0.0
2030,sc01,06-10 04:00:00+02:00,0.0
2030,sc01,06-10 05:00:00+02:00,0.0
2030,sc01,06-10 06:00:00+02:00,0.0
2030,sc01,06-10 07:00:00+02:00,2.705392052175667
2030,sc01,06-10 08:00:00+02:00,8.428099990932742
2030,sc01,06-10 09:00:00+02:00,27.863110383319412
2030,sc01,06-10 10:00:00+02:00,29.68610033861237
2030,sc01,06-10 11:00:00+02:00,40.86220847727026
2030,sc01,06-10 12:00:00+02:00,34.32136383131012
2030,sc01,06-10 13:00:00+02:00,31.972098575666923
2030,sc01,06-10 14:00:00+02:00,30.342880578761523
2030,sc01,06-10 15:00:00+02:00,36.080077399332104
2030,sc01,06-10 16:00:00+02:00,48.743463016899454
2030,sc01,06-10 17:00:00+02:00,48.70629460223583
2030,sc01,06-10 18:00:00+02:00,50.343796132487014
2030,sc01,06-10 19:00:00+02:00,97.06642731125326
2030,sc01,06-10 20:00:00+02:00,253.5846561624952
2030,sc01,06-10 21:00:00+02:00,140.50887263041147
2030,sc01,06-10 22:00:00+02:00,42.71260904546617
2030,sc01,06-10 23:00:00+02:00,0.0
2030,sc01,06-11 00:00:00+02:00,0.0
2030,sc01,06-11 01:00:00+02:00,0.0
2030,sc01,06-11 02:00:00+02:00,0.0
2030,sc01,06-11 03:00:00+02:00,0.0
2030,sc01,06-11 04:00:00+02:00,0.0
2030,sc01,06-11 05:00:00+02:00,0.0
2030,sc01,06-11 06:00:00+02:00,104.55674024493565
2030,sc01,06-11 07:00:00+02:00,64.37761638302926
2030,sc01,06-11 08:00:00+02:00,111.16250693332071
2030,sc01,06-11 09:00:00+02:00,89.30318798447036
2030,sc01,06-11 10:00:00+02:00,290.9354621598442
2030,sc01,06-11 11:00:00+02:00,255.21461390480866
2030,sc01,06-11 12:00:00+02:00,227.860048084433
2030,sc01,06-11 13:00:00+02:00,204.42611214395345
2030,sc01,06-11 14:00:00+02:00,188.1394983898125
2030,sc01,06-11 15:00:00+02:00,159.46976653503063
2030,sc01,06-11 16:00:00+02:00,177.8636143326746
2030,sc01,06-11 17:00:00+02:00,190.80025451141594
2030,sc01,06-11 18:00:00+02:00,212.58194208616115
2030,sc01,06-11 19:00:00+02:00,253.38451962198795
2030,sc01,06-11 20:00:00+02:00,69.92925053217314
2030,sc01,06-11 21:00:00+02:00,62.55950218256656
2030,sc01,06-11 22:00:00+02:00,15.652388386584146
2030,sc01,06-11 23:00:00+02:00,0.0
2030,sc01,06-12 00:00:00+02:00,0.0
2030,sc01,06-12 01:00:00+02:00,0.0
2030,sc01,06-12 02:00:00+02:00,0.0
2030,sc01,06-12 03:00:00+02:00,0.0
2030,sc01,06-12 04:00:00+02:00,0.0
2030,sc01,06-12 05:00:00+02:00,2.4089176267354837
2030,sc01,06-12 06:00:00+02:00,87.39113693005868
2030,sc01,06-12 07:00:00+02:00,88.33486764368236
2030,sc01,06-12 08:00:00+02:00,59.04011934395228
2030,sc01,06-12 09:00:00+02:00,50.88218785535783
2030,sc01,06-12 10:00:00+02:00,41.15822013787818
2030,sc01,06-12 11:00:00+02:00,39.073149630002625
2030,sc01,06-12 12:00:00+02:00,32.24164376337516
2030,sc01,06-12 13:00:00+02:00,27.474593648902932
2030,sc01,06-12 14:00:00+02:00,24.471024213012406
2030,sc01,06-12 15:00:00+02:00,19.94441905724228
2030,sc01,06-12 16:00:00+02:00,18.875870842323273
2030,sc01,06-12 17:00:00+02:00,107.34240079897367
2030,sc01,06-12 18:00:00+02:00,116.92236227143246
2030,sc01,06-12 19:00:00+02:00,35.70692419238581
2030,sc01,06-12 20:00:00+02:00,177.74952957863667
2030,sc01,06-12 21:00:00+02:00,68.86652874950134
2030,sc01,06-12 22:00:00+02:00,21.06939172252324
2030,sc01,06-12 23:00:00+02:00,0.0
2030,sc01,06-13 00:00:00+02:00,0.0
2030,sc01,06-13 01:00:00+02:00,0.0
2030,sc01,06-13 02:00:00+02:00,0.0
2030,sc01,06-13 03:00:00+02:00,0.0
2030,sc01,06-13 04:00:00+02:00,0.0
2030,sc01,06-13 05:00:00+02:00,0.1813818153200073
2030,sc01,06-13 06:00:00+02:00,88.03934710112077
2030,sc01,06-13 07:00:00+02:00,99.68824046345165
2030,sc01,06-13 08:00:00+02:00,61.95948210793865
2030,sc01,06-13 09:00:00+02:00,63.432497941087185
2030,sc01,06-13 10:00:00+02:00,43.161216692508816
2030,sc01,06-13 11:00:00+02:00,45.26477259068934
2030,sc01,06-13 12:00:00+02:00,60.358953543611555
2030,sc01,06-13 13:00:00+02:00,59.129194785898534
2030,sc01,06-13 14:00:00+02:00,45.1904317982215
2030,sc01,06-13 15:00:00+02:00,28.036094881579903
2030,sc01,06-13 16:00:00+02:00,33.17698257600164
2030,sc01,06-13 17:00:00+02:00,167.09166160840567
2030,sc01,06-13 18:00:00+02:00,58.708457831429506
2030,sc01,06-13 19:00:00+02:00,67.3638199827289
2030,sc01,06-13 20:00:00+02:00,168.25740831154843
2030,sc01,06-13 21:00:00+02:00,166.93743859453235
2030,sc01,06-13 22:00:00+02:00,59.31834778342715
2030,sc01,06-13 23:00:00+02:00,8.87198506532744
2030,sc01,06-14 00:00:00+02:00,0.0
2030,sc01,06-14 01:00:00+02:00,0.0
2030,sc01,06-14 02:00:00+02:00,0.0
2030,sc01,06-14 03:00:00+02:00,0.0
2030,sc01,06-14 04:00:00+02:00,0.0
2030,sc01,06-14 05:00:00+02:00,112.4556404267881
2030,sc01,06-14 06:00:00+02:00,265.323691015384
2030,sc01,06-14 07:00:00+02:00,224.94187336467363
2030,sc01,06-14 08:00:00+02:00,116.55069904812532
2030,sc01,06-14 09:00:00+02:00,214.2800888987932
2030,sc01,06-14 10:00:00+02:00,202.61536077160528
2030,sc01,06-14 11:00:00+02:00,192.67087459678467
2030,sc01,06-14 12:00:00+02:00,161.44551083236263
2030,sc01,06-14 13:00:00+02:00,139.35105564454815
2030,sc01,06-14 14:00:00+02:00,129.27834364167808
2030,sc01,06-14 15:00:00+02:00,124.80127335193373
2030,sc01,06-14 16:00:00+02:00,346.5391434781265
2030,sc01,06-14 17:00:00+02:00,134.75721026212105
2030,sc01,06-14 18:00:00+02:00,341.7612592328949
2030,sc01,06-14 19:00:00+02:00,360.6350761765703
2030,sc01,06-14 20:00:00+02:00,160.5130777160735
2030,sc01,06-14 21:00:00+02:00,145.70206166563983
2030,sc01,06-14 22:00:00+02:00,35.475246258484084
2030,sc01,06-14 23:00:00+02:00,0.0
2030,sc01,06-15 00:00:00+02:00,0.0
2030,sc01,06-15 01:00:00+02:00,0.0
2030,sc01,06-15 02:00:00+02:00,0.0
2030,sc01,06-15 03:00:00+02:00,0.0
2030,sc01,06-15 04:00:00+02:00,0.0
2030,sc01,06-15 05:00:00+02:00,0.0
2030,sc01,06-15 06:00:00+02:00,0.0
2030,sc01,06-15 07:00:00+02:00,19.169739900230113
2030,sc01,06-15 08:00:00+02:00,38.28634800400673
2030,sc01,06-15 09:00:00+02:00,20.69477223242289
2030,sc01,06-15 10:00:00+02:00,21.26406826785121
2030,sc01,06-15 11:00:00+02:00,19.736365324719113
2030,sc01,06-15 12:00:00+02:00,11.904531572769661
2030,sc01,06-15 13:00:00+02:00,1.0633020514857516
2030,sc01,06-15 14:00:00+02:00,0.0
2030,sc01,06-15 15:00:00+02:00,0.0
2030,sc01,06-15 16:00:00+02:00,0.0
2030,sc01,06-15 17:00:00+02:00,0.0
2030,sc01,06-15 18:00:00+02:00,4.9076755701186405
2030,sc01,06-15 19:00:00+02:00,4.958022819704049
2030,sc01,06-15 20:00:00+02:00,0.0
2030,sc01,06-15 21:00:00+02:00,0.0
2030,sc01,06-15 22:00:00+02:00,0.0
2030,sc01,06-15 23:00:00+02:00,0.0
2030,sc01,06-16 00:00:00+02:00,0.0
2030,sc01,06-16 01:00:00+02:00,0.0
2030,sc01,06-16 02:00:00+02:00,0.0
2030,sc01,06-16 03:00:00+02:00,0.0
2030,sc01,06-16 04:00:00+02:00,0.0
2030,sc01,06-16 05:00:00+02:00,0.0
2030,sc01,06-16 06:00:00+02:00,0.0
2030,sc01,06-16 07:00:00+02:00,0.0
2030,sc01,06-16 08:00:00+02:00,0.0
2030,sc01,06-16 09:00:00+02:00,0.0
2030,sc01,06-16 10:00:00+02:00,0.0
2030,sc01,06-16 11:00:00+02:00,0.0
2030,sc01,06-16 12:00:00+02:00,8.532093413899357
2030,sc01,06-16 13:00:00+02:00,0.0
2030,sc01,06-16 14:00:00+02:00,0.0
2030,sc01,06-16 15:00:00+02:00,0.0
2030,sc01,06-16 16:00:00+02:00,0.0
2030,sc01,06-16 17:00:00+02:00,0.0
2030,sc01,06-16 18:00:00+02:00,9.387429213732792
2030,sc01,06-16 19:00:00+02:00,71.72750931454922
2030,sc01,06-16 20:00:00+02:00,268.77538071872146
2030,sc01,06-16 21:00:00+02:00,16.4799374856519
2030,sc01,06-16 22:00:00+02:00,0.0
2030,sc01,06-16 23:00:00+02:00,0.0
2030,sc01,06-17 00:00:00+02:00,0.0
2030,sc01,06-17 01:00:00+02:00,0.0
2030,sc01,06-17 02:00:00+02:00,0.0
2030,sc01,06-17 03:00:00+02:00,0.0
2030,sc01,06-17 04:00:00+02:00,0.0
2030,sc01,06-17 05:00:00+02:00,0.0
2030,sc01,06-17 06:00:00+02:00,9.294098015231514
2030,sc01,06-17 07:00:00+02:00,30.74513656816229
2030,sc01,06-17 08:00:00+02:00,39.19715614506373
2030,sc01,06-17 09:00:00+02:00,46.87708364893372
2030,sc01,06-17 10:00:00+02:00,144.72885570133084
2030,sc01,06-17 11:00:00+02:00,129.73014895690537
2030,sc01,06-17 12:00:00+02:00,235.49895629835402
2030,sc01,06-17 13:00:00+02:00,175.26740207340842
2030,sc01,06-17 14:00:00+02:00,141.45499938096287
2030,sc01,06-17 15:00:00+02:00,124.05617298520289
2030,sc01,06-17 16:00:00+02:00,130.7860360501673
2030,sc01,06-17 17:00:00+02:00,135.98526813270465
2030,sc01,06-17 18:00:00+02:00,193.4750260119489
2030,sc01,06-17 19:00:00+02:00,299.1664328384687
2030,sc01,06-17 20:00:00+02:00,233.7093598722049
2030,sc01,06-17 21:00:00+02:00,205.06869725454337
2030,sc01,06-17 22:00:00+02:00,92.66222430375737
2030,sc01,06-17 23:00:00+02:00,0.0
2030,sc01,06-18 00:00:00+02:00,0.0
2030,sc01,06-18 01:00:00+02:00,0.0
2030,sc01,06-18 02:00:00+02:00,0.0
2030,sc01,06-18 03:00:00+02:00,0.0
2030,sc01,06-18 04:00:00+02:00,0.0
2030,sc01,06-18 05:00:00+02:00,0.0
2030,sc01,06-18 06:00:00+02:00,65.3336832951209
2030,sc01,06-18 07:00:00+02:00,88.94947810362464
2030,sc01,06-18 08:00:00+02:00,100.10001613956584
2030,sc01,06-18 09:00:00+02:00,105.12540079887674
2030,sc01,06-18 10:00:00+02:00,155.3437625294493
2030,sc01,06-18 11:00:00+02:00,432.55003043217954
2030,sc01,06-18 12:00:00+02:00,392.88547695462427
2030,sc01,06-18 13:00:00+02:00,356.98911569831205
2030,sc01,06-18 14:00:00+02:00,336.3762889936908
2030,sc01,06-18 15:00:00+02:00,329.8794926688174
2030,sc01,06-18 16:00:00+02:00,357.60687849482133
2030,sc01,06-18 17:00:00+02:00,394.7598502885515
2030,sc01,06-18 18:00:00+02:00,435.12077052072937
2030,sc01,06-18 19:00:00+02:00,510.617866546721
2030,sc01,06-18 20:00:00+02:00,582.5559187139364
2030,sc01,06-18 21:00:00+02:00,552.8544953335406
2030,sc01,06-18 22:00:00+02:00,427.367518762947
2030,sc01,06-18 23:00:00+02:00,188.37455452091484
2030,sc01,06-19 00:00:00+02:00,0.0
2030,sc01,06-19 01:00:00+02:00,0.0
2030,sc01,06-19 02:00:00+02:00,0.0
2030,sc01,06-19 03:00:00+02:00,0.0
2030,sc01,06-19 04:00:00+02:00,0.0
2030,sc01,06-19 05:00:00+02:00,0.0
2030,sc01,06-19 06:00:00+02:00,146.35756659052097
2030,sc01,06-19 07:00:00+02:00,157.26928691548846
2030,sc01,06-19 08:00:00+02:00,227.36100709687523
2030,sc01,06-19 09:00:00+02:00,186.5245002321543
2030,sc01,06-19 10:00:00+02:00,283.90052154236406
2030,sc01,06-19 11:00:00+02:00,262.3640818741401
2030,sc01,06-19 12:00:00+02:00,244.13886045316715
2030,sc01,06-19 13:00:00+02:00,223.02112078829003
2030,sc01,06-19 14:00:00+02:00,421.7335676052207
2030,sc01,06-19 15:00:00+02:00,408.1219707338463
2030,sc01,06-19 16:00:00+02:00,402.60599038949596
2030,sc01,06-19 17:00:00+02:00,405.97075182087957
2030,sc01,06-19 18:00:00+02:00,420.01140318464917
2030,sc01,06-19 19:00:00+02:00,473.2356464447505
2030,sc01,06-19 20:00:00+02:00,590.4964766106183
2030,sc01,06-19 21:00:00+02:00,530.9764119577644
2030,sc01,06-19 22:00:00+02:00,368.6356295193809
2030,sc01,06-19 23:00:00+02:00,250.10445558568168
2030,sc01,06-20 00:00:00+02:00,45.27245840667831
2030,sc01,06-20 01:00:00+02:00,0.0
2030,sc01,06-20 02:00:00+02:00,0.0
2030,sc01,06-20 03:00:00+02:00,0.0
2030,sc01,06-20 04:00:00+02:00,0.0
2030,sc01,06-20 05:00:00+02:00,0.0
2030,sc01,06-20 06:00:00+02:00,30.295510840160645
2030,sc01,06-20 07:00:00+02:00,61.17942374615866
2030,sc01,06-20 08:00:00+02:00,63.286173990216575
2030,sc01,06-20 09:00:00+02:00,37.182647271183484
2030,sc01,06-20 10:00:00+02:00,18.22436278824103
2030,sc01,06-20 11:00:00+02:00,37.61298759965957
2030,sc01,06-20 12:00:00+02:00,15.001825106196144
2030,sc01,06-20 13:00:00+02:00,142.9929713790986
2030,sc01,06-20 14:00:00+02:00,124.85973782159151
2030,sc01,06-20 15:00:00+02:00,24.677518427785536
2030,sc01,06-20 16:00:00+02:00,161.177727902255
2030,sc01,06-20 17:00:00+02:00,19.067677512139753
2030,sc01,06-20 18:00:00+02:00,220.85345692482235
2030,sc01,06-20 19:00:00+02:00,309.7454963958528
2030,sc01,06-20 20:00:00+02:00,457.2669813226676
2030,sc01,06-20 21:00:00+02:00,454.83263791181946
2030,sc01,06-20 22:00:00+02:00,314.7707915489319
2030,sc01,06-20 23:00:00+02:00,225.26901781132923
2030,sc01,06-21 00:00:00+02:00,151.82895199858473
2030,sc01,06-21 01:00:00+02:00,0.0
2030,sc01,06-21 02:00:00+02:00,0.0
2030,sc01,06-21 03:00:00+02:00,0.0
2030,sc01,06-21 04:00:00+02:00,0.0
2030,sc01,06-21 05:00:00+02:00,0.0
2030,sc01,06-21 06:00:00+02:00,64.9320810421625
2030,sc01,06-21 07:00:00+02:00,78.93705833597222
2030,sc01,06-21 08:00:00+02:00,86.47168721771973
2030,sc01,06-21 09:00:00+02:00,139.11416476676058
2030,sc01,06-21 10:00:00+02:00,139.4173762443283
2030,sc01,06-21 11:00:00+02:00,183.57463180892822
2030,sc01,06-21 12:00:00+02:00,133.1896616008104
2030,sc01,06-21 13:00:00+02:00,211.77925499695147
2030,sc01,06-21 14:00:00+02:00,177.38906988453473
2030,sc01,06-21 15:00:00+02:00,160.7591233327248
2030,sc01,06-21 16:00:00+02:00,180.4691201144369
2030,sc01,06-21 17:00:00+02:00,174.46645358939534
2030,sc01,06-21 18:00:00+02:00,199.43132199012715
2030,sc01,06-21 19:00:00+02:00,252.06982596622646
2030,sc01,06-21 20:00:00+02:00,370.1615797016318
2030,sc01,06-21 21:00:00+02:00,350.83797902608114
2030,sc01,06-21 22:00:00+02:00,214.3194448143255
2030,sc01,06-21 23:00:00+02:00,0.0
2030,sc01,06-22 00:00:00+02:00,0.0
2030,sc01,06-22 01:00:00+02:00,0.0
2030,sc01,06-22 02:00:00+02:00,0.0
2030,sc01,06-22 03:00:00+02:00,0.0
2030,sc01,06-22 04:00:00+02:00,0.0
2030,sc01,06-22 05:00:00+02:00,0.0
2030,sc01,06-22 06:00:00+02:00,0.0
2030,sc01,06-22 07:00:00+02:00,0.0
2030,sc01,06-22 08:00:00+02:00,0.0
2030,sc01,06-22 09:00:00+02:00,0.0
2030,sc01,06-22 10:00:00+02:00,0.0
2030,sc01,06-22 11:00:00+02:00,0.0
2030,sc01,06-22 12:00:00+02:00,0.0
2030,sc01,06-22 13:00:00+02:00,0.0
2030,sc01,06-22 14:00:00+02:00,0.0
2030,sc01,06-22 15:00:00+02:00,0.0
2030,sc01,06-22 16:00:00+02:00,0.0
2030,sc01,06-22 17:00:00+02:00,0.0
2030,sc01,06-22 18:00:00+02:00,0.0
2030,sc01,06-22 19:00:00+02:00,0.0
2030,sc01,06-22 20:00:00+02:00,115.40099810319981
2030,sc01,06-22 21:00:00+02:00,141.95685655827225
2030,sc01,06-22 22:00:00+02:00,83.74267983064462
2030,sc01,06-22 23:00:00+02:00,0.0
2030,sc01,06-23 00:00:00+02:00,0.0
2030,sc01,06-23 01:00:00+02:00,0.0
2030,sc01,06-23 02:00:00+02:00,0.0
2030,sc01,06-23 03:00:00+02:00,0.0
2030,sc01,06-23 04:00:00+02:00,0.0
2030,sc01,06-23 05:00:00+02:00,0.0
2030,sc01,06-23 06:00:00+02:00,0.0
2030,sc01,06-23 07:00:00+02:00,0.0
2030,sc01,06-23 08:00:00+02:00,0.0
2030,sc01,06-23 09:00:00+02:00,0.0
2030,sc01,06-23 10:00:00+02:00,0.0
2030,sc01,06-23 11:00:00+02:00,0.0
2030,sc01,06-23 12:00:00+02:00,0.0
2030,sc01,06-23 13:00:00+02:00,0.0
2030,sc01,06-23 14:00:00+02:00,0.0
2030,sc01,06-23 15:00:00+02:00,0.0
2030,sc01,06-23 16:00:00+02:00,0.0
2030,sc01,06-23 17:00:00+02:00,0.0
2030,sc01,06-23 18:00:00+02:00,26.689459135631722
2030,sc01,06-23 19:00:00+02:00,164.63099929632224
2030,sc01,06-23 20:00:00+02:00,241.7085792085911
2030,sc01,06-23 21:00:00+02:00,212.03462207920194
2030,sc01,06-23 22:00:00+02:00,167.04607295163044
2030,sc01,06-23 23:00:00+02:00,0.0
2030,sc01,06-24 00:00:00+02:00,0.0
2030,sc01,06-24 01:00:00+02:00,0.0
2030,sc01,06-24 02:00:00+02:00,0.0
2030,sc01,06-24 03:00:00+02:00,0.0
2030,sc01,06-24 04:00:00+02:00,0.0
2030,sc01,06-24 05:00:00+02:00,0.0
2030,sc01,06-24 06:00:00+02:00,9.31678253015962
2030,sc01,06-24 07:00:00+02:00,184.6994504586342
2030,sc01,06-24 08:00:00+02:00,55.5116907969088
2030,sc01,06-24 09:00:00+02:00,43.68055074077012
2030,sc01,06-24 10:00:00+02:00,41.33147739379449
2030,sc01,06-24 11:00:00+02:00,172.04808561468334
2030,sc01,06-24 12:00:00+02:00,151.34827000071272
2030,sc01,06-24 13:00:00+02:00,119.33279585168664
2030,sc01,06-24 14:00:00+02:00,151.61052663819743
2030,sc01,06-24 15:00:00+02:00,198.30376670277573
2030,sc01,06-24 16:00:00+02:00,188.0490710457607
2030,sc01,06-24 17:00:00+02:00,160.0308545719808
2030,sc01,06-24 18:00:00+02:00,179.71461296848807
2030,sc01,06-24 19:00:00+02:00,249.17366393990417
2030,sc01,06-24 20:00:00+02:00,334.3308507252076
2030,sc01,06-24 21:00:00+02:00,288.3228951561361
2030,sc01,06-24 22:00:00+02:00,174.61846856353426
2030,sc01,06-24 23:00:00+02:00,89.8161120661073
2030,sc01,06-25 00:00:00+02:00,0.0
2030,sc01,06-25 01:00:00+02:00,0.0
2030,sc01,06-25 02:00:00+02:00,0.0
2030,sc01,06-25 03:00:00+02:00,0.0
2030,sc01,06-25 04:00:00+02:00,0.0
2030,sc01,06-25 05:00:00+02:00,0.0
2030,sc01,06-25 06:00:00+02:00,84.07899864254931
2030,sc01,06-25 07:00:00+02:00,95.87180418856133
2030,sc01,06-25 08:00:00+02:00,35.250868030227814
2030,sc01,06-25 09:00:00+02:00,31.4938768577877
2030,sc01,06-25 10:00:00+02:00,105.89436886806352
2030,sc01,06-25 11:00:00+02:00,113.87435415420902
2030,sc01,06-25 12:00:00+02:00,118.52387776770749
2030,sc01,06-25 13:00:00+02:00,93.77448300729318
2030,sc01,06-25 14:00:00+02:00,84.93383827204701
2030,sc01,06-25 15:00:00+02:00,102.8442691270864
2030,sc01,06-25 16:00:00+02:00,137.79175354867147
2030,sc01,06-25 17:00:00+02:00,351.3701878935475
2030,sc01,06-25 18:00:00+02:00,366.72374548181784
2030,sc01,06-25 19:00:00+02:00,282.76878814600934
2030,sc01,06-25 20:00:00+02:00,382.6487236361808
2030,sc01,06-25 21:00:00+02:00,364.69574500171484
2030,sc01,06-25 22:00:00+02:00,232.80971563130907
2030,sc01,06-25 23:00:00+02:00,123.92041962187584
2030,sc01,06-26 00:00:00+02:00,74.1145530526964
2030,sc01,06-26 01:00:00+02:00,0.0
2030,sc01,06-26 02:00:00+02:00,0.0
2030,sc01,06-26 03:00:00+02:00,0.0
2030,sc01,06-26 04:00:00+02:00,0.0
2030,sc01,06-26 05:00:00+02:00,0.0
2030,sc01,06-26 06:00:00+02:00,72.29540711838217
2030,sc01,06-26 07:00:00+02:00,58.69502890250731
2030,sc01,06-26 08:00:00+02:00,65.3228899601811
2030,sc01,06-26 09:00:00+02:00,69.84715460723848
2030,sc01,06-26 10:00:00+02:00,69.7012902421498
2030,sc01,06-26 11:00:00+02:00,136.84761856755168
2030,sc01,06-26 12:00:00+02:00,79.25780716247074
2030,sc01,06-26 13:00:00+02:00,46.327513761075316
2030,sc01,06-26 14:00:00+02:00,35.44797161955912
2030,sc01,06-26 15:00:00+02:00,29.265113192183875
2030,sc01,06-26 16:00:00+02:00,26.952494970880526
2030,sc01,06-26 17:00:00+02:00,71.9531726942312
2030,sc01,06-26 18:00:00+02:00,97.90885129778565
2030,sc01,06-26 19:00:00+02:00,178.50140983620537
2030,sc01,06-26 20:00:00+02:00,116.39125986398834
2030,sc01,06-26 21:00:00+02:00,118.19668554085689
2030,sc01,06-26 22:00:00+02:00,37.8158225289414
2030,sc01,06-26 23:00:00+02:00,0.0
2030,sc01,06-27 00:00:00+02:00,0.0
2030,sc01,06-27 01:00:00+02:00,0.0
2030,sc01,06-27 02:00:00+02:00,0.0
2030,sc01,06-27 03:00:00+02:00,0.0
2030,sc01,06-27 04:00:00+02:00,0.0
2030,sc01,06-27 05:00:00+02:00,0.0
2030,sc01,06-27 06:00:00+02:00,17.308638926740507
2030,sc01,06-27 07:00:00+02:00,96.88519728012842
2030,sc01,06-27 08:00:00+02:00,18.809777952310522
2030,sc01,06-27 09:00:00+02:00,21.58703867390576
2030,sc01,06-27 10:00:00+02:00,24.723905142268734
2030,sc01,06-27 11:00:00+02:00,27.573042200654882
2030,sc01,06-27 12:00:00+02:00,25.94099131749392
2030,sc01,06-27 13:00:00+02:00,21.676600906087778
2030,sc01,06-27 14:00:00+02:00,19.334435671144135
2030,sc01,06-27 15:00:00+02:00,15.666385177456128
2030,sc01,06-27 16:00:00+02:00,12.076627476821216
2030,sc01,06-27 17:00:00+02:00,57.540103231673264
2030,sc01,06-27 18:00:00+02:00,73.81916189866523
2030,sc01,06-27 19:00:00+02:00,187.28559525228437
2030,sc01,06-27 20:00:00+02:00,368.8830774455997
2030,sc01,06-27 21:00:00+02:00,374.66163063589175
2030,sc01,06-27 22:00:00+02:00,150.60867876723972
2030,sc01,06-27 23:00:00+02:00,56.147643736914624
2030,sc01,06-28 00:00:00+02:00,1.1863358117139475
2030,sc01,06-28 01:00:00+02:00,0.0
2030,sc01,06-28 02:00:00+02:00,0.0
2030,sc01,06-28 03:00:00+02:00,0.0
2030,sc01,06-28 04:00:00+02:00,0.0
2030,sc01,06-28 05:00:00+02:00,15.338040810759995
2030,sc01,06-28 06:00:00+02:00,109.62690738720288
2030,sc01,06-28 07:00:00+02:00,24.085234602058783
2030,sc01,06-28 08:00:00+02:00,13.171483444358763
2030,sc01,06-28 09:00:00+02:00,14.678737814902963
2030,sc01,06-28 10:00:00+02:00,16.37334948165991
2030,sc01,06-28 11:00:00+02:00,29.15756006642009
2030,sc01,06-28 12:00:00+02:00,19.53034836306601
2030,sc01,06-28 13:00:00+02:00,13.755292250084013
2030,sc01,06-28 14:00:00+02:00,10.709833563383318
2030,sc01,06-28 15:00:00+02:00,8.042853923780825
2030,sc01,06-28 16:00:00+02:00,5.02888777699378
2030,sc01,06-28 17:00:00+02:00,58.59957479866372
2030,sc01,06-28 18:00:00+02:00,77.97295840635033
2030,sc01,06-28 19:00:00+02:00,163.65759060619834
2030,sc01,06-28 20:00:00+02:00,308.4716251738389
2030,sc01,06-28 21:00:00+02:00,290.7201014603703
2030,sc01,06-28 22:00:00+02:00,197.8058087744251
2030,sc01,06-28 23:00:00+02:00,8.831841847424942
2030,sc01,06-29 00:00:00+02:00,0.0
2030,sc01,06-29 01:00:00+02:00,0.0
2030,sc01,06-29 02:00:00+02:00,0.0
2030,sc01,06-29 03:00:00+02:00,0.0
2030,sc01,06-29 04:00:00+02:00,0.0
2030,sc01,06-29 05:00:00+02:00,0.0
2030,sc01,06-29 06:00:00+02:00,0.0
2030,sc01,06-29 07:00:00+02:00,2.413562888000441
2030,sc01,06-29 08:00:00+02:00,0.0
2030,sc01,06-29 09:00:00+02:00,0.0
2030,sc01,06-29 10:00:00+02:00,0.0
2030,sc01,06-29 11:00:00+02:00,0.0
2030,sc01,06-29 12:00:00+02:00,0.0
2030,sc01,06-29 13:00:00+02:00,0.0
2030,sc01,06-29 14:00:00+02:00,0.0
2030,sc01,06-29 15:00:00+02:00,0.0
2030,sc01,06-29 16:00:00+02:00,0.0
2030,sc01,06-29 17:00:00+02:00,0.0
2030,sc01,06-29 18:00:00+02:00,0.0
2030,sc01,06-29 19:00:00+02:00,0.0
2030,sc01,06-29 20:00:00+02:00,18.425742225290954
2030,sc01,06-29 21:00:00+02:00,49.346848714400664
2030,sc01,06-29 22:00:00+02:00,24.71166530357649
2030,sc01,06-29 23:00:00+02:00,0.0
2030,sc01,06-30 00:00:00+02:00,0.0
2030,sc01,06-30 01:00:00+02:00,0.0
2030,sc01,06-30 02:00:00+02:00,0.0
2030,sc01,06-30 03:00:00+02:00,0.0
2030,sc01,06-30 04:00:00+02:00,0.0
2030,sc01,06-30 05:00:00+02:00,0.0
2030,sc01,06-30 06:00:00+02:00,0.0
2030,sc01,06-30 07:00:00+02:00,0.0
2030,sc01,06-30 08:00:00+02:00,0.0
2030,sc01,06-30 09:00:00+02:00,0.0
2030,sc01,06-30 10:00:00+02:00,0.0
2030,sc01,06-30 11:00:00+02:00,0.0
2030,sc01,06-30 12:00:00+02:00,0.0
2030,sc01,06-30 13:00:00+02:00,0.0
2030,sc01,06-30 14:00:00+02:00,0.0
2030,sc01,06-30 15:00:00+02:00,0.0
2030,sc01,06-30 16:00:00+02:00,0.0
2030,sc01,06-30 17:00:00+02:00,0.0
2030,sc01,06-30 18:00:00+02:00,0.0
2030,sc01,06-30 19:00:00+02:00,0.0
2030,sc01,06-30 20:00:00+02:00,39.20789584811013
2030,sc01,06-30 21:00:00+02:00,81.50665547958052
2030,sc01,06-30 22:00:00+02:00,38.34068068431569
2030,sc01,06-30 23:00:00+02:00,0.0
2030,sc01,07-01 00:00:00+02:00,0.0
2030,sc01,07-01 01:00:00+02:00,0.0
2030,sc01,07-01 02:00:00+02:00,0.0
2030,sc01,07-01 03:00:00+02:00,0.0
2030,sc01,07-01 04:00:00+02:00,0.0
2030,sc01,07-01 05:00:00+02:00,0.0
2030,sc01,07-01 06:00:00+02:00,16.938330756400745
2030,sc01,07-01 07:00:00+02:00,27.858302900855524
2030,sc01,07-01 08:00:00+02:00,18.547844582613855
2030,sc01,07-01 09:00:00+02:00,21.733527660258105
2030,sc01,07-01 10:00:00+02:00,25.967024119452482
2030,sc01,07-01 11:00:00+02:00,29.742194475733722
2030,sc01,07-01 12:00:00+02:00,27.348442469795323
2030,sc01,07-01 13:00:00+02:00,22.061902171036817
2030,sc01,07-01 14:00:00+02:00,19.704199984245303
2030,sc01,07-01 15:00:00+02:00,16.984294250965327
2030,sc01,07-01 16:00:00+02:00,13.533387562992273
2030,sc01,07-01 17:00:00+02:00,23.44923775124534
2030,sc01,07-01 18:00:00+02:00,21.266483562409757
2030,sc01,07-01 19:00:00+02:00,71.0585956881111
2030,sc01,07-01 20:00:00+02:00,216.99223973097762
2030,sc01,07-01 21:00:00+02:00,238.61694102784136
2030,sc01,07-01 22:00:00+02:00,30.265670323305553
2030,sc01,07-01 23:00:00+02:00,0.0
2030,sc01,07-02 00:00:00+02:00,0.0
2030,sc01,07-02 01:00:00+02:00,0.0
2030,sc01,07-02 02:00:00+02:00,0.0
2030,sc01,07-02 03:00:00+02:00,0.0
2030,sc01,07-02 04:00:00+02:00,0.0
2030,sc01,07-02 05:00:00+02:00,0.0
2030,sc01,07-02 06:00:00+02:00,2.5832012406972
2030,sc01,07-02 07:00:00+02:00,13.777441186931803
2030,sc01,07-02 08:00:00+02:00,19.053147171722543
2030,sc01,07-02 09:00:00+02:00,21.219790860448363
2030,sc01,07-02 10:00:00+02:00,38.23808184551484
2030,sc01,07-02 11:00:00+02:00,39.512926050530055
2030,sc01,07-02 12:00:00+02:00,38.26413866690824
2030,sc01,07-02 13:00:00+02:00,33.6479342914093
2030,sc01,07-02 14:00:00+02:00,30.5950060547908
2030,sc01,07-02 15:00:00+02:00,25.006194499130434
2030,sc01,07-02 16:00:00+02:00,21.666338914537683
2030,sc01,07-02 17:00:00+02:00,19.395026785076794
2030,sc01,07-02 18:00:00+02:00,21.958528275863817
2030,sc01,07-02 19:00:00+02:00,11.292803756512509
2030,sc01,07-02 20:00:00+02:00,91.8844951423966
2030,sc01,07-02 21:00:00+02:00,111.46529683290983
2030,sc01,07-02 22:00:00+02:00,35.626749595730836
2030,sc01,07-02 23:00:00+02:00,0.0
2030,sc01,07-03 00:00:00+02:00,0.0
2030,sc01,07-03 01:00:00+02:00,0.0
2030,sc01,07-03 02:00:00+02:00,0.0
2030,sc01,07-03 03:00:00+02:00,0.0
2030,sc01,07-03 04:00:00+02:00,0.0
2030,sc01,07-03 05:00:00+02:00,0.8539147173472257
2030,sc01,07-03 06:00:00+02:00,47.59415700125561
2030,sc01,07-03 07:00:00+02:00,48.88069500846941
2030,sc01,07-03 08:00:00+02:00,51.93778168945095
2030,sc01,07-03 09:00:00+02:00,43.5998330401392
2030,sc01,07-03 10:00:00+02:00,38.89487959833714
2030,sc01,07-03 11:00:00+02:00,38.00322952900901
2030,sc01,07-03 12:00:00+02:00,67.94158087217062
2030,sc01,07-03 13:00:00+02:00,39.230090356305936
2030,sc01,07-03 14:00:00+02:00,30.06588430452769
2030,sc01,07-03 15:00:00+02:00,26.45556496057064
2030,sc01,07-03 16:00:00+02:00,25.914732341291383
2030,sc01,07-03 17:00:00+02:00,25.804201971181808
2030,sc01,07-03 18:00:00+02:00,77.69445266918348
2030,sc01,07-03 19:00:00+02:00,41.40687586548695
2030,sc01,07-03 20:00:00+02:00,175.76657129710924
2030,sc01,07-03 21:00:00+02:00,56.373992705936146
2030,sc01,07-03 22:00:00+02:00,21.10374104699899
2030,sc01,07-03 23:00:00+02:00,0.0
2030,sc01,07-04 00:00:00+02:00,0.0
2030,sc01,07-04 01:00:00+02:00,0.0
2030,sc01,07-04 02:00:00+02:00,0.0
2030,sc01,07-04 03:00:00+02:00,0.0
2030,sc01,07-04 04:00:00+02:00,0.0
2030,sc01,07-04 05:00:00+02:00,0.034252782563431484
2030,sc01,07-04 06:00:00+02:00,40.51326680321224
2030,sc01,07-04 07:00:00+02:00,25.447056523576595
2030,sc01,07-04 08:00:00+02:00,13.469989528777967
2030,sc01,07-04 09:00:00+02:00,14.585308198487319
2030,sc01,07-04 10:00:00+02:00,16.74640081531856
2030,sc01,07-04 11:00:00+02:00,19.878720191466602
2030,sc01,07-04 12:00:00+02:00,17.80166394074913
2030,sc01,07-04 13:00:00+02:00,73.6022959263529
2030,sc01,07-04 14:00:00+02:00,48.47278758588975
2030,sc01,07-04 15:00:00+02:00,44.73855155800434
2030,sc01,07-04 16:00:00+02:00,41.41460473649978
2030,sc01,07-04 17:00:00+02:00,0.0
2030,sc01,07-04 18:00:00+02:00,93.35622684194043
2030,sc01,07-04 19:00:00+02:00,174.5777299723536
2030,sc01,07-04 20:00:00+02:00,329.51578746582703
2030,sc01,07-04 21:00:00+02:00,221.77513556443856
2030,sc01,07-04 22:00:00+02:00,142.39600519708225
2030,sc01,07-04 23:00:00+02:00,9.783620831477126
2030,sc01,07-05 00:00:00+02:00,0.0
2030,sc01,07-05 01:00:00+02:00,0.0
2030,sc01,07-05 02:00:00+02:00,0.0
2030,sc01,07-05 03:00:00+02:00,0.0
2030,sc01,07-05 04:00:00+02:00,0.0
2030,sc01,07-05 05:00:00+02:00,0.0
2030,sc01,07-05 06:00:00+02:00,12.059383258969376
2030,sc01,07-05 07:00:00+02:00,9.17944578053138
2030,sc01,07-05 08:00:00+02:00,9.684612138738771
2030,sc01,07-05 09:00:00+02:00,12.060036712150644
2030,sc01,07-05 10:00:00+02:00,30.682865325638954
2030,sc01,07-05 11:00:00+02:00,31.84364456802759
2030,sc01,07-05 12:00:00+02:00,28.849147063472348
2030,sc01,07-05 13:00:00+02:00,53.21872751167152
2030,sc01,07-05 14:00:00+02:00,28.774265247042965
2030,sc01,07-05 15:00:00+02:00,28.32143563586648
2030,sc01,07-05 16:00:00+02:00,0.0
2030,sc01,07-05 17:00:00+02:00,48.65829796075384
2030,sc01,07-05 18:00:00+02:00,91.25955736129663
2030,sc01,07-05 19:00:00+02:00,187.35857461344926
2030,sc01,07-05 20:00:00+02:00,376.7671837582074
2030,sc01,07-05 21:00:00+02:00,437.89639384663946
2030,sc01,07-05 22:00:00+02:00,243.78672987813619
2030,sc01,07-05 23:00:00+02:00,14.402109102648472
2030,sc01,07-06 00:00:00+02:00,0.0
2030,sc01,07-06 01:00:00+02:00,0.0
2030,sc01,07-06 02:00:00+02:00,0.0
2030,sc01,07-06 03:00:00+02:00,0.0
2030,sc01,07-06 04:00:00+02:00,0.0
2030,sc01,07-06 05:00:00+02:00,0.0
2030,sc01,07-06 06:00:00+02:00,0.0
2030,sc01,07-06 07:00:00+02:00,0.0
2030,sc01,07-06 08:00:00+02:00,0.0
2030,sc01,07-06 09:00:00+02:00,0.0
2030,sc01,07-06 10:00:00+02:00,0.0
2030,sc01,07-06 11:00:00+02:00,5.579244888635252
2030,sc01,07-06 12:00:00+02:00,0.9830376262430964
2030,sc01,07-06 13:00:00+02:00,0.0
2030,sc01,07-06 14:00:00+02:00,0.0
2030,sc01,07-06 15:00:00+02:00,0.0
2030,sc01,07-06 16:00:00+02:00,0.0
2030,sc01,07-06 17:00:00+02:00,0.0
2030,sc01,07-06 18:00:00+02:00,0.0
2030,sc01,07-06 19:00:00+02:00,0.0
2030,sc01,07-06 20:00:00+02:00,153.56550877264533
2030,sc01,07-06 21:00:00+02:00,191.4958732703517
2030,sc01,07-06 22:00:00+02:00,130.20432315884432
2030,sc01,07-06 23:00:00+02:00,0.0
2030,sc01,07-07 00:00:00+02:00,0.0
2030,sc01,07-07 01:00:00+02:00,0.0
2030,sc01,07-07 02:00:00+02:00,0.0
2030,sc01,07-07 03:00:00+02:00,0.0
2030,sc01,07-07 04:00:00+02:00,0.0
2030,sc01,07-07 05:00:00+02:00,0.0
2030,sc01,07-07 06:00:00+02:00,0.0
2030,sc01,07-07 07:00:00+02:00,0.0
2030,sc01,07-07 08:00:00+02:00,0.0
2030,sc01,07-07 09:00:00+02:00,0.0
2030,sc01,07-07 10:00:00+02:00,0.0
2030,sc01,07-07 11:00:00+02:00,0.0
2030,sc01,07-07 12:00:00+02:00,0.0
2030,sc01,07-07 13:00:00+02:00,0.0
2030,sc01,07-07 14:00:00+02:00,0.0
2030,sc01,07-07 15:00:00+02:00,0.0
2030,sc01,07-07 16:00:00+02:00,0.0
2030,sc01,07-07 17:00:00+02:00,0.0
2030,sc01,07-07 18:00:00+02:00,0.0
2030,sc01,07-07 19:00:00+02:00,0.0
2030,sc01,07-07 20:00:00+02:00,167.37215437669238
2030,sc01,07-07 21:00:00+02:00,229.99870979731426
2030,sc01,07-07 22:00:00+02:00,169.77095307814892
2030,sc01,07-07 23:00:00+02:00,78.17324044600315
2030,sc01,07-08 00:00:00+02:00,0.0
2030,sc01,07-08 01:00:00+02:00,0.0
2030,sc01,07-08 02:00:00+02:00,0.0
2030,sc01,07-08 03:00:00+02:00,0.0
2030,sc01,07-08 04:00:00+02:00,0.0
2030,sc01,07-08 05:00:00+02:00,0.0
2030,sc01,07-08 06:00:00+02:00,11.37429712651111
2030,sc01,07-08 07:00:00+02:00,12.477468710236487
2030,sc01,07-08 08:00:00+02:00,28.739435119039594
2030,sc01,07-08 09:00:00+02:00,28.67925503103602
2030,sc01,07-08 10:00:00+02:00,29.8302379342715
2030,sc01,07-08 11:00:00+02:00,32.144647534965486
2030,sc01,07-08 12:00:00+02:00,144.57528090327952
2030,sc01,07-08 13:00:00+02:00,103.58892166090894
2030,sc01,07-08 14:00:00+02:00,86.91758825995501
2030,sc01,07-08 15:00:00+02:00,72.43371421181162
2030,sc01,07-08 16:00:00+02:00,96.05137934936506
2030,sc01,07-08 17:00:00+02:00,101.09459259553806
2030,sc01,07-08 18:00:00+02:00,152.30387809258207
2030,sc01,07-08 19:00:00+02:00,262.9065760836499
2030,sc01,07-08 20:00:00+02:00,432.775668618395
2030,sc01,07-08 21:00:00+02:00,419.2085034027725
2030,sc01,07-08 22:00:00+02:00,320.6219716766764
2030,sc01,07-08 23:00:00+02:00,18.358728858672364
2030,sc01,07-09 00:00:00+02:00,0.0
2030,sc01,07-09 01:00:00+02:00,0.0
2030,sc01,07-09 02:00:00+02:00,0.0
2030,sc01,07-09 03:00:00+02:00,0.0
2030,sc01,07-09 04:00:00+02:00,0.0
2030,sc01,07-09 05:00:00+02:00,1.2119526076869507
2030,sc01,07-09 06:00:00+02:00,49.59257216826066
2030,sc01,07-09 07:00:00+02:00,42.18685491523232
2030,sc01,07-09 08:00:00+02:00,38.6074887858773
2030,sc01,07-09 09:00:00+02:00,37.90258760844452
2030,sc01,07-09 10:00:00+02:00,36.63279487497535
2030,sc01,07-09 11:00:00+02:00,29.728119483688896
2030,sc01,07-09 12:00:00+02:00,24.483720188780183
2030,sc01,07-09 13:00:00+02:00,27.170728775505754
2030,sc01,07-09 14:00:00+02:00,138.77830269590012
2030,sc01,07-09 15:00:00+02:00,123.60785418637697
2030,sc01,07-09 16:00:00+02:00,125.9084294707124
2030,sc01,07-09 17:00:00+02:00,118.22781201288795
2030,sc01,07-09 18:00:00+02:00,161.84762121452835
2030,sc01,07-09 19:00:00+02:00,271.76260388973753
2030,sc01,07-09 20:00:00+02:00,439.46835816858214
2030,sc01,07-09 21:00:00+02:00,233.12752693268368
2030,sc01,07-09 22:00:00+02:00,145.108034158143
2030,sc01,07-09 23:00:00+02:00,14.951946674705368
2030,sc01,07-10 00:00:00+02:00,0.0
2030,sc01,07-10 01:00:00+02:00,0.0
2030,sc01,07-10 02:00:00+02:00,0.0
2030,sc01,07-10 03:00:00+02:00,0.0
2030,sc01,07-10 04:00:00+02:00,0.0
2030,sc01,07-10 05:00:00+02:00,0.0
2030,sc01,07-10 06:00:00+02:00,30.305930454372383
2030,sc01,07-10 07:00:00+02:00,18.574339148662858
2030,sc01,07-10 08:00:00+02:00,22.334314918659384
2030,sc01,07-10 09:00:00+02:00,46.792858547134365
2030,sc01,07-10 10:00:00+02:00,46.19756084192792
2030,sc01,07-10 11:00:00+02:00,39.68132620552112
2030,sc01,07-10 12:00:00+02:00,29.72098853827865
2030,sc01,07-10 13:00:00+02:00,217.9955405147316
2030,sc01,07-10 14:00:00+02:00,165.38676961429132
2030,sc01,07-10 15:00:00+02:00,156.866405256113
2030,sc01,07-10 16:00:00+02:00,158.5293855043816
2030,sc01,07-10 17:00:00+02:00,191.83878491724647
2030,sc01,07-10 18:00:00+02:00,235.24972905967067
2030,sc01,07-10 19:00:00+02:00,318.51303064173953
2030,sc01,07-10 20:00:00+02:00,464.6815384120975
2030,sc01,07-10 21:00:00+02:00,472.32555768872453
2030,sc01,07-10 22:00:00+02:00,378.3635241588362
2030,sc01,07-10 23:00:00+02:00,110.0991368254326
2030,sc01,07-11 00:00:00+02:00,0.0
2030,sc01,07-11 01:00:00+02:00,0.0
2030,sc01,07-11 02:00:00+02:00,0.0
2030,sc01,07-11 03:00:00+02:00,0.0
2030,sc01,07-11 04:00:00+02:00,0.0
2030,sc01,07-11 05:00:00+02:00,24.9531733942581
2030,sc01,07-11 06:00:00+02:00,67.70610843312214
2030,sc01,07-11 07:00:00+02:00,18.410503726453427
2030,sc01,07-11 08:00:00+02:00,16.417143757944608
2030,sc01,07-11 09:00:00+02:00,40.01417633390145
2030,sc01,07-11 10:00:00+02:00,38.674648938323884
2030,sc01,07-11 11:00:00+02:00,135.4168515000762
2030,sc01,07-11 12:00:00+02:00,102.6468187549616
2030,sc01,07-11 13:00:00+02:00,295.67726527215694
2030,sc01,07-11 14:00:00+02:00,263.09582423447273
2030,sc01,07-11 15:00:00+02:00,226.49833419644725
2030,sc01,07-11 16:00:00+02:00,249.94150752985504
2030,sc01,07-11 17:00:00+02:00,295.0518138284538
2030,sc01,07-11 18:00:00+02:00,360.1093713022691
2030,sc01,07-11 19:00:00+02:00,463.0261973650048
2030,sc01,07-11 20:00:00+02:00,636.7016066943586
2030,sc01,07-11 21:00:00+02:00,606.7891671004655
2030,sc01,07-11 22:00:00+02:00,370.3941477844835
2030,sc01,07-11 23:00:00+02:00,97.57869158095974
2030,sc01,07-12 00:00:00+02:00,27.133274746590274
2030,sc01,07-12 01:00:00+02:00,0.9529238841565486
2030,sc01,07-12 02:00:00+02:00,0.0
2030,sc01,07-12 03:00:00+02:00,0.0
2030,sc01,07-12 04:00:00+02:00,7.121685399277926
2030,sc01,07-12 05:00:00+02:00,69.33469791258197
2030,sc01,07-12 06:00:00+02:00,199.1171027873913
2030,sc01,07-12 07:00:00+02:00,180.35960631762254
2030,sc01,07-12 08:00:00+02:00,99.92369756395443
2030,sc01,07-12 09:00:00+02:00,103.1069719869118
2030,sc01,07-12 10:00:00+02:00,208.1203976634636
2030,sc01,07-12 11:00:00+02:00,169.9903522908488
2030,sc01,07-12 12:00:00+02:00,222.16952596467223
2030,sc01,07-12 13:00:00+02:00,351.01968607207857
2030,sc01,07-12 14:00:00+02:00,314.64784504969975
2030,sc01,07-12 15:00:00+02:00,291.31930206674707
2030,sc01,07-12 16:00:00+02:00,274.06124312676457
2030,sc01,07-12 17:00:00+02:00,272.44640829943455
2030,sc01,07-12 18:00:00+02:00,350.8516353648225
2030,sc01,07-12 19:00:00+02:00,562.6078647808379
2030,sc01,07-12 20:00:00+02:00,628.9240111939204
2030,sc01,07-12 21:00:00+02:00,567.1055688701097
2030,sc01,07-12 22:00:00+02:00,451.7212841397207
2030,sc01,07-12 23:00:00+02:00,261.8015432213873
2030,sc01,07-13 00:00:00+02:00,30.733734491210647
2030,sc01,07-13 01:00:00+02:00,3.992895539011854
2030,sc01,07-13 02:00:00+02:00,0.0
2030,sc01,07-13 03:00:00+02:00,0.0
2030,sc01,07-13 04:00:00+02:00,0.0
2030,sc01,07-13 05:00:00+02:00,0.0
2030,sc01,07-13 06:00:00+02:00,0.0
2030,sc01,07-13 07:00:00+02:00,0.899229653528262
2030,sc01,07-13 08:00:00+02:00,9.317451568860337
2030,sc01,07-13 09:00:00+02:00,41.97162125585252
2030,sc01,07-13 10:00:00+02:00,26.07656247249807
2030,sc01,07-13 11:00:00+02:00,11.789108801266252
2030,sc01,07-13 12:00:00+02:00,0.0
2030,sc01,07-13 13:00:00+02:00,0.0
2030,sc01,07-13 14:00:00+02:00,0.0
2030,sc01,07-13 15:00:00+02:00,0.0
2030,sc01,07-13 16:00:00+02:00,0.0
2030,sc01,07-13 17:00:00+02:00,0.0
2030,sc01,07-13 18:00:00+02:00,0.0
2030,sc01,07-13 19:00:00+02:00,95.61532788200552
2030,sc01,07-13 20:00:00+02:00,244.25555751411954
2030,sc01,07-13 21:00:00+02:00,229.63091161240942
2030,sc01,07-13 22:00:00+02:00,157.55530149011102
2030,sc01,07-13 23:00:00+02:00,0.0
2030,sc01,07-14 00:00:00+02:00,0.0
2030,sc01,07-14 01:00:00+02:00,0.0
2030,sc01,07-14 02:00:00+02:00,0.0
2030,sc01,07-14 03:00:00+02:00,0.0
2030,sc01,07-14 04:00:00+02:00,0.0
2030,sc01,07-14 05:00:00+02:00,0.0
2030,sc01,07-14 06:00:00+02:00,0.0
2030,sc01,07-14 07:00:00+02:00,0.0
2030,sc01,07-14 08:00:00+02:00,0.0
2030,sc01,07-14 09:00:00+02:00,0.0
2030,sc01,07-14 10:00:00+02:00,0.0
2030,sc01,07-14 11:00:00+02:00,0.0
2030,sc01,07-14 12:00:00+02:00,0.0
2030,sc01,07-14 13:00:00+02:00,0.0
2030,sc01,07-14 14:00:00+02:00,0.0
2030,sc01,07-14 15:00:00+02:00,0.0
2030,sc01,07-14 16:00:00+02:00,0.0
2030,sc01,07-14 17:00:00+02:00,0.0
2030,sc01,07-14 18:00:00+02:00,0.0
2030,sc01,07-14 19:00:00+02:00,23.032710389536387
2030,sc01,07-14 20:00:00+02:00,192.2743001340571
2030,sc01,07-14 21:00:00+02:00,226.7531277973016
2030,sc01,07-14 22:00:00+02:00,0.0
2030,sc01,07-14 23:00:00+02:00,0.0
2030,sc01,07-15 00:00:00+02:00,0.0
2030,sc01,07-15 01:00:00+02:00,0.0
2030,sc01,07-15 02:00:00+02:00,0.0
2030,sc01,07-15 03:00:00+02:00,0.0
2030,sc01,07-15 04:00:00+02:00,0.0
2030,sc01,07-15 05:00:00+02:00,0.0
2030,sc01,07-15 06:00:00+02:00,13.926864677488844
2030,sc01,07-15 07:00:00+02:00,43.54413626641275
2030,sc01,07-15 08:00:00+02:00,85.83393598503571
2030,sc01,07-15 09:00:00+02:00,77.04027990010944
2030,sc01,07-15 10:00:00+02:00,73.82626515215779
2030,sc01,07-15 11:00:00+02:00,63.00686259286863
2030,sc01,07-15 12:00:00+02:00,49.46039947059744
2030,sc01,07-15 13:00:00+02:00,149.69112618636024
2030,sc01,07-15 14:00:00+02:00,90.89824628378946
2030,sc01,07-15 15:00:00+02:00,64.91733596222663
2030,sc01,07-15 16:00:00+02:00,62.43030122722698
2030,sc01,07-15 17:00:00+02:00,98.3245432389159
2030,sc01,07-15 18:00:00+02:00,136.37679943510273
2030,sc01,07-15 19:00:00+02:00,225.21745281206466
2030,sc01,07-15 20:00:00+02:00,377.1194831742918
2030,sc01,07-15 21:00:00+02:00,358.48205109743185
2030,sc01,07-15 22:00:00+02:00,245.93501129456308
2030,sc01,07-15 23:00:00+02:00,133.99268916402406
2030,sc01,07-16 00:00:00+02:00,0.0
2030,sc01,07-16 01:00:00+02:00,0.0
2030,sc01,07-16 02:00:00+02:00,0.0
2030,sc01,07-16 03:00:00+02:00,0.0
2030,sc01,07-16 04:00:00+02:00,0.0
2030,sc01,07-16 05:00:00+02:00,0.0
2030,sc01,07-16 06:00:00+02:00,16.202489271581832
2030,sc01,07-16 07:00:00+02:00,6.699089397221378
2030,sc01,07-16 08:00:00+02:00,7.488778177544025
2030,sc01,07-16 09:00:00+02:00,8.046570733778992
2030,sc01,07-16 10:00:00+02:00,10.592638699968091
2030,sc01,07-16 11:00:00+02:00,191.86859199855422
2030,sc01,07-16 12:00:00+02:00,160.35867932431776
2030,sc01,07-16 13:00:00+02:00,129.35658373062165
2030,sc01,07-16 14:00:00+02:00,105.14388647614052
2030,sc01,07-16 15:00:00+02:00,81.01373808264484
2030,sc01,07-16 16:00:00+02:00,75.8830812985418
2030,sc01,07-16 17:00:00+02:00,83.40290206726951
2030,sc01,07-16 18:00:00+02:00,137.2326705119965
2030,sc01,07-16 19:00:00+02:00,248.95530098660595
2030,sc01,07-16 20:00:00+02:00,400.99634755135344
2030,sc01,07-16 21:00:00+02:00,407.8544693109216
2030,sc01,07-16 22:00:00+02:00,152.2068419503035
2030,sc01,07-16 23:00:00+02:00,9.037858392975187
2030,sc01,07-17 00:00:00+02:00,0.0
2030,sc01,07-17 01:00:00+02:00,0.0
2030,sc01,07-17 02:00:00+02:00,0.0
2030,sc01,07-17 03:00:00+02:00,0.0
2030,sc01,07-17 04:00:00+02:00,0.0
2030,sc01,07-17 05:00:00+02:00,19.813030023511146
2030,sc01,07-17 06:00:00+02:00,142.6108833065591
2030,sc01,07-17 07:00:00+02:00,135.62389444619575
2030,sc01,07-17 08:00:00+02:00,8.571246072672324
2030,sc01,07-17 09:00:00+02:00,9.41379225773166
2030,sc01,07-17 10:00:00+02:00,11.434856203010424
2030,sc01,07-17 11:00:00+02:00,11.471414573743916
2030,sc01,07-17 12:00:00+02:00,38.259269400825076
2030,sc01,07-17 13:00:00+02:00,15.128343381486122
2030,sc01,07-17 14:00:00+02:00,181.91172028224494
2030,sc01,07-17 15:00:00+02:00,162.87989053966388
2030,sc01,07-17 16:00:00+02:00,175.96712336842194
2030,sc01,07-17 17:00:00+02:00,217.63399059475157
2030,sc01,07-17 18:00:00+02:00,259.6648517377099
2030,sc01,07-17 19:00:00+02:00,369.971432688919
2030,sc01,07-17 20:00:00+02:00,531.5180505179987
2030,sc01,07-17 21:00:00+02:00,514.9559815825525
2030,sc01,07-17 22:00:00+02:00,397.1724061910514
2030,sc01,07-17 23:00:00+02:00,116.34328557192515
2030,sc01,07-18 00:00:00+02:00,0.0
2030,sc01,07-18 01:00:00+02:00,0.0
2030,sc01,07-18 02:00:00+02:00,0.0
2030,sc01,07-18 03:00:00+02:00,0.0
2030,sc01,07-18 04:00:00+02:00,3.1510730475209625
2030,sc01,07-18 05:00:00+02:00,144.5941890614415
2030,sc01,07-18 06:00:00+02:00,268.3068629616107
2030,sc01,07-18 07:00:00+02:00,217.84320123871788
2030,sc01,07-18 08:00:00+02:00,126.830302420342
2030,sc01,07-18 09:00:00+02:00,85.6357576664068
2030,sc01,07-18 10:00:00+02:00,90.24512396815724
2030,sc01,07-18 11:00:00+02:00,177.69776455488937
2030,sc01,07-18 12:00:00+02:00,138.95151101404912
2030,sc01,07-18 13:00:00+02:00,100.68451861448918
2030,sc01,07-18 14:00:00+02:00,57.089214379840364
2030,sc01,07-18 15:00:00+02:00,40.82792526809568
2030,sc01,07-18 16:00:00+02:00,28.424442897618082
2030,sc01,07-18 17:00:00+02:00,55.12103385859881
2030,sc01,07-18 18:00:00+02:00,104.55544807839367
2030,sc01,07-18 19:00:00+02:00,202.1237516519452
2030,sc01,07-18 20:00:00+02:00,509.2194418050965
2030,sc01,07-18 21:00:00+02:00,444.79597355245824
2030,sc01,07-18 22:00:00+02:00,329.36065558802653
2030,sc01,07-18 23:00:00+02:00,236.34744214631175
2030,sc01,07-19 00:00:00+02:00,78.30556644785901
2030,sc01,07-19 01:00:00+02:00,0.0
2030,sc01,07-19 02:00:00+02:00,0.0
2030,sc01,07-19 03:00:00+02:00,0.0
2030,sc01,07-19 04:00:00+02:00,0.0
2030,sc01,07-19 05:00:00+02:00,136.64150448572514
2030,sc01,07-19 06:00:00+02:00,273.367628854426
2030,sc01,07-19 07:00:00+02:00,220.4844742156446
2030,sc01,07-19 08:00:00+02:00,132.031308331991
2030,sc01,07-19 09:00:00+02:00,126.7122388642761
2030,sc01,07-19 10:00:00+02:00,123.29040075107403
2030,sc01,07-19 11:00:00+02:00,244.77286226163994
2030,sc01,07-19 12:00:00+02:00,341.24641325935613
2030,sc01,07-19 13:00:00+02:00,291.41988066940297
2030,sc01,07-19 14:00:00+02:00,273.3492113305777
2030,sc01,07-19 15:00:00+02:00,242.64918765140715
2030,sc01,07-19 16:00:00+02:00,262.76878825753255
2030,sc01,07-19 17:00:00+02:00,315.59969155719585
2030,sc01,07-19 18:00:00+02:00,368.165093650317
2030,sc01,07-19 19:00:00+02:00,469.609231753834
2030,sc01,07-19 20:00:00+02:00,604.1081799894556
2030,sc01,07-19 21:00:00+02:00,568.8963027642211
2030,sc01,07-19 22:00:00+02:00,275.03089108927765
2030,sc01,07-19 23:00:00+02:00,47.95354704911749
2030,sc01,07-20 00:00:00+02:00,0.0
2030,sc01,07-20 01:00:00+02:00,0.0
2030,sc01,07-20 02:00:00+02:00,0.0
2030,sc01,07-20 03:00:00+02:00,0.0
2030,sc01,07-20 04:00:00+02:00,0.0
2030,sc01,07-20 05:00:00+02:00,0.0
2030,sc01,07-20 06:00:00+02:00,0.0
2030,sc01,07-20 07:00:00+02:00,13.252713715176183
2030,sc01,07-20 08:00:00+02:00,63.91549952669931
2030,sc01,07-20 09:00:00+02:00,149.3456709002878
2030,sc01,07-20 10:00:00+02:00,122.62464694286012
2030,sc01,07-20 11:00:00+02:00,92.85585486656194
2030,sc01,07-20 12:00:00+02:00,51.70299692281006
2030,sc01,07-20 13:00:00+02:00,25.685742020094477
2030,sc01,07-20 14:00:00+02:00,15.231001942781022
2030,sc01,07-20 15:00:00+02:00,12.99375034020969
2030,sc01,07-20 16:00:00+02:00,26.51857503214345
2030,sc01,07-20 17:00:00+02:00,25.755900300161098
2030,sc01,07-20 18:00:00+02:00,57.00053379433199
2030,sc01,07-20 19:00:00+02:00,151.62791003243456
2030,sc01,07-20 20:00:00+02:00,309.11208170176167
2030,sc01,07-20 21:00:00+02:00,137.15922626182982
2030,sc01,07-20 22:00:00+02:00,5.899038186537382
2030,sc01,07-20 23:00:00+02:00,0.0
2030,sc01,07-21 00:00:00+02:00,0.0
2030,sc01,07-21 01:00:00+02:00,0.0
2030,sc01,07-21 02:00:00+02:00,0.0
2030,sc01,07-21 03:00:00+02:00,0.0
2030,sc01,07-21 04:00:00+02:00,0.0
2030,sc01,07-21 05:00:00+02:00,0.0
2030,sc01,07-21 06:00:00+02:00,0.0
2030,sc01,07-21 07:00:00+02:00,0.0
2030,sc01,07-21 08:00:00+02:00,0.0
2030,sc01,07-21 09:00:00+02:00,0.0
2030,sc01,07-21 10:00:00+02:00,0.0
2030,sc01,07-21 11:00:00+02:00,0.0
2030,sc01,07-21 12:00:00+02:00,0.0
2030,sc01,07-21 13:00:00+02:00,0.0
2030,sc01,07-21 14:00:00+02:00,0.0
2030,sc01,07-21 15:00:00+02:00,0.0
2030,sc01,07-21 16:00:00+02:00,0.0
2030,sc01,07-21 17:00:00+02:00,0.0
2030,sc01,07-21 18:00:00+02:00,0.0
2030,sc01,07-21 19:00:00+02:00,0.0
2030,sc01,07-21 20:00:00+02:00,25.59278932312269
2030,sc01,07-21 21:00:00+02:00,52.93554906099494
2030,sc01,07-21 22:00:00+02:00,38.21903868413612
2030,sc01,07-21 23:00:00+02:00,5.525905680552911
2030,sc01,07-22 00:00:00+02:00,0.0
2030,sc01,07-22 01:00:00+02:00,0.0
2030,sc01,07-22 02:00:00+02:00,0.0
2030,sc01,07-22 03:00:00+02:00,0.0
2030,sc01,07-22 04:00:00+02:00,0.0
2030,sc01,07-22 05:00:00+02:00,0.0
2030,sc01,07-22 06:00:00+02:00,21.38701957476233
2030,sc01,07-22 07:00:00+02:00,14.235094588891965
2030,sc01,07-22 08:00:00+02:00,33.886212867867286
2030,sc01,07-22 09:00:00+02:00,32.11088165613299
2030,sc01,07-22 10:00:00+02:00,29.241516896498663
2030,sc01,07-22 11:00:00+02:00,31.388545357516577
2030,sc01,07-22 12:00:00+02:00,31.225732956972212
2030,sc01,07-22 13:00:00+02:00,25.22580947312441
2030,sc01,07-22 14:00:00+02:00,107.60986122428584
2030,sc01,07-22 15:00:00+02:00,114.98538938392407
2030,sc01,07-22 16:00:00+02:00,111.62244951441055
2030,sc01,07-22 17:00:00+02:00,163.82551688361536
2030,sc01,07-22 18:00:00+02:00,227.27088581878127
2030,sc01,07-22 19:00:00+02:00,418.8142825663928
2030,sc01,07-22 20:00:00+02:00,548.7091329033902
2030,sc01,07-22 21:00:00+02:00,483.4004298045831
2030,sc01,07-22 22:00:00+02:00,388.0250823155224
2030,sc01,07-22 23:00:00+02:00,51.20830013285901
2030,sc01,07-23 00:00:00+02:00,22.16389964576845
2030,sc01,07-23 01:00:00+02:00,10.407835684597655
2030,sc01,07-23 02:00:00+02:00,0.0
2030,sc01,07-23 03:00:00+02:00,0.0
2030,sc01,07-23 04:00:00+02:00,3.2613291445871044
2030,sc01,07-23 05:00:00+02:00,95.37721265953479
2030,sc01,07-23 06:00:00+02:00,71.09795093234644
2030,sc01,07-23 07:00:00+02:00,33.6198797545245
2030,sc01,07-23 08:00:00+02:00,65.00925886270845
2030,sc01,07-23 09:00:00+02:00,141.88380655354717
2030,sc01,07-23 10:00:00+02:00,110.39980828001718
2030,sc01,07-23 11:00:00+02:00,82.05234371165352
2030,sc01,07-23 12:00:00+02:00,263.9584365186076
2030,sc01,07-23 13:00:00+02:00,221.1094704328979
2030,sc01,07-23 14:00:00+02:00,201.53947207378306
2030,sc01,07-23 15:00:00+02:00,213.51944491259013
2030,sc01,07-23 16:00:00+02:00,232.7407163713226
2030,sc01,07-23 17:00:00+02:00,278.49741601916224
2030,sc01,07-23 18:00:00+02:00,358.65197092553046
2030,sc01,07-23 19:00:00+02:00,528.1715717092281
2030,sc01,07-23 20:00:00+02:00,624.8416960753156
2030,sc01,07-23 21:00:00+02:00,562.4268304152638
2030,sc01,07-23 22:00:00+02:00,471.301165407449
2030,sc01,07-23 23:00:00+02:00,162.4286404683286
2030,sc01,07-24 00:00:00+02:00,90.47396892212443
2030,sc01,07-24 01:00:00+02:00,75.49932363618848
2030,sc01,07-24 02:00:00+02:00,0.0
2030,sc01,07-24 03:00:00+02:00,0.0
2030,sc01,07-24 04:00:00+02:00,0.2769027514613304
2030,sc01,07-24 05:00:00+02:00,33.26016398828274
2030,sc01,07-24 06:00:00+02:00,117.36530730400474
2030,sc01,07-24 07:00:00+02:00,97.82129672229352
2030,sc01,07-24 08:00:00+02:00,81.65979053923932
2030,sc01,07-24 09:00:00+02:00,155.2938793382778
2030,sc01,07-24 10:00:00+02:00,250.78448184847753
2030,sc01,07-24 11:00:00+02:00,190.27816686258095
2030,sc01,07-24 12:00:00+02:00,156.03007673183578
2030,sc01,07-24 13:00:00+02:00,310.2585224073928
2030,sc01,07-24 14:00:00+02:00,284.7325439901482
2030,sc01,07-24 15:00:00+02:00,280.6886033094083
2030,sc01,07-24 16:00:00+02:00,272.4357152886561
2030,sc01,07-24 17:00:00+02:00,312.200443257803
2030,sc01,07-24 18:00:00+02:00,368.97246661266297
2030,sc01,07-24 19:00:00+02:00,441.50510504944396
2030,sc01,07-24 20:00:00+02:00,523.9424644721981
2030,sc01,07-24 21:00:00+02:00,470.99978948364907
2030,sc01,07-24 22:00:00+02:00,333.225940907948
2030,sc01,07-24 23:00:00+02:00,216.7544920685254
2030,sc01,07-25 00:00:00+02:00,0.0
2030,sc01,07-25 01:00:00+02:00,0.0
2030,sc01,07-25 02:00:00+02:00,0.0
2030,sc01,07-25 03:00:00+02:00,0.0
2030,sc01,07-25 04:00:00+02:00,0.0
2030,sc01,07-25 05:00:00+02:00,0.0
2030,sc01,07-25 06:00:00+02:00,216.0310990478302
2030,sc01,07-25 07:00:00+02:00,203.57575924954668
2030,sc01,07-25 08:00:00+02:00,280.53527759844417
2030,sc01,07-25 09:00:00+02:00,156.84254683300787
2030,sc01,07-25 10:00:00+02:00,139.11941486202633
2030,sc01,07-25 11:00:00+02:00,199.95957104100614
2030,sc01,07-25 12:00:00+02:00,361.6303357094168
2030,sc01,07-25 13:00:00+02:00,303.63433384912395
2030,sc01,07-25 14:00:00+02:00,282.8949300466538
2030,sc01,07-25 15:00:00+02:00,249.96091096983793
2030,sc01,07-25 16:00:00+02:00,236.64527355921177
2030,sc01,07-25 17:00:00+02:00,264.43457606487254
2030,sc01,07-25 18:00:00+02:00,315.74239442185694
2030,sc01,07-25 19:00:00+02:00,416.8829380241801
2030,sc01,07-25 20:00:00+02:00,498.0994643227861
2030,sc01,07-25 21:00:00+02:00,446.17263761476016
2030,sc01,07-25 22:00:00+02:00,341.26005666455444
2030,sc01,07-25 23:00:00+02:00,247.2510595909125
2030,sc01,07-26 00:00:00+02:00,162.29642427617654
2030,sc01,07-26 01:00:00+02:00,0.0
2030,sc01,07-26 02:00:00+02:00,0.0
2030,sc01,07-26 03:00:00+02:00,0.0
2030,sc01,07-26 04:00:00+02:00,0.0
2030,sc01,07-26 05:00:00+02:00,26.24039818839884
2030,sc01,07-26 06:00:00+02:00,103.52989014796404
2030,sc01,07-26 07:00:00+02:00,78.92323903456112
2030,sc01,07-26 08:00:00+02:00,64.01767101206718
2030,sc01,07-26 09:00:00+02:00,143.3371662186995
2030,sc01,07-26 10:00:00+02:00,93.00198774875302
2030,sc01,07-26 11:00:00+02:00,218.82165378771728
2030,sc01,07-26 12:00:00+02:00,178.22669468096
2030,sc01,07-26 13:00:00+02:00,127.57929860786538
2030,sc01,07-26 14:00:00+02:00,89.51267229997934
2030,sc01,07-26 15:00:00+02:00,75.83861177345284
2030,sc01,07-26 16:00:00+02:00,68.4205341812038
2030,sc01,07-26 17:00:00+02:00,96.80905121872061
2030,sc01,07-26 18:00:00+02:00,110.44409249726831
2030,sc01,07-26 19:00:00+02:00,185.60175274487955
2030,sc01,07-26 20:00:00+02:00,280.3078319581011
2030,sc01,07-26 21:00:00+02:00,218.98216964285442
2030,sc01,07-26 22:00:00+02:00,123.77367906254005
2030,sc01,07-26 23:00:00+02:00,75.64248107770477
2030,sc01,07-27 00:00:00+02:00,1.1306672981627113
2030,sc01,07-27 01:00:00+02:00,0.0
2030,sc01,07-27 02:00:00+02:00,0.0
2030,sc01,07-27 03:00:00+02:00,0.0
2030,sc01,07-27 04:00:00+02:00,0.0
2030,sc01,07-27 05:00:00+02:00,0.0
2030,sc01,07-27 06:00:00+02:00,0.0
2030,sc01,07-27 07:00:00+02:00,0.0
2030,sc01,07-27 08:00:00+02:00,0.0
2030,sc01,07-27 09:00:00+02:00,0.0
2030,sc01,07-27 10:00:00+02:00,0.0
2030,sc01,07-27 11:00:00+02:00,0.0
2030,sc01,07-27 12:00:00+02:00,0.0
2030,sc01,07-27 13:00:00+02:00,0.0
2030,sc01,07-27 14:00:00+02:00,0.0
2030,sc01,07-27 15:00:00+02:00,0.0
2030,sc01,07-27 16:00:00+02:00,0.0
2030,sc01,07-27 17:00:00+02:00,0.0
2030,sc01,07-27 18:00:00+02:00,0.0
2030,sc01,07-27 19:00:00+02:00,26.26810902315808
2030,sc01,07-27 20:00:00+02:00,127.23591958529678
2030,sc01,07-27 21:00:00+02:00,120.12161950323305
2030,sc01,07-27 22:00:00+02:00,58.487802658213205
2030,sc01,07-27 23:00:00+02:00,0.0
2030,sc01,07-28 00:00:00+02:00,0.0
2030,sc01,07-28 01:00:00+02:00,0.0
2030,sc01,07-28 02:00:00+02:00,0.0
2030,sc01,07-28 03:00:00+02:00,0.0
2030,sc01,07-28 04:00:00+02:00,0.0
2030,sc01,07-28 05:00:00+02:00,0.0
2030,sc01,07-28 06:00:00+02:00,0.0
2030,sc01,07-28 07:00:00+02:00,0.0
2030,sc01,07-28 08:00:00+02:00,0.0
2030,sc01,07-28 09:00:00+02:00,0.0
2030,sc01,07-28 10:00:00+02:00,0.0
2030,sc01,07-28 11:00:00+02:00,0.0
2030,sc01,07-28 12:00:00+02:00,0.0
2030,sc01,07-28 13:00:00+02:00,0.0
2030,sc01,07-28 14:00:00+02:00,0.0
2030,sc01,07-28 15:00:00+02:00,0.0
2030,sc01,07-28 16:00:00+02:00,0.0
2030,sc01,07-28 17:00:00+02:00,0.0
2030,sc01,07-28 18:00:00+02:00,0.0
2030,sc01,07-28 19:00:00+02:00,0.0
2030,sc01,07-28 20:00:00+02:00,96.75118036959927
2030,sc01,07-28 21:00:00+02:00,113.47162711860088
2030,sc01,07-28 22:00:00+02:00,14.177939366275316
2030,sc01,07-28 23:00:00+02:00,0.0
2030,sc01,07-29 00:00:00+02:00,0.0
2030,sc01,07-29 01:00:00+02:00,0.0
2030,sc01,07-29 02:00:00+02:00,0.0
2030,sc01,07-29 03:00:00+02:00,0.0
2030,sc01,07-29 04:00:00+02:00,0.0
2030,sc01,07-29 05:00:00+02:00,0.0
2030,sc01,07-29 06:00:00+02:00,18.308143246662095
2030,sc01,07-29 07:00:00+02:00,57.74804710578138
2030,sc01,07-29 08:00:00+02:00,71.88372954490936
2030,sc01,07-29 09:00:00+02:00,69.29897040749954
2030,sc01,07-29 10:00:00+02:00,56.379466907034285
2030,sc01,07-29 11:00:00+02:00,46.88766723357719
2030,sc01,07-29 12:00:00+02:00,78.33483591105775
2030,sc01,07-29 13:00:00+02:00,204.99153630926367
2030,sc01,07-29 14:00:00+02:00,166.61605832235838
2030,sc01,07-29 15:00:00+02:00,140.8792565034021
2030,sc01,07-29 16:00:00+02:00,132.27894998457057
2030,sc01,07-29 17:00:00+02:00,138.93517387766096
2030,sc01,07-29 18:00:00+02:00,185.51947132932008
2030,sc01,07-29 19:00:00+02:00,276.2286528291106
2030,sc01,07-29 20:00:00+02:00,417.3683907478784
2030,sc01,07-29 21:00:00+02:00,397.95045129279794
2030,sc01,07-29 22:00:00+02:00,240.7880171464871
2030,sc01,07-29 23:00:00+02:00,0.0
2030,sc01,07-30 00:00:00+02:00,0.0
2030,sc01,07-30 01:00:00+02:00,0.0
2030,sc01,07-30 02:00:00+02:00,0.0
2030,sc01,07-30 03:00:00+02:00,0.0
2030,sc01,07-30 04:00:00+02:00,0.0
2030,sc01,07-30 05:00:00+02:00,0.0
2030,sc01,07-30 06:00:00+02:00,83.39250966065453
2030,sc01,07-30 07:00:00+02:00,85.58807088144512
2030,sc01,07-30 08:00:00+02:00,95.68082331294931
2030,sc01,07-30 09:00:00+02:00,84.03730338959534
2030,sc01,07-30 10:00:00+02:00,68.6788250518145
2030,sc01,07-30 11:00:00+02:00,68.1309284548834
2030,sc01,07-30 12:00:00+02:00,176.66414011656565
2030,sc01,07-30 13:00:00+02:00,128.1043158485604
2030,sc01,07-30 14:00:00+02:00,85.29603235233287
2030,sc01,07-30 15:00:00+02:00,50.12301720874553
2030,sc01,07-30 16:00:00+02:00,57.99556813435244
2030,sc01,07-30 17:00:00+02:00,61.825482975208224
2030,sc01,07-30 18:00:00+02:00,92.0318507471773
2030,sc01,07-30 19:00:00+02:00,167.5303673065907
2030,sc01,07-30 20:00:00+02:00,319.42444579979986
2030,sc01,07-30 21:00:00+02:00,286.7552961112639
2030,sc01,07-30 22:00:00+02:00,169.16320618536187
2030,sc01,07-30 23:00:00+02:00,0.0
2030,sc01,07-31 00:00:00+02:00,0.0
2030,sc01,07-31 01:00:00+02:00,0.0
2030,sc01,07-31 02:00:00+02:00,0.0
2030,sc01,07-31 03:00:00+02:00,0.0
2030,sc01,07-31 04:00:00+02:00,0.0
2030,sc01,07-31 05:00:00+02:00,0.0
2030,sc01,07-31 06:00:00+02:00,27.396559018742337
2030,sc01,07-31 07:00:00+02:00,103.80306627964823
2030,sc01,07-31 08:00:00+02:00,84.55874286345797
2030,sc01,07-31 09:00:00+02:00,58.3249590303452
2030,sc01,07-31 10:00:00+02:00,64.30129645560729
2030,sc01,07-31 11:00:00+02:00,215.61694886331435
2030,sc01,07-31 12:00:00+02:00,153.10021974787048
2030,sc01,07-31 13:00:00+02:00,107.90665856582207
2030,sc01,07-31 14:00:00+02:00,104.86832276784763
2030,sc01,07-31 15:00:00+02:00,108.12168446854247
2030,sc01,07-31 16:00:00+02:00,103.4152466381274
2030,sc01,07-31 17:00:00+02:00,136.44517765857088
2030,sc01,07-31 18:00:00+02:00,194.78316454038566
2030,sc01,07-31 19:00:00+02:00,320.58886043877567
2030,sc01,07-31 20:00:00+02:00,461.8539385360538
2030,sc01,07-31 21:00:00+02:00,419.76409417516487
2030,sc01,07-31 22:00:00+02:00,308.7639247496587
2030,sc01,07-31 23:00:00+02:00,244.45574379239497
2030,sc01,08-01 00:00:00+02:00,0.0
2030,sc01,08-01 01:00:00+02:00,0.0
2030,sc01,08-01 02:00:00+02:00,0.0
2030,sc01,08-01 03:00:00+02:00,0.0
2030,sc01,08-01 04:00:00+02:00,0.0
2030,sc01,08-01 05:00:00+02:00,0.16519443117397944
2030,sc01,08-01 06:00:00+02:00,91.30807394147777
2030,sc01,08-01 07:00:00+02:00,95.41793653606224
2030,sc01,08-01 08:00:00+02:00,139.76396062499782
2030,sc01,08-01 09:00:00+02:00,115.5413059278062
2030,sc01,08-01 10:00:00+02:00,116.25763444948316
2030,sc01,08-01 11:00:00+02:00,139.67176438236706
2030,sc01,08-01 12:00:00+02:00,318.26819144932364
2030,sc01,08-01 13:00:00+02:00,269.5036228907693
2030,sc01,08-01 14:00:00+02:00,262.02694125446544
2030,sc01,08-01 15:00:00+02:00,221.4216066363437
2030,sc01,08-01 16:00:00+02:00,265.8612543891813
2030,sc01,08-01 17:00:00+02:00,296.9909510150554
2030,sc01,08-01 18:00:00+02:00,344.0248932512099
2030,sc01,08-01 19:00:00+02:00,448.4266317919872
2030,sc01,08-01 20:00:00+02:00,590.6760004429755
2030,sc01,08-01 21:00:00+02:00,540.4246157733816
2030,sc01,08-01 22:00:00+02:00,437.65550451751665
2030,sc01,08-01 23:00:00+02:00,153.7232106492341
2030,sc01,08-02 00:00:00+02:00,0.0
2030,sc01,08-02 01:00:00+02:00,0.0
2030,sc01,08-02 02:00:00+02:00,0.0
2030,sc01,08-02 03:00:00+02:00,0.0
2030,sc01,08-02 04:00:00+02:00,0.0
2030,sc01,08-02 05:00:00+02:00,0.0
2030,sc01,08-02 06:00:00+02:00,99.12161855023056
2030,sc01,08-02 07:00:00+02:00,91.19092211969559
2030,sc01,08-02 08:00:00+02:00,91.87878319711139
2030,sc01,08-02 09:00:00+02:00,115.30726662359814
2030,sc01,08-02 10:00:00+02:00,108.26791889740996
2030,sc01,08-02 11:00:00+02:00,191.33257592743223
2030,sc01,08-02 12:00:00+02:00,323.2477879931472
2030,sc01,08-02 13:00:00+02:00,257.3192571333511
2030,sc01,08-02 14:00:00+02:00,209.17144026801842
2030,sc01,08-02 15:00:00+02:00,191.06549266311333
2030,sc01,08-02 16:00:00+02:00,176.70818492685555
2030,sc01,08-02 17:00:00+02:00,171.26738379578737
2030,sc01,08-02 18:00:00+02:00,197.05290642623382
2030,sc01,08-02 19:00:00+02:00,325.668617858981
2030,sc01,08-02 20:00:00+02:00,468.1077211938098
2030,sc01,08-02 21:00:00+02:00,432.0164533189363
2030,sc01,08-02 22:00:00+02:00,323.2188151720146
2030,sc01,08-02 23:00:00+02:00,40.75905683991741
2030,sc01,08-03 00:00:00+02:00,0.0
2030,sc01,08-03 01:00:00+02:00,0.0
2030,sc01,08-03 02:00:00+02:00,0.0
2030,sc01,08-03 03:00:00+02:00,0.0
2030,sc01,08-03 04:00:00+02:00,0.0
2030,sc01,08-03 05:00:00+02:00,0.0
2030,sc01,08-03 06:00:00+02:00,0.0
2030,sc01,08-03 07:00:00+02:00,0.0
2030,sc01,08-03 08:00:00+02:00,0.27543595596346515
2030,sc01,08-03 09:00:00+02:00,0.0
2030,sc01,08-03 10:00:00+02:00,7.9069562071731605
2030,sc01,08-03 11:00:00+02:00,0.0
2030,sc01,08-03 12:00:00+02:00,3.251615475072794
2030,sc01,08-03 13:00:00+02:00,0.0
2030,sc01,08-03 14:00:00+02:00,0.0
2030,sc01,08-03 15:00:00+02:00,0.0
2030,sc01,08-03 16:00:00+02:00,0.0
2030,sc01,08-03 17:00:00+02:00,0.0
2030,sc01,08-03 18:00:00+02:00,0.0
2030,sc01,08-03 19:00:00+02:00,98.34573186913141
2030,sc01,08-03 20:00:00+02:00,241.77507458773184
2030,sc01,08-03 21:00:00+02:00,226.9565380799376
2030,sc01,08-03 22:00:00+02:00,173.57838087010109
2030,sc01,08-03 23:00:00+02:00,104.85344090232192
2030,sc01,08-04 00:00:00+02:00,0.0
2030,sc01,08-04 01:00:00+02:00,0.0
2030,sc01,08-04 02:00:00+02:00,0.0
2030,sc01,08-04 03:00:00+02:00,0.0
2030,sc01,08-04 04:00:00+02:00,0.0
2030,sc01,08-04 05:00:00+02:00,0.0
2030,sc01,08-04 06:00:00+02:00,0.0
2030,sc01,08-04 07:00:00+02:00,0.0
2030,sc01,08-04 08:00:00+02:00,0.0
2030,sc01,08-04 09:00:00+02:00,0.0
2030,sc01,08-04 10:00:00+02:00,0.0
2030,sc01,08-04 11:00:00+02:00,0.0
2030,sc01,08-04 12:00:00+02:00,0.0
2030,sc01,08-04 13:00:00+02:00,0.0
2030,sc01,08-04 14:00:00+02:00,0.0
2030,sc01,08-04 15:00:00+02:00,0.0
2030,sc01,08-04 16:00:00+02:00,0.0
2030,sc01,08-04 17:00:00+02:00,0.0
2030,sc01,08-04 18:00:00+02:00,0.0
2030,sc01,08-04 19:00:00+02:00,106.62758312972618
2030,sc01,08-04 20:00:00+02:00,257.3229774983104
2030,sc01,08-04 21:00:00+02:00,278.61150740847916
2030,sc01,08-04 22:00:00+02:00,193.23173029071285
2030,sc01,08-04 23:00:00+02:00,0.0
2030,sc01,08-05 00:00:00+02:00,0.0
2030,sc01,08-05 01:00:00+02:00,0.0
2030,sc01,08-05 02:00:00+02:00,0.0
2030,sc01,08-05 03:00:00+02:00,0.0
2030,sc01,08-05 04:00:00+02:00,0.0
2030,sc01,08-05 05:00:00+02:00,0.0
2030,sc01,08-05 06:00:00+02:00,30.92470588875225
2030,sc01,08-05 07:00:00+02:00,52.17953026824333
2030,sc01,08-05 08:00:00+02:00,103.05753155166997
2030,sc01,08-05 09:00:00+02:00,105.07081670532767
2030,sc01,08-05 10:00:00+02:00,104.46557470532713
2030,sc01,08-05 11:00:00+02:00,92.52136584061188
2030,sc01,08-05 12:00:00+02:00,118.54609857828943
2030,sc01,08-05 13:00:00+02:00,274.5402907057031
2030,sc01,08-05 14:00:00+02:00,224.5341328093151
2030,sc01,08-05 15:00:00+02:00,219.81138930793574
2030,sc01,08-05 16:00:00+02:00,257.2701764595502
2030,sc01,08-05 17:00:00+02:00,288.7544895247968
2030,sc01,08-05 18:00:00+02:00,331.27909884279273
2030,sc01,08-05 19:00:00+02:00,444.1859360856322
2030,sc01,08-05 20:00:00+02:00,580.5170936084742
2030,sc01,08-05 21:00:00+02:00,508.617998933531
2030,sc01,08-05 22:00:00+02:00,390.33814935891036
2030,sc01,08-05 23:00:00+02:00,260.7660477436654
2030,sc01,08-06 00:00:00+02:00,166.57584355449475
2030,sc01,08-06 01:00:00+02:00,122.86002587591622
2030,sc01,08-06 02:00:00+02:00,0.0
2030,sc01,08-06 03:00:00+02:00,0.0
2030,sc01,08-06 04:00:00+02:00,0.0
2030,sc01,08-06 05:00:00+02:00,0.0
2030,sc01,08-06 06:00:00+02:00,145.287726060598
2030,sc01,08-06 07:00:00+02:00,339.252634651865
2030,sc01,08-06 08:00:00+02:00,206.26307214443756
2030,sc01,08-06 09:00:00+02:00,129.99715837003046
2030,sc01,08-06 10:00:00+02:00,284.6763067217719
2030,sc01,08-06 11:00:00+02:00,77.17168160714834
2030,sc01,08-06 12:00:00+02:00,191.00288064822865
2030,sc01,08-06 13:00:00+02:00,173.8673112930131
2030,sc01,08-06 14:00:00+02:00,136.62686895906717
2030,sc01,08-06 15:00:00+02:00,142.4946928696043
2030,sc01,08-06 16:00:00+02:00,211.01641908998377
2030,sc01,08-06 17:00:00+02:00,257.0348696183986
2030,sc01,08-06 18:00:00+02:00,288.900704034729
2030,sc01,08-06 19:00:00+02:00,456.05607162583044
2030,sc01,08-06 20:00:00+02:00,537.7297173093891
2030,sc01,08-06 21:00:00+02:00,457.9354169939232
2030,sc01,08-06 22:00:00+02:00,334.40882087361547
2030,sc01,08-06 23:00:00+02:00,226.16832284233996
2030,sc01,08-07 00:00:00+02:00,128.9818065365547
2030,sc01,08-07 01:00:00+02:00,103.81609458154504
2030,sc01,08-07 02:00:00+02:00,0.0
2030,sc01,08-07 03:00:00+02:00,0.0
2030,sc01,08-07 04:00:00+02:00,0.0
2030,sc01,08-07 05:00:00+02:00,0.0
2030,sc01,08-07 06:00:00+02:00,46.80539657476548
2030,sc01,08-07 07:00:00+02:00,53.96651473824606
2030,sc01,08-07 08:00:00+02:00,76.48830888329579
2030,sc01,08-07 09:00:00+02:00,78.83853341186692
2030,sc01,08-07 10:00:00+02:00,214.949869810787
2030,sc01,08-07 11:00:00+02:00,317.6154350050349
2030,sc01,08-07 12:00:00+02:00,159.94910750820415
2030,sc01,08-07 13:00:00+02:00,233.92620003846727
2030,sc01,08-07 14:00:00+02:00,218.3650850802724
2030,sc01,08-07 15:00:00+02:00,72.16908710132829
2030,sc01,08-07 16:00:00+02:00,88.40044948078186
2030,sc01,08-07 17:00:00+02:00,224.89741212605784
2030,sc01,08-07 18:00:00+02:00,294.5008124895661
2030,sc01,08-07 19:00:00+02:00,490.1329018417265
2030,sc01,08-07 20:00:00+02:00,581.2393234304403
2030,sc01,08-07 21:00:00+02:00,479.758120804367
2030,sc01,08-07 22:00:00+02:00,353.0915435971277
2030,sc01,08-07 23:00:00+02:00,227.95913212052
2030,sc01,08-08 00:00:00+02:00,143.11976018334386
2030,sc01,08-08 01:00:00+02:00,115.54268855670519
2030,sc01,08-08 02:00:00+02:00,0.0
2030,sc01,08-08 03:00:00+02:00,0.0
2030,sc01,08-08 04:00:00+02:00,0.0
2030,sc01,08-08 05:00:00+02:00,0.0
2030,sc01,08-08 06:00:00+02:00,10.711068440323256
2030,sc01,08-08 07:00:00+02:00,41.69009367472828
2030,sc01,08-08 08:00:00+02:00,67.43546357398807
2030,sc01,08-08 09:00:00+02:00,91.76552881620536
2030,sc01,08-08 10:00:00+02:00,69.48732991327684
2030,sc01,08-08 11:00:00+02:00,56.82066862747519
2030,sc01,08-08 12:00:00+02:00,171.92065121604637
2030,sc01,08-08 13:00:00+02:00,115.43545567427557
2030,sc01,08-08 14:00:00+02:00,64.20916323015142
2030,sc01,08-08 15:00:00+02:00,25.366439338417404
2030,sc01,08-08 16:00:00+02:00,35.36863093925456
2030,sc01,08-08 17:00:00+02:00,73.3213538945792
2030,sc01,08-08 18:00:00+02:00,128.40023168499934
2030,sc01,08-08 19:00:00+02:00,302.9910078175969
2030,sc01,08-08 20:00:00+02:00,455.88333404373964
2030,sc01,08-08 21:00:00+02:00,401.8055343355232
2030,sc01,08-08 22:00:00+02:00,306.2421206409078
2030,sc01,08-08 23:00:00+02:00,188.36513888131543
2030,sc01,08-09 00:00:00+02:00,97.47416649873854
2030,sc01,08-09 01:00:00+02:00,72.13440085165644
2030,sc01,08-09 02:00:00+02:00,0.0
2030,sc01,08-09 03:00:00+02:00,0.0
2030,sc01,08-09 04:00:00+02:00,0.0
2030,sc01,08-09 05:00:00+02:00,0.0
2030,sc01,08-09 06:00:00+02:00,18.6005201539785
2030,sc01,08-09 07:00:00+02:00,29.38445193964762
2030,sc01,08-09 08:00:00+02:00,44.54400250371981
2030,sc01,08-09 09:00:00+02:00,29.25120762789429
2030,sc01,08-09 10:00:00+02:00,56.69649206477584
2030,sc01,08-09 11:00:00+02:00,125.72589844041087
2030,sc01,08-09 12:00:00+02:00,296.7047452974933
2030,sc01,08-09 13:00:00+02:00,238.02517506518683
2030,sc01,08-09 14:00:00+02:00,183.40381688704824
2030,sc01,08-09 15:00:00+02:00,167.34953775377494
2030,sc01,08-09 16:00:00+02:00,180.34070003757236
2030,sc01,08-09 17:00:00+02:00,179.62636482313093
2030,sc01,08-09 18:00:00+02:00,211.94355786106556
2030,sc01,08-09 19:00:00+02:00,310.31657039634763
2030,sc01,08-09 20:00:00+02:00,420.5838311634287
2030,sc01,08-09 21:00:00+02:00,275.3626688319286
2030,sc01,08-09 22:00:00+02:00,165.77601714301937
2030,sc01,08-09 23:00:00+02:00,65.59402661716783
2030,sc01,08-10 00:00:00+02:00,0.0
2030,sc01,08-10 01:00:00+02:00,0.0
2030,sc01,08-10 02:00:00+02:00,0.0
2030,sc01,08-10 03:00:00+02:00,0.0
2030,sc01,08-10 04:00:00+02:00,0.0
2030,sc01,08-10 05:00:00+02:00,0.0
2030,sc01,08-10 06:00:00+02:00,0.0
2030,sc01,08-10 07:00:00+02:00,0.0
2030,sc01,08-10 08:00:00+02:00,7.495572388214852
2030,sc01,08-10 09:00:00+02:00,6.075450293962839
2030,sc01,08-10 10:00:00+02:00,23.26278293429421
2030,sc01,08-10 11:00:00+02:00,18.22277535014793
2030,sc01,08-10 12:00:00+02:00,9.140755245495923
2030,sc01,08-10 13:00:00+02:00,0.854034392765915
2030,sc01,08-10 14:00:00+02:00,0.0
2030,sc01,08-10 15:00:00+02:00,0.0
2030,sc01,08-10 16:00:00+02:00,0.0
2030,sc01,08-10 17:00:00+02:00,0.0
2030,sc01,08-10 18:00:00+02:00,0.0
2030,sc01,08-10 19:00:00+02:00,0.0
2030,sc01,08-10 20:00:00+02:00,28.38544018228193
2030,sc01,08-10 21:00:00+02:00,0.0
2030,sc01,08-10 22:00:00+02:00,0.0
2030,sc01,08-10 23:00:00+02:00,0.0
2030,sc01,08-11 00:00:00+02:00,0.0
2030,sc01,08-11 01:00:00+02:00,0.0
2030,sc01,08-11 02:00:00+02:00,0.0
2030,sc01,08-11 03:00:00+02:00,0.0
2030,sc01,08-11 04:00:00+02:00,0.0
2030,sc01,08-11 05:00:00+02:00,0.0
2030,sc01,08-11 06:00:00+02:00,0.0
2030,sc01,08-11 07:00:00+02:00,0.0
2030,sc01,08-11 08:00:00+02:00,0.0
2030,sc01,08-11 09:00:00+02:00,0.0
2030,sc01,08-11 10:00:00+02:00,0.0
2030,sc01,08-11 11:00:00+02:00,0.0
2030,sc01,08-11 12:00:00+02:00,0.0
2030,sc01,08-11 13:00:00+02:00,0.0
2030,sc01,08-11 14:00:00+02:00,0.0
2030,sc01,08-11 15:00:00+02:00,0.0
2030,sc01,08-11 16:00:00+02:00,0.0
2030,sc01,08-11 17:00:00+02:00,0.0
2030,sc01,08-11 18:00:00+02:00,0.0
2030,sc01,08-11 19:00:00+02:00,96.91418437469284
2030,sc01,08-11 20:00:00+02:00,253.42687864644597
2030,sc01,08-11 21:00:00+02:00,210.09522765589858
2030,sc01,08-11 22:00:00+02:00,123.8368614049408
2030,sc01,08-11 23:00:00+02:00,39.97147036845156
2030,sc01,08-12 00:00:00+02:00,0.0
2030,sc01,08-12 01:00:00+02:00,0.0
2030,sc01,08-12 02:00:00+02:00,0.0
2030,sc01,08-12 03:00:00+02:00,0.0
2030,sc01,08-12 04:00:00+02:00,0.0
2030,sc01,08-12 05:00:00+02:00,0.0
2030,sc01,08-12 06:00:00+02:00,0.0
2030,sc01,08-12 07:00:00+02:00,30.599494467436095
2030,sc01,08-12 08:00:00+02:00,52.22588673761509
2030,sc01,08-12 09:00:00+02:00,58.29180446940104
2030,sc01,08-12 10:00:00+02:00,49.708420396585595
2030,sc01,08-12 11:00:00+02:00,98.57216084451713
2030,sc01,08-12 12:00:00+02:00,192.05797114201548
2030,sc01,08-12 13:00:00+02:00,117.48946025284846
2030,sc01,08-12 14:00:00+02:00,92.84906971977914
2030,sc01,08-12 15:00:00+02:00,88.8659393647692
2030,sc01,08-12 16:00:00+02:00,125.15702989333249
2030,sc01,08-12 17:00:00+02:00,136.97551007645993
2030,sc01,08-12 18:00:00+02:00,158.97689927725148
2030,sc01,08-12 19:00:00+02:00,308.70549595838605
2030,sc01,08-12 20:00:00+02:00,434.1887338349052
2030,sc01,08-12 21:00:00+02:00,356.9194858062794
2030,sc01,08-12 22:00:00+02:00,227.48632372164278
2030,sc01,08-12 23:00:00+02:00,149.97325179841894
2030,sc01,08-13 00:00:00+02:00,84.33345719530085
2030,sc01,08-13 01:00:00+02:00,0.0
2030,sc01,08-13 02:00:00+02:00,0.0
2030,sc01,08-13 03:00:00+02:00,0.0
2030,sc01,08-13 04:00:00+02:00,0.0
2030,sc01,08-13 05:00:00+02:00,0.0
2030,sc01,08-13 06:00:00+02:00,0.0
2030,sc01,08-13 07:00:00+02:00,31.309906833003623
2030,sc01,08-13 08:00:00+02:00,45.23816053746938
2030,sc01,08-13 09:00:00+02:00,28.54173001199641
2030,sc01,08-13 10:00:00+02:00,45.37398445572486
2030,sc01,08-13 11:00:00+02:00,122.96134718442617
2030,sc01,08-13 12:00:00+02:00,71.39444614831015
2030,sc01,08-13 13:00:00+02:00,44.19670748806775
2030,sc01,08-13 14:00:00+02:00,29.280566211858748
2030,sc01,08-13 15:00:00+02:00,21.393428747576742
2030,sc01,08-13 16:00:00+02:00,16.479518316668532
2030,sc01,08-13 17:00:00+02:00,31.020724004280503
2030,sc01,08-13 18:00:00+02:00,42.04050977915054
2030,sc01,08-13 19:00:00+02:00,222.57504669732202
2030,sc01,08-13 20:00:00+02:00,364.61977676645176
2030,sc01,08-13 21:00:00+02:00,302.25749434205227
2030,sc01,08-13 22:00:00+02:00,186.23827429125873
2030,sc01,08-13 23:00:00+02:00,76.70198775772823
2030,sc01,08-14 00:00:00+02:00,2.921410658732222
2030,sc01,08-14 01:00:00+02:00,0.0
2030,sc01,08-14 02:00:00+02:00,0.0
2030,sc01,08-14 03:00:00+02:00,0.0
2030,sc01,08-14 04:00:00+02:00,0.0
2030,sc01,08-14 05:00:00+02:00,0.0
2030,sc01,08-14 06:00:00+02:00,0.0
2030,sc01,08-14 07:00:00+02:00,11.868316974344326
2030,sc01,08-14 08:00:00+02:00,14.962683793897057
2030,sc01,08-14 09:00:00+02:00,12.24123589622073
2030,sc01,08-14 10:00:00+02:00,21.274721888562418
2030,sc01,08-14 11:00:00+02:00,80.06635391934317
2030,sc01,08-14 12:00:00+02:00,44.37635440603096
2030,sc01,08-14 13:00:00+02:00,24.439438441349008
2030,sc01,08-14 14:00:00+02:00,11.484437810824147
2030,sc01,08-14 15:00:00+02:00,10.560574769693911
2030,sc01,08-14 16:00:00+02:00,45.85650347012332
2030,sc01,08-14 17:00:00+02:00,88.60800527471784
2030,sc01,08-14 18:00:00+02:00,171.10169942992778
2030,sc01,08-14 19:00:00+02:00,304.6538010767268
2030,sc01,08-14 20:00:00+02:00,449.9932102658786
2030,sc01,08-14 21:00:00+02:00,391.07707610447636
2030,sc01,08-14 22:00:00+02:00,261.97132239569584
2030,sc01,08-14 23:00:00+02:00,144.30732416196724
2030,sc01,08-15 00:00:00+02:00,0.0
2030,sc01,08-15 01:00:00+02:00,0.0
2030,sc01,08-15 02:00:00+02:00,0.0
2030,sc01,08-15 03:00:00+02:00,0.0
2030,sc01,08-15 04:00:00+02:00,0.0
2030,sc01,08-15 05:00:00+02:00,0.0
2030,sc01,08-15 06:00:00+02:00,0.0
2030,sc01,08-15 07:00:00+02:00,0.0
2030,sc01,08-15 08:00:00+02:00,0.0
2030,sc01,08-15 09:00:00+02:00,0.0
2030,sc01,08-15 10:00:00+02:00,0.0
2030,sc01,08-15 11:00:00+02:00,0.0
2030,sc01,08-15 12:00:00+02:00,0.0
2030,sc01,08-15 13:00:00+02:00,0.0
2030,sc01,08-15 14:00:00+02:00,0.0
2030,sc01,08-15 15:00:00+02:00,0.0
2030,sc01,08-15 16:00:00+02:00,0.0
2030,sc01,08-15 17:00:00+02:00,3.472019961734839
2030,sc01,08-15 18:00:00+02:00,59.30957998644336
2030,sc01,08-15 19:00:00+02:00,187.66815106177432
2030,sc01,08-15 20:00:00+02:00,302.7941516573759
2030,sc01,08-15 21:00:00+02:00,264.25233874959724
2030,sc01,08-15 22:00:00+02:00,137.6556513397489
2030,sc01,08-15 23:00:00+02:00,26.361157087650746
2030,sc01,08-16 00:00:00+02:00,0.0
2030,sc01,08-16 01:00:00+02:00,0.0
2030,sc01,08-16 02:00:00+02:00,0.0
2030,sc01,08-16 03:00:00+02:00,0.0
2030,sc01,08-16 04:00:00+02:00,0.0
2030,sc01,08-16 05:00:00+02:00,0.0
2030,sc01,08-16 06:00:00+02:00,0.0
2030,sc01,08-16 07:00:00+02:00,4.880672846397874
2030,sc01,08-16 08:00:00+02:00,2.3594219208550933
2030,sc01,08-16 09:00:00+02:00,11.030815112568632
2030,sc01,08-16 10:00:00+02:00,0.507899592249534
2030,sc01,08-16 11:00:00+02:00,8.088554123591662
2030,sc01,08-16 12:00:00+02:00,68.18829940903998
2030,sc01,08-16 13:00:00+02:00,33.2530809110609
2030,sc01,08-16 14:00:00+02:00,28.52215104501602
2030,sc01,08-16 15:00:00+02:00,24.501356045554267
2030,sc01,08-16 16:00:00+02:00,61.573277887179415
2030,sc01,08-16 17:00:00+02:00,89.81008008777246
2030,sc01,08-16 18:00:00+02:00,165.12209562787072
2030,sc01,08-16 19:00:00+02:00,304.16870152643855
2030,sc01,08-16 20:00:00+02:00,390.57444808299624
2030,sc01,08-16 21:00:00+02:00,276.63189238300765
2030,sc01,08-16 22:00:00+02:00,135.284463783353
2030,sc01,08-16 23:00:00+02:00,36.51860184136349
2030,sc01,08-17 00:00:00+02:00,0.0
2030,sc01,08-17 01:00:00+02:00,0.0
2030,sc01,08-17 02:00:00+02:00,0.0
2030,sc01,08-17 03:00:00+02:00,0.0
2030,sc01,08-17 04:00:00+02:00,0.0
2030,sc01,08-17 05:00:00+02:00,0.0
2030,sc01,08-17 06:00:00+02:00,0.0
2030,sc01,08-17 07:00:00+02:00,0.0
2030,sc01,08-17 08:00:00+02:00,0.0
2030,sc01,08-17 09:00:00+02:00,0.0
2030,sc01,08-17 10:00:00+02:00,0.0
2030,sc01,08-17 11:00:00+02:00,0.0
2030,sc01,08-17 12:00:00+02:00,0.0
2030,sc01,08-17 13:00:00+02:00,0.0
2030,sc01,08-17 14:00:00+02:00,0.0
2030,sc01,08-17 15:00:00+02:00,0.0
2030,sc01,08-17 16:00:00+02:00,0.0
2030,sc01,08-17 17:00:00+02:00,0.0
2030,sc01,08-17 18:00:00+02:00,0.0
2030,sc01,08-17 19:00:00+02:00,34.130859480877426
2030,sc01,08-17 20:00:00+02:00,168.10392338518088
2030,sc01,08-17 21:00:00+02:00,133.44618602966787
2030,sc01,08-17 22:00:00+02:00,67.61242924541178
2030,sc01,08-17 23:00:00+02:00,27.41036655273745
2030,sc01,08-18 00:00:00+02:00,0.0
2030,sc01,08-18 01:00:00+02:00,0.0
2030,sc01,08-18 02:00:00+02:00,0.0
2030,sc01,08-18 03:00:00+02:00,0.0
2030,sc01,08-18 04:00:00+02:00,0.0
2030,sc01,08-18 05:00:00+02:00,0.0
2030,sc01,08-18 06:00:00+02:00,0.0
2030,sc01,08-18 07:00:00+02:00,0.0
2030,sc01,08-18 08:00:00+02:00,0.0
2030,sc01,08-18 09:00:00+02:00,0.0
2030,sc01,08-18 10:00:00+02:00,0.0
2030,sc01,08-18 11:00:00+02:00,0.0
2030,sc01,08-18 12:00:00+02:00,0.0
2030,sc01,08-18 13:00:00+02:00,0.0
2030,sc01,08-18 14:00:00+02:00,0.0
2030,sc01,08-18 15:00:00+02:00,0.0
2030,sc01,08-18 16:00:00+02:00,0.0
2030,sc01,08-18 17:00:00+02:00,0.0
2030,sc01,08-18 18:00:00+02:00,0.0
2030,sc01,08-18 19:00:00+02:00,72.77694253809688
2030,sc01,08-18 20:00:00+02:00,198.62736753422018
2030,sc01,08-18 21:00:00+02:00,172.58051507875354
2030,sc01,08-18 22:00:00+02:00,80.63441106138917
2030,sc01,08-18 23:00:00+02:00,0.0
2030,sc01,08-19 00:00:00+02:00,0.0
2030,sc01,08-19 01:00:00+02:00,0.0
2030,sc01,08-19 02:00:00+02:00,0.0
2030,sc01,08-19 03:00:00+02:00,0.0
2030,sc01,08-19 04:00:00+02:00,0.0
2030,sc01,08-19 05:00:00+02:00,0.0
2030,sc01,08-19 06:00:00+02:00,0.0
2030,sc01,08-19 07:00:00+02:00,20.819873321950165
2030,sc01,08-19 08:00:00+02:00,16.249075969780733
2030,sc01,08-19 09:00:00+02:00,14.057540481595062
2030,sc01,08-19 10:00:00+02:00,11.249802361811618
2030,sc01,08-19 11:00:00+02:00,32.35201668142413
2030,sc01,08-19 12:00:00+02:00,24.67219346126977
2030,sc01,08-19 13:00:00+02:00,29.191544484532805
2030,sc01,08-19 14:00:00+02:00,61.7844846152354
2030,sc01,08-19 15:00:00+02:00,52.69836334559167
2030,sc01,08-19 16:00:00+02:00,64.87197939101324
2030,sc01,08-19 17:00:00+02:00,133.9907555153197
2030,sc01,08-19 18:00:00+02:00,207.17543858708615
2030,sc01,08-19 19:00:00+02:00,424.71773714250025
2030,sc01,08-19 20:00:00+02:00,498.7681175386368
2030,sc01,08-19 21:00:00+02:00,407.6483609968203
2030,sc01,08-19 22:00:00+02:00,283.41527104770836
2030,sc01,08-19 23:00:00+02:00,155.4802726049358
2030,sc01,08-20 00:00:00+02:00,88.7225861801237
2030,sc01,08-20 01:00:00+02:00,0.0
2030,sc01,08-20 02:00:00+02:00,0.0
2030,sc01,08-20 03:00:00+02:00,0.0
2030,sc01,08-20 04:00:00+02:00,0.0
2030,sc01,08-20 05:00:00+02:00,0.0
2030,sc01,08-20 06:00:00+02:00,33.82162926013102
2030,sc01,08-20 07:00:00+02:00,53.68057437795099
2030,sc01,08-20 08:00:00+02:00,44.887007888574225
2030,sc01,08-20 09:00:00+02:00,41.282537158055916
2030,sc01,08-20 10:00:00+02:00,29.05018923969118
2030,sc01,08-20 11:00:00+02:00,56.84775664302356
2030,sc01,08-20 12:00:00+02:00,174.09639233882265
2030,sc01,08-20 13:00:00+02:00,169.16017232776537
2030,sc01,08-20 14:00:00+02:00,128.77245310621709
2030,sc01,08-20 15:00:00+02:00,125.69873880528054
2030,sc01,08-20 16:00:00+02:00,148.53976778141185
2030,sc01,08-20 17:00:00+02:00,194.73977107972675
2030,sc01,08-20 18:00:00+02:00,249.95619030727144
2030,sc01,08-20 19:00:00+02:00,381.2667402767297
2030,sc01,08-20 20:00:00+02:00,430.7727176858434
2030,sc01,08-20 21:00:00+02:00,337.47498955181374
2030,sc01,08-20 22:00:00+02:00,208.45231485839318
2030,sc01,08-20 23:00:00+02:00,117.8255498677037
2030,sc01,08-21 00:00:00+02:00,0.0
2030,sc01,08-21 01:00:00+02:00,0.0
2030,sc01,08-21 02:00:00+02:00,0.0
2030,sc01,08-21 03:00:00+02:00,0.0
2030,sc01,08-21 04:00:00+02:00,0.0
2030,sc01,08-21 05:00:00+02:00,0.0
2030,sc01,08-21 06:00:00+02:00,9.896137567861718
2030,sc01,08-21 07:00:00+02:00,38.36769902357467
2030,sc01,08-21 08:00:00+02:00,34.08177894469452
2030,sc01,08-21 09:00:00+02:00,31.919469517776815
2030,sc01,08-21 10:00:00+02:00,29.294393770689233
2030,sc01,08-21 11:00:00+02:00,58.37935000476557
2030,sc01,08-21 12:00:00+02:00,208.27581336331428
2030,sc01,08-21 13:00:00+02:00,186.23925093692944
2030,sc01,08-21 14:00:00+02:00,154.32361063618688
2030,sc01,08-21 15:00:00+02:00,125.08540569934803
2030,sc01,08-21 16:00:00+02:00,132.19209462442652
2030,sc01,08-21 17:00:00+02:00,191.4331671942082
2030,sc01,08-21 18:00:00+02:00,267.888555274419
2030,sc01,08-21 19:00:00+02:00,480.2019797925237
2030,sc01,08-21 20:00:00+02:00,547.8551055612941
2030,sc01,08-21 21:00:00+02:00,416.33300687053514
2030,sc01,08-21 22:00:00+02:00,287.2973352598397
2030,sc01,08-21 23:00:00+02:00,176.81286048112568
2030,sc01,08-22 00:00:00+02:00,110.8331301635426
2030,sc01,08-22 01:00:00+02:00,0.0
2030,sc01,08-22 02:00:00+02:00,0.0
2030,sc01,08-22 03:00:00+02:00,0.0
2030,sc01,08-22 04:00:00+02:00,0.0
2030,sc01,08-22 05:00:00+02:00,0.0
2030,sc01,08-22 06:00:00+02:00,12.851871170463493
2030,sc01,08-22 07:00:00+02:00,26.581109647182043
2030,sc01,08-22 08:00:00+02:00,42.89577743621074
2030,sc01,08-22 09:00:00+02:00,32.33979768322496
2030,sc01,08-22 10:00:00+02:00,33.91164445772993
2030,sc01,08-22 11:00:00+02:00,56.76922504165542
2030,sc01,08-22 12:00:00+02:00,54.87031065227625
2030,sc01,08-22 13:00:00+02:00,138.0667883134911
2030,sc01,08-22 14:00:00+02:00,148.75405945922407
2030,sc01,08-22 15:00:00+02:00,175.08762534168545
2030,sc01,08-22 16:00:00+02:00,202.21194402013117
2030,sc01,08-22 17:00:00+02:00,225.50731137703102
2030,sc01,08-22 18:00:00+02:00,300.6055430341296
2030,sc01,08-22 19:00:00+02:00,480.66543295302773
2030,sc01,08-22 20:00:00+02:00,499.7332124773825
2030,sc01,08-22 21:00:00+02:00,358.5146897177969
2030,sc01,08-22 22:00:00+02:00,221.8307738736396
2030,sc01,08-22 23:00:00+02:00,108.31944985142127
2030,sc01,08-23 00:00:00+02:00,62.69071367659858
2030,sc01,08-23 01:00:00+02:00,0.0
2030,sc01,08-23 02:00:00+02:00,0.0
2030,sc01,08-23 03:00:00+02:00,0.0
2030,sc01,08-23 04:00:00+02:00,0.0
2030,sc01,08-23 05:00:00+02:00,0.0
2030,sc01,08-23 06:00:00+02:00,22.925454870214345
2030,sc01,08-23 07:00:00+02:00,19.5762648403236
2030,sc01,08-23 08:00:00+02:00,23.722356763853984
2030,sc01,08-23 09:00:00+02:00,22.111025835515402
2030,sc01,08-23 10:00:00+02:00,49.07328218028558
2030,sc01,08-23 11:00:00+02:00,50.87019509567626
2030,sc01,08-23 12:00:00+02:00,47.46155342213261
2030,sc01,08-23 13:00:00+02:00,191.08945074752012
2030,sc01,08-23 14:00:00+02:00,165.66679580151512
2030,sc01,08-23 15:00:00+02:00,168.6530111690245
2030,sc01,08-23 16:00:00+02:00,198.57134182266253
2030,sc01,08-23 17:00:00+02:00,228.09415206537918
2030,sc01,08-23 18:00:00+02:00,260.65290165159547
2030,sc01,08-23 19:00:00+02:00,384.3155231825741
2030,sc01,08-23 20:00:00+02:00,417.91980640118953
2030,sc01,08-23 21:00:00+02:00,320.59610313840824
2030,sc01,08-23 22:00:00+02:00,225.61279714984624
2030,sc01,08-23 23:00:00+02:00,136.85082951091437
2030,sc01,08-24 00:00:00+02:00,98.62834543738403
2030,sc01,08-24 01:00:00+02:00,0.0
2030,sc01,08-24 02:00:00+02:00,0.0
2030,sc01,08-24 03:00:00+02:00,0.0
2030,sc01,08-24 04:00:00+02:00,0.0
2030,sc01,08-24 05:00:00+02:00,0.0
2030,sc01,08-24 06:00:00+02:00,0.0
2030,sc01,08-24 07:00:00+02:00,2.61552835737122
2030,sc01,08-24 08:00:00+02:00,15.607454524942986
2030,sc01,08-24 09:00:00+02:00,6.041929416028317
2030,sc01,08-24 10:00:00+02:00,7.140832353709439
2030,sc01,08-24 11:00:00+02:00,37.56267831078771
2030,sc01,08-24 12:00:00+02:00,131.08209332147487
2030,sc01,08-24 13:00:00+02:00,105.66044901994525
2030,sc01,08-24 14:00:00+02:00,83.50140260901449
2030,sc01,08-24 15:00:00+02:00,82.25991257414432
2030,sc01,08-24 16:00:00+02:00,103.82696362139403
2030,sc01,08-24 17:00:00+02:00,107.69055460924676
2030,sc01,08-24 18:00:00+02:00,127.80290585652429
2030,sc01,08-24 19:00:00+02:00,270.11513677006275
2030,sc01,08-24 20:00:00+02:00,313.45988859459993
2030,sc01,08-24 21:00:00+02:00,234.9419578695638
2030,sc01,08-24 22:00:00+02:00,153.72336224627614
2030,sc01,08-24 23:00:00+02:00,0.0
2030,sc01,08-25 00:00:00+02:00,0.0
2030,sc01,08-25 01:00:00+02:00,0.0
2030,sc01,08-25 02:00:00+02:00,0.0
2030,sc01,08-25 03:00:00+02:00,0.0
2030,sc01,08-25 04:00:00+02:00,0.0
2030,sc01,08-25 05:00:00+02:00,0.0
2030,sc01,08-25 06:00:00+02:00,0.0
2030,sc01,08-25 07:00:00+02:00,0.0
2030,sc01,08-25 08:00:00+02:00,0.0
2030,sc01,08-25 09:00:00+02:00,0.0
2030,sc01,08-25 10:00:00+02:00,0.0
2030,sc01,08-25 11:00:00+02:00,0.0
2030,sc01,08-25 12:00:00+02:00,0.0
2030,sc01,08-25 13:00:00+02:00,0.0
2030,sc01,08-25 14:00:00+02:00,0.0
2030,sc01,08-25 15:00:00+02:00,0.0
2030,sc01,08-25 16:00:00+02:00,0.0
2030,sc01,08-25 17:00:00+02:00,22.21365775005257
2030,sc01,08-25 18:00:00+02:00,68.66662626559027
2030,sc01,08-25 19:00:00+02:00,291.6037752303131
2030,sc01,08-25 20:00:00+02:00,328.21270292988214
2030,sc01,08-25 21:00:00+02:00,276.62941895649993
2030,sc01,08-25 22:00:00+02:00,167.78136856894557
2030,sc01,08-25 23:00:00+02:00,106.2358172890685
2030,sc01,08-26 00:00:00+02:00,96.97588378797153
2030,sc01,08-26 01:00:00+02:00,94.72215784585192
2030,sc01,08-26 02:00:00+02:00,0.0
2030,sc01,08-26 03:00:00+02:00,0.0
2030,sc01,08-26 04:00:00+02:00,0.0
2030,sc01,08-26 05:00:00+02:00,8.67562393994931
2030,sc01,08-26 06:00:00+02:00,51.370036151566126
2030,sc01,08-26 07:00:00+02:00,169.4215064247677
2030,sc01,08-26 08:00:00+02:00,113.0298969419869
2030,sc01,08-26 09:00:00+02:00,105.6337433985246
2030,sc01,08-26 10:00:00+02:00,97.00555566684669
2030,sc01,08-26 11:00:00+02:00,214.66021704020142
2030,sc01,08-26 12:00:00+02:00,411.84244303021194
2030,sc01,08-26 13:00:00+02:00,364.99946381547556
2030,sc01,08-26 14:00:00+02:00,342.09191238659633
2030,sc01,08-26 15:00:00+02:00,344.34037206045616
2030,sc01,08-26 16:00:00+02:00,390.98734861180213
2030,sc01,08-26 17:00:00+02:00,381.141334394182
2030,sc01,08-26 18:00:00+02:00,460.2795256250202
2030,sc01,08-26 19:00:00+02:00,663.2283227241493
2030,sc01,08-26 20:00:00+02:00,670.1572727380895
2030,sc01,08-26 21:00:00+02:00,534.1227200664765
2030,sc01,08-26 22:00:00+02:00,402.2534127570214
2030,sc01,08-26 23:00:00+02:00,304.2336546834514
2030,sc01,08-27 00:00:00+02:00,252.38903376503168
2030,sc01,08-27 01:00:00+02:00,91.21519115556362
2030,sc01,08-27 02:00:00+02:00,0.0
2030,sc01,08-27 03:00:00+02:00,0.0
2030,sc01,08-27 04:00:00+02:00,0.0
2030,sc01,08-27 05:00:00+02:00,28.77893819364736
2030,sc01,08-27 06:00:00+02:00,69.40516088747016
2030,sc01,08-27 07:00:00+02:00,99.28229462339081
2030,sc01,08-27 08:00:00+02:00,110.99323495397218
2030,sc01,08-27 09:00:00+02:00,153.09990586671893
2030,sc01,08-27 10:00:00+02:00,244.388529910098
2030,sc01,08-27 11:00:00+02:00,197.9553944485513
2030,sc01,08-27 12:00:00+02:00,392.9940011965675
2030,sc01,08-27 13:00:00+02:00,342.16012405754196
2030,sc01,08-27 14:00:00+02:00,317.9546598780847
2030,sc01,08-27 15:00:00+02:00,308.681839317479
2030,sc01,08-27 16:00:00+02:00,340.7317731674728
2030,sc01,08-27 17:00:00+02:00,350.19970833195566
2030,sc01,08-27 18:00:00+02:00,380.0912002496454
2030,sc01,08-27 19:00:00+02:00,532.9667711064359
2030,sc01,08-27 20:00:00+02:00,527.4176024474657
2030,sc01,08-27 21:00:00+02:00,388.00547872047713
2030,sc01,08-27 22:00:00+02:00,264.405630519975
2030,sc01,08-27 23:00:00+02:00,166.79376657390293
2030,sc01,08-28 00:00:00+02:00,118.65137465874622
2030,sc01,08-28 01:00:00+02:00,103.87212516195298
2030,sc01,08-28 02:00:00+02:00,0.0
2030,sc01,08-28 03:00:00+02:00,0.0
2030,sc01,08-28 04:00:00+02:00,0.0
2030,sc01,08-28 05:00:00+02:00,14.263323653875018
2030,sc01,08-28 06:00:00+02:00,80.06822898086932
2030,sc01,08-28 07:00:00+02:00,86.03304910393655
2030,sc01,08-28 08:00:00+02:00,60.47310645402132
2030,sc01,08-28 09:00:00+02:00,41.831827939680416
2030,sc01,08-28 10:00:00+02:00,36.1441742790257
2030,sc01,08-28 11:00:00+02:00,339.36794828074386
2030,sc01,08-28 12:00:00+02:00,279.890786034495
2030,sc01,08-28 13:00:00+02:00,250.2460447051989
2030,sc01,08-28 14:00:00+02:00,221.94116298991895
2030,sc01,08-28 15:00:00+02:00,214.241509882529
2030,sc01,08-28 16:00:00+02:00,216.15604926875062
2030,sc01,08-28 17:00:00+02:00,251.93428279710207
2030,sc01,08-28 18:00:00+02:00,269.57323453643886
2030,sc01,08-28 19:00:00+02:00,460.0287811401041
2030,sc01,08-28 20:00:00+02:00,478.2230285968288
2030,sc01,08-28 21:00:00+02:00,359.4340834319291
2030,sc01,08-28 22:00:00+02:00,270.00387104635024
2030,sc01,08-28 23:00:00+02:00,193.13756047117565
2030,sc01,08-29 00:00:00+02:00,0.0
2030,sc01,08-29 01:00:00+02:00,0.0
2030,sc01,08-29 02:00:00+02:00,0.0
2030,sc01,08-29 03:00:00+02:00,0.0
2030,sc01,08-29 04:00:00+02:00,0.0
2030,sc01,08-29 05:00:00+02:00,32.98531007816092
2030,sc01,08-29 06:00:00+02:00,205.17720821932713
2030,sc01,08-29 07:00:00+02:00,229.64510023293272
2030,sc01,08-29 08:00:00+02:00,51.834702827098674
2030,sc01,08-29 09:00:00+02:00,57.218582172304025
2030,sc01,08-29 10:00:00+02:00,80.57113841586838
2030,sc01,08-29 11:00:00+02:00,213.5856798080521
2030,sc01,08-29 12:00:00+02:00,363.3706698156287
2030,sc01,08-29 13:00:00+02:00,273.03464692849707
2030,sc01,08-29 14:00:00+02:00,260.8234177450845
2030,sc01,08-29 15:00:00+02:00,233.7137245529266
2030,sc01,08-29 16:00:00+02:00,243.82981916488785
2030,sc01,08-29 17:00:00+02:00,258.59766080605766
2030,sc01,08-29 18:00:00+02:00,319.7080759190657
2030,sc01,08-29 19:00:00+02:00,573.9553390355356
2030,sc01,08-29 20:00:00+02:00,415.0829063724664
2030,sc01,08-29 21:00:00+02:00,310.77858205117496
2030,sc01,08-29 22:00:00+02:00,205.5324821533506
2030,sc01,08-29 23:00:00+02:00,85.32238890568391
2030,sc01,08-30 00:00:00+02:00,14.16863401809267
2030,sc01,08-30 01:00:00+02:00,0.0
2030,sc01,08-30 02:00:00+02:00,0.0
2030,sc01,08-30 03:00:00+02:00,0.0
2030,sc01,08-30 04:00:00+02:00,0.0
2030,sc01,08-30 05:00:00+02:00,19.556503712979556
2030,sc01,08-30 06:00:00+02:00,113.25216974540517
2030,sc01,08-30 07:00:00+02:00,110.44299688632512
2030,sc01,08-30 08:00:00+02:00,104.93845819831306
2030,sc01,08-30 09:00:00+02:00,79.66503387445584
2030,sc01,08-30 10:00:00+02:00,69.84073017909685
2030,sc01,08-30 11:00:00+02:00,89.36785836996837
2030,sc01,08-30 12:00:00+02:00,231.96114208591206
2030,sc01,08-30 13:00:00+02:00,170.60778922781537
2030,sc01,08-30 14:00:00+02:00,137.79169883607148
2030,sc01,08-30 15:00:00+02:00,111.658042889771
2030,sc01,08-30 16:00:00+02:00,134.8089961676031
2030,sc01,08-30 17:00:00+02:00,160.45153500285974
2030,sc01,08-30 18:00:00+02:00,231.8089560954251
2030,sc01,08-30 19:00:00+02:00,469.7647491795989
2030,sc01,08-30 20:00:00+02:00,291.8650066783676
2030,sc01,08-30 21:00:00+02:00,182.5080941942954
2030,sc01,08-30 22:00:00+02:00,69.03959002357841
2030,sc01,08-30 23:00:00+02:00,0.0
2030,sc01,08-31 00:00:00+02:00,0.0
2030,sc01,08-31 01:00:00+02:00,0.0
2030,sc01,08-31 02:00:00+02:00,0.0
2030,sc01,08-31 03:00:00+02:00,0.0
2030,sc01,08-31 04:00:00+02:00,0.0
2030,sc01,08-31 05:00:00+02:00,0.0
2030,sc01,08-31 06:00:00+02:00,0.0
2030,sc01,08-31 07:00:00+02:00,0.0
2030,sc01,08-31 08:00:00+02:00,11.66697809923193
2030,sc01,08-31 09:00:00+02:00,18.087538816060235
2030,sc01,08-31 10:00:00+02:00,19.475319006165478
2030,sc01,08-31 11:00:00+02:00,15.961153098384338
2030,sc01,08-31 12:00:00+02:00,9.751990741094978
2030,sc01,08-31 13:00:00+02:00,23.335110801554823
2030,sc01,08-31 14:00:00+02:00,10.550421537422773
2030,sc01,08-31 15:00:00+02:00,9.260423558458077
2030,sc01,08-31 16:00:00+02:00,6.295605407933412
2030,sc01,08-31 17:00:00+02:00,21.368708240460094
2030,sc01,08-31 18:00:00+02:00,55.191174219139874
2030,sc01,08-31 19:00:00+02:00,241.27706119753694
2030,sc01,08-31 20:00:00+02:00,246.83784942448438
2030,sc01,08-31 21:00:00+02:00,142.98529677837752
2030,sc01,08-31 22:00:00+02:00,48.97328395591888
2030,sc01,08-31 23:00:00+02:00,0.0
2030,sc01,09-01 00:00:00+02:00,0.0
2030,sc01,09-01 01:00:00+02:00,0.0
2030,sc01,09-01 02:00:00+02:00,0.0
2030,sc01,09-01 03:00:00+02:00,0.0
2030,sc01,09-01 04:00:00+02:00,0.0
2030,sc01,09-01 05:00:00+02:00,0.0
2030,sc01,09-01 06:00:00+02:00,0.0
2030,sc01,09-01 07:00:00+02:00,0.0
2030,sc01,09-01 08:00:00+02:00,0.0
2030,sc01,09-01 09:00:00+02:00,0.0
2030,sc01,09-01 10:00:00+02:00,0.0
2030,sc01,09-01 11:00:00+02:00,0.0
2030,sc01,09-01 12:00:00+02:00,0.0
2030,sc01,09-01 13:00:00+02:00,0.0
2030,sc01,09-01 14:00:00+02:00,0.0
2030,sc01,09-01 15:00:00+02:00,0.0
2030,sc01,09-01 16:00:00+02:00,0.0
2030,sc01,09-01 17:00:00+02:00,0.0
2030,sc01,09-01 18:00:00+02:00,0.0
2030,sc01,09-01 19:00:00+02:00,149.28971907625757
2030,sc01,09-01 20:00:00+02:00,210.1540631673433
2030,sc01,09-01 21:00:00+02:00,156.22999604012233
2030,sc01,09-01 22:00:00+02:00,114.66089103161288
2030,sc01,09-01 23:00:00+02:00,0.0
2030,sc01,09-02 00:00:00+02:00,0.0
2030,sc01,09-02 01:00:00+02:00,0.0
2030,sc01,09-02 02:00:00+02:00,0.0
2030,sc01,09-02 03:00:00+02:00,0.0
2030,sc01,09-02 04:00:00+02:00,0.0
2030,sc01,09-02 05:00:00+02:00,0.21978291607237063
2030,sc01,09-02 06:00:00+02:00,75.48315524030534
2030,sc01,09-02 07:00:00+02:00,72.15990104240738
2030,sc01,09-02 08:00:00+02:00,26.953219729157084
2030,sc01,09-02 09:00:00+02:00,21.95214670577116
2030,sc01,09-02 10:00:00+02:00,20.939578303356395
2030,sc01,09-02 11:00:00+02:00,22.090068868573443
2030,sc01,09-02 12:00:00+02:00,23.14454033965135
2030,sc01,09-02 13:00:00+02:00,159.84170730514546
2030,sc01,09-02 14:00:00+02:00,122.84694286589382
2030,sc01,09-02 15:00:00+02:00,95.80638457276925
2030,sc01,09-02 16:00:00+02:00,124.48989343875688
2030,sc01,09-02 17:00:00+02:00,178.23642320089434
2030,sc01,09-02 18:00:00+02:00,274.94734687410187
2030,sc01,09-02 19:00:00+02:00,504.6730867186209
2030,sc01,09-02 20:00:00+02:00,504.74586291041413
2030,sc01,09-02 21:00:00+02:00,361.0072836977516
2030,sc01,09-02 22:00:00+02:00,248.30461649974845
2030,sc01,09-02 23:00:00+02:00,154.7479106563789
2030,sc01,09-03 00:00:00+02:00,0.0
2030,sc01,09-03 01:00:00+02:00,0.0
2030,sc01,09-03 02:00:00+02:00,0.0
2030,sc01,09-03 03:00:00+02:00,0.0
2030,sc01,09-03 04:00:00+02:00,0.0
2030,sc01,09-03 05:00:00+02:00,14.031500953760068
2030,sc01,09-03 06:00:00+02:00,138.08422792397093
2030,sc01,09-03 07:00:00+02:00,125.7450285588886
2030,sc01,09-03 08:00:00+02:00,42.76941904080974
2030,sc01,09-03 09:00:00+02:00,30.407394971214895
2030,sc01,09-03 10:00:00+02:00,19.55740959640494
2030,sc01,09-03 11:00:00+02:00,69.96504720458306
2030,sc01,09-03 12:00:00+02:00,30.871883025156638
2030,sc01,09-03 13:00:00+02:00,16.80284227277382
2030,sc01,09-03 14:00:00+02:00,12.024147691909352
2030,sc01,09-03 15:00:00+02:00,8.728807359977894
2030,sc01,09-03 16:00:00+02:00,14.755588350537302
2030,sc01,09-03 17:00:00+02:00,50.432076646908556
2030,sc01,09-03 18:00:00+02:00,196.97291553516462
2030,sc01,09-03 19:00:00+02:00,481.4254228711579
2030,sc01,09-03 20:00:00+02:00,489.04261252941933
2030,sc01,09-03 21:00:00+02:00,359.83934564864336
2030,sc01,09-03 22:00:00+02:00,266.3040597320573
2030,sc01,09-03 23:00:00+02:00,10.743693319652888
2030,sc01,09-04 00:00:00+02:00,0.0
2030,sc01,09-04 01:00:00+02:00,0.0
2030,sc01,09-04 02:00:00+02:00,0.0
2030,sc01,09-04 03:00:00+02:00,0.0
2030,sc01,09-04 04:00:00+02:00,0.0
2030,sc01,09-04 05:00:00+02:00,20.86516709327517
2030,sc01,09-04 06:00:00+02:00,101.8933319334708
2030,sc01,09-04 07:00:00+02:00,102.81794386199186
2030,sc01,09-04 08:00:00+02:00,9.443828900565428
2030,sc01,09-04 09:00:00+02:00,6.276072668622779
2030,sc01,09-04 10:00:00+02:00,5.8677792106692905
2030,sc01,09-04 11:00:00+02:00,5.055095494172304
2030,sc01,09-04 12:00:00+02:00,64.77579796707867
2030,sc01,09-04 13:00:00+02:00,39.63709767853836
2030,sc01,09-04 14:00:00+02:00,24.84818411149227
2030,sc01,09-04 15:00:00+02:00,27.225338714836447
2030,sc01,09-04 16:00:00+02:00,67.5794278004168
2030,sc01,09-04 17:00:00+02:00,122.74876113584965
2030,sc01,09-04 18:00:00+02:00,214.82017974148292
2030,sc01,09-04 19:00:00+02:00,498.87906978565366
2030,sc01,09-04 20:00:00+02:00,476.74337192112904
2030,sc01,09-04 21:00:00+02:00,133.78349084633618
2030,sc01,09-04 22:00:00+02:00,30.904971196846265
2030,sc01,09-04 23:00:00+02:00,0.0
2030,sc01,09-05 00:00:00+02:00,0.0
2030,sc01,09-05 01:00:00+02:00,0.0
2030,sc01,09-05 02:00:00+02:00,0.0
2030,sc01,09-05 03:00:00+02:00,0.0
2030,sc01,09-05 04:00:00+02:00,0.0
2030,sc01,09-05 05:00:00+02:00,19.07432077673935
2030,sc01,09-05 06:00:00+02:00,77.5645140952776
2030,sc01,09-05 07:00:00+02:00,49.93778180950129
2030,sc01,09-05 08:00:00+02:00,11.560697590804129
2030,sc01,09-05 09:00:00+02:00,8.575251761633186
2030,sc01,09-05 10:00:00+02:00,8.25962316907954
2030,sc01,09-05 11:00:00+02:00,10.190356025350598
2030,sc01,09-05 12:00:00+02:00,19.169348141392327
2030,sc01,09-05 13:00:00+02:00,15.991239207022785
2030,sc01,09-05 14:00:00+02:00,14.199651211547712
2030,sc01,09-05 15:00:00+02:00,15.186346594437024
2030,sc01,09-05 16:00:00+02:00,18.302094585531652
2030,sc01,09-05 17:00:00+02:00,17.240443794809774
2030,sc01,09-05 18:00:00+02:00,69.91714072191431
2030,sc01,09-05 19:00:00+02:00,313.3583957917257
2030,sc01,09-05 20:00:00+02:00,315.60305464270397
2030,sc01,09-05 21:00:00+02:00,223.81744718938307
2030,sc01,09-05 22:00:00+02:00,160.9306021121564
2030,sc01,09-05 23:00:00+02:00,0.0
2030,sc01,09-06 00:00:00+02:00,0.0
2030,sc01,09-06 01:00:00+02:00,0.0
2030,sc01,09-06 02:00:00+02:00,0.0
2030,sc01,09-06 03:00:00+02:00,0.0
2030,sc01,09-06 04:00:00+02:00,0.0
2030,sc01,09-06 05:00:00+02:00,20.055275358143756
2030,sc01,09-06 06:00:00+02:00,82.22583378820056
2030,sc01,09-06 07:00:00+02:00,101.1075563138801
2030,sc01,09-06 08:00:00+02:00,10.1748433878655
2030,sc01,09-06 09:00:00+02:00,5.420971682429609
2030,sc01,09-06 10:00:00+02:00,2.1033149513472393
2030,sc01,09-06 11:00:00+02:00,0.0
2030,sc01,09-06 12:00:00+02:00,0.0
2030,sc01,09-06 13:00:00+02:00,28.028995266188733
2030,sc01,09-06 14:00:00+02:00,15.688908225182457
2030,sc01,09-06 15:00:00+02:00,23.100756103149354
2030,sc01,09-06 16:00:00+02:00,11.248447483526276
2030,sc01,09-06 17:00:00+02:00,146.71479967386279
2030,sc01,09-06 18:00:00+02:00,245.16979119342315
2030,sc01,09-06 19:00:00+02:00,459.7922626553484
2030,sc01,09-06 20:00:00+02:00,473.0218148951873
2030,sc01,09-06 21:00:00+02:00,191.19889548116254
2030,sc01,09-06 22:00:00+02:00,76.78865931727316
2030,sc01,09-06 23:00:00+02:00,0.0
2030,sc01,09-07 00:00:00+02:00,0.0
2030,sc01,09-07 01:00:00+02:00,0.0
2030,sc01,09-07 02:00:00+02:00,0.0
2030,sc01,09-07 03:00:00+02:00,0.0
2030,sc01,09-07 04:00:00+02:00,0.0
2030,sc01,09-07 05:00:00+02:00,0.0
2030,sc01,09-07 06:00:00+02:00,0.0
2030,sc01,09-07 07:00:00+02:00,0.0
2030,sc01,09-07 08:00:00+02:00,0.0
2030,sc01,09-07 09:00:00+02:00,0.0
2030,sc01,09-07 10:00:00+02:00,0.0
2030,sc01,09-07 11:00:00+02:00,0.0
2030,sc01,09-07 12:00:00+02:00,50.37308218995415
2030,sc01,09-07 13:00:00+02:00,27.14365747485253
2030,sc01,09-07 14:00:00+02:00,0.0
2030,sc01,09-07 15:00:00+02:00,2.5019863707744876
2030,sc01,09-07 16:00:00+02:00,34.17825410561721
2030,sc01,09-07 17:00:00+02:00,71.38742195555304
2030,sc01,09-07 18:00:00+02:00,150.73996383412356
2030,sc01,09-07 19:00:00+02:00,380.4960134099931
2030,sc01,09-07 20:00:00+02:00,404.1155867053396
2030,sc01,09-07 21:00:00+02:00,339.42713171089264
2030,sc01,09-07 22:00:00+02:00,253.13241930363583
2030,sc01,09-07 23:00:00+02:00,7.957756606677286
2030,sc01,09-08 00:00:00+02:00,0.0
2030,sc01,09-08 01:00:00+02:00,0.0
2030,sc01,09-08 02:00:00+02:00,0.0
2030,sc01,09-08 03:00:00+02:00,0.0
2030,sc01,09-08 04:00:00+02:00,0.0
2030,sc01,09-08 05:00:00+02:00,0.0
2030,sc01,09-08 06:00:00+02:00,0.0
2030,sc01,09-08 07:00:00+02:00,0.0
2030,sc01,09-08 08:00:00+02:00,0.0
2030,sc01,09-08 09:00:00+02:00,0.0
2030,sc01,09-08 10:00:00+02:00,0.0
2030,sc01,09-08 11:00:00+02:00,0.0
2030,sc01,09-08 12:00:00+02:00,54.61201239467741
2030,sc01,09-08 13:00:00+02:00,22.03318901972983
2030,sc01,09-08 14:00:00+02:00,37.16362089619388
2030,sc01,09-08 15:00:00+02:00,33.498461194331746
2030,sc01,09-08 16:00:00+02:00,36.816787603624654
2030,sc01,09-08 17:00:00+02:00,59.636748275618245
2030,sc01,09-08 18:00:00+02:00,141.9468370115985
2030,sc01,09-08 19:00:00+02:00,341.2599550571745
2030,sc01,09-08 20:00:00+02:00,361.27704708284233
2030,sc01,09-08 21:00:00+02:00,317.6151115188376
2030,sc01,09-08 22:00:00+02:00,257.4732593361689
2030,sc01,09-08 23:00:00+02:00,0.0
2030,sc01,09-09 00:00:00+02:00,0.0
2030,sc01,09-09 01:00:00+02:00,0.0
2030,sc01,09-09 02:00:00+02:00,0.0
2030,sc01,09-09 03:00:00+02:00,0.0
2030,sc01,09-09 04:00:00+02:00,0.0
2030,sc01,09-09 05:00:00+02:00,12.585255153176714
2030,sc01,09-09 06:00:00+02:00,86.14502657822096
2030,sc01,09-09 07:00:00+02:00,66.21490006271458
2030,sc01,09-09 08:00:00+02:00,24.086100774560002
2030,sc01,09-09 09:00:00+02:00,22.052463618530503
2030,sc01,09-09 10:00:00+02:00,20.50642480669952
2030,sc01,09-09 11:00:00+02:00,47.53974944609009
2030,sc01,09-09 12:00:00+02:00,21.586097838880477
2030,sc01,09-09 13:00:00+02:00,152.21871695122573
2030,sc01,09-09 14:00:00+02:00,132.0718892859013
2030,sc01,09-09 15:00:00+02:00,145.96602623718434
2030,sc01,09-09 16:00:00+02:00,180.60300192437606
2030,sc01,09-09 17:00:00+02:00,208.76690021058045
2030,sc01,09-09 18:00:00+02:00,373.8782297367331
2030,sc01,09-09 19:00:00+02:00,539.4307687471432
2030,sc01,09-09 20:00:00+02:00,488.9871619214731
2030,sc01,09-09 21:00:00+02:00,369.4130495381163
2030,sc01,09-09 22:00:00+02:00,267.4281510953328
2030,sc01,09-09 23:00:00+02:00,192.19924214825568
2030,sc01,09-10 00:00:00+02:00,5.834185561562763
2030,sc01,09-10 01:00:00+02:00,0.0
2030,sc01,09-10 02:00:00+02:00,0.0
2030,sc01,09-10 03:00:00+02:00,0.0
2030,sc01,09-10 04:00:00+02:00,0.0
2030,sc01,09-10 05:00:00+02:00,23.475535196961882
2030,sc01,09-10 06:00:00+02:00,92.16863443380448
2030,sc01,09-10 07:00:00+02:00,81.43645187316821
2030,sc01,09-10 08:00:00+02:00,12.082306390692521
2030,sc01,09-10 09:00:00+02:00,7.371058023951587
2030,sc01,09-10 10:00:00+02:00,3.2283829929447414
2030,sc01,09-10 11:00:00+02:00,3.37382636874006
2030,sc01,09-10 12:00:00+02:00,1.4423710553151448
2030,sc01,09-10 13:00:00+02:00,44.714077932279274
2030,sc01,09-10 14:00:00+02:00,18.50778056939456
2030,sc01,09-10 15:00:00+02:00,26.18265065799481
2030,sc01,09-10 16:00:00+02:00,71.99529378166177
2030,sc01,09-10 17:00:00+02:00,112.11568294958866
2030,sc01,09-10 18:00:00+02:00,230.05077267114518
2030,sc01,09-10 19:00:00+02:00,453.97846461093746
2030,sc01,09-10 20:00:00+02:00,440.05361588833654
2030,sc01,09-10 21:00:00+02:00,310.14891500506894
2030,sc01,09-10 22:00:00+02:00,182.93535251184883
2030,sc01,09-10 23:00:00+02:00,97.33480835845711
2030,sc01,09-11 00:00:00+02:00,0.0
2030,sc01,09-11 01:00:00+02:00,0.0
2030,sc01,09-11 02:00:00+02:00,0.0
2030,sc01,09-11 03:00:00+02:00,0.0
2030,sc01,09-11 04:00:00+02:00,0.0
2030,sc01,09-11 05:00:00+02:00,1.1076187048887143
2030,sc01,09-11 06:00:00+02:00,55.643085656439894
2030,sc01,09-11 07:00:00+02:00,35.496171298026034
2030,sc01,09-11 08:00:00+02:00,7.623745010114894
2030,sc01,09-11 09:00:00+02:00,4.191135196812328
2030,sc01,09-11 10:00:00+02:00,3.7051731757368294
2030,sc01,09-11 11:00:00+02:00,3.5983750509983286
2030,sc01,09-11 12:00:00+02:00,13.240901743222507
2030,sc01,09-11 13:00:00+02:00,9.123213987801668
2030,sc01,09-11 14:00:00+02:00,9.429944807991918
2030,sc01,09-11 15:00:00+02:00,8.13297854163634
2030,sc01,09-11 16:00:00+02:00,6.494815922809177
2030,sc01,09-11 17:00:00+02:00,3.098606761692925
2030,sc01,09-11 18:00:00+02:00,56.674243219860436
2030,sc01,09-11 19:00:00+02:00,287.5786758574155
2030,sc01,09-11 20:00:00+02:00,244.98067479271194
2030,sc01,09-11 21:00:00+02:00,27.588398870947138
2030,sc01,09-11 22:00:00+02:00,0.0
2030,sc01,09-11 23:00:00+02:00,0.0
2030,sc01,09-12 00:00:00+02:00,0.0
2030,sc01,09-12 01:00:00+02:00,0.0
2030,sc01,09-12 02:00:00+02:00,0.0
2030,sc01,09-12 03:00:00+02:00,0.0
2030,sc01,09-12 04:00:00+02:00,0.0
2030,sc01,09-12 05:00:00+02:00,0.0
2030,sc01,09-12 06:00:00+02:00,44.26787002771681
2030,sc01,09-12 07:00:00+02:00,38.727437773179325
2030,sc01,09-12 08:00:00+02:00,8.759394162313107
2030,sc01,09-12 09:00:00+02:00,6.237498759631506
2030,sc01,09-12 10:00:00+02:00,2.4692748544651306
2030,sc01,09-12 11:00:00+02:00,2.4444669027581183
2030,sc01,09-12 12:00:00+02:00,0.41730426012128646
2030,sc01,09-12 13:00:00+02:00,0.0
2030,sc01,09-12 14:00:00+02:00,2.706228909488432
2030,sc01,09-12 15:00:00+02:00,0.0
2030,sc01,09-12 16:00:00+02:00,0.3106590335323823
2030,sc01,09-12 17:00:00+02:00,0.0
2030,sc01,09-12 18:00:00+02:00,140.97333673052637
2030,sc01,09-12 19:00:00+02:00,293.49013408316847
2030,sc01,09-12 20:00:00+02:00,265.23668849567804
2030,sc01,09-12 21:00:00+02:00,145.20030855667028
2030,sc01,09-12 22:00:00+02:00,67.17696391947493
2030,sc01,09-12 23:00:00+02:00,0.0
2030,sc01,09-13 00:00:00+02:00,0.0
2030,sc01,09-13 01:00:00+02:00,0.0
2030,sc01,09-13 02:00:00+02:00,0.0
2030,sc01,09-13 03:00:00+02:00,0.0
2030,sc01,09-13 04:00:00+02:00,0.0
2030,sc01,09-13 05:00:00+02:00,0.0
2030,sc01,09-13 06:00:00+02:00,35.39467319598477
2030,sc01,09-13 07:00:00+02:00,33.90834317018402
2030,sc01,09-13 08:00:00+02:00,7.6471585521711045
2030,sc01,09-13 09:00:00+02:00,6.914664798228466
2030,sc01,09-13 10:00:00+02:00,3.4988783658309797
2030,sc01,09-13 11:00:00+02:00,3.412166186869659
2030,sc01,09-13 12:00:00+02:00,10.89298500204019
2030,sc01,09-13 13:00:00+02:00,9.879091704384498
2030,sc01,09-13 14:00:00+02:00,8.342364852044351
2030,sc01,09-13 15:00:00+02:00,6.3325493808735
2030,sc01,09-13 16:00:00+02:00,5.731265072501796
2030,sc01,09-13 17:00:00+02:00,4.150016336627686
2030,sc01,09-13 18:00:00+02:00,182.97657433598653
2030,sc01,09-13 19:00:00+02:00,301.8329281097452
2030,sc01,09-13 20:00:00+02:00,234.26479871143212
2030,sc01,09-13 21:00:00+02:00,140.42782655118543
2030,sc01,09-13 22:00:00+02:00,44.319926345290924
2030,sc01,09-13 23:00:00+02:00,0.0
2030,sc01,09-14 00:00:00+02:00,0.0
2030,sc01,09-14 01:00:00+02:00,0.0
2030,sc01,09-14 02:00:00+02:00,0.0
2030,sc01,09-14 03:00:00+02:00,0.0
2030,sc01,09-14 04:00:00+02:00,0.0
2030,sc01,09-14 05:00:00+02:00,0.0
2030,sc01,09-14 06:00:00+02:00,0.0
2030,sc01,09-14 07:00:00+02:00,0.0
2030,sc01,09-14 08:00:00+02:00,0.0
2030,sc01,09-14 09:00:00+02:00,0.0
2030,sc01,09-14 10:00:00+02:00,0.0
2030,sc01,09-14 11:00:00+02:00,0.0
2030,sc01,09-14 12:00:00+02:00,0.0
2030,sc01,09-14 13:00:00+02:00,0.0
2030,sc01,09-14 14:00:00+02:00,0.0
2030,sc01,09-14 15:00:00+02:00,0.0
2030,sc01,09-14 16:00:00+02:00,0.0
2030,sc01,09-14 17:00:00+02:00,0.0
2030,sc01,09-14 18:00:00+02:00,29.505475451594165
2030,sc01,09-14 19:00:00+02:00,152.85310425739078
2030,sc01,09-14 20:00:00+02:00,91.56443193024667
2030,sc01,09-14 21:00:00+02:00,3.523906894249007
2030,sc01,09-14 22:00:00+02:00,0.0
2030,sc01,09-14 23:00:00+02:00,0.0
2030,sc01,09-15 00:00:00+02:00,0.0
2030,sc01,09-15 01:00:00+02:00,0.0
2030,sc01,09-15 02:00:00+02:00,0.0
2030,sc01,09-15 03:00:00+02:00,0.0
2030,sc01,09-15 04:00:00+02:00,0.0
2030,sc01,09-15 05:00:00+02:00,0.0
2030,sc01,09-15 06:00:00+02:00,0.0
2030,sc01,09-15 07:00:00+02:00,0.0
2030,sc01,09-15 08:00:00+02:00,0.0
2030,sc01,09-15 09:00:00+02:00,0.0
2030,sc01,09-15 10:00:00+02:00,0.0
2030,sc01,09-15 11:00:00+02:00,0.0
2030,sc01,09-15 12:00:00+02:00,0.0
2030,sc01,09-15 13:00:00+02:00,0.0
2030,sc01,09-15 14:00:00+02:00,0.0
2030,sc01,09-15 15:00:00+02:00,0.0
2030,sc01,09-15 16:00:00+02:00,0.0
2030,sc01,09-15 17:00:00+02:00,0.0
2030,sc01,09-15 18:00:00+02:00,0.0
2030,sc01,09-15 19:00:00+02:00,4.3385687363688525
2030,sc01,09-15 20:00:00+02:00,0.0
2030,sc01,09-15 21:00:00+02:00,0.0
2030,sc01,09-15 22:00:00+02:00,0.0
2030,sc01,09-15 23:00:00+02:00,0.0
2030,sc01,09-16 00:00:00+02:00,0.0
2030,sc01,09-16 01:00:00+02:00,0.0
2030,sc01,09-16 02:00:00+02:00,0.0
2030,sc01,09-16 03:00:00+02:00,0.0
2030,sc01,09-16 04:00:00+02:00,0.0
2030,sc01,09-16 05:00:00+02:00,0.0
2030,sc01,09-16 06:00:00+02:00,34.48829653799483
2030,sc01,09-16 07:00:00+02:00,38.13179108559536
2030,sc01,09-16 08:00:00+02:00,7.698377995770092
2030,sc01,09-16 09:00:00+02:00,5.259595145367746
2030,sc01,09-16 10:00:00+02:00,1.3273925794160768
2030,sc01,09-16 11:00:00+02:00,0.0
2030,sc01,09-16 12:00:00+02:00,0.0
2030,sc01,09-16 13:00:00+02:00,0.0
2030,sc01,09-16 14:00:00+02:00,0.0
2030,sc01,09-16 15:00:00+02:00,0.0
2030,sc01,09-16 16:00:00+02:00,0.0
2030,sc01,09-16 17:00:00+02:00,0.0
2030,sc01,09-16 18:00:00+02:00,61.3648662868798
2030,sc01,09-16 19:00:00+02:00,231.7794052627057
2030,sc01,09-16 20:00:00+02:00,164.79091402304465
2030,sc01,09-16 21:00:00+02:00,72.57653786618674
2030,sc01,09-16 22:00:00+02:00,17.577411324676074
2030,sc01,09-16 23:00:00+02:00,0.0
2030,sc01,09-17 00:00:00+02:00,0.0
2030,sc01,09-17 01:00:00+02:00,0.0
2030,sc01,09-17 02:00:00+02:00,0.0
2030,sc01,09-17 03:00:00+02:00,0.0
2030,sc01,09-17 04:00:00+02:00,0.0
2030,sc01,09-17 05:00:00+02:00,9.223869907409117
2030,sc01,09-17 06:00:00+02:00,75.18873626127142
2030,sc01,09-17 07:00:00+02:00,70.58963575964917
2030,sc01,09-17 08:00:00+02:00,38.67137798744244
2030,sc01,09-17 09:00:00+02:00,25.663756068050258
2030,sc01,09-17 10:00:00+02:00,25.431007984816862
2030,sc01,09-17 11:00:00+02:00,28.491823515006732
2030,sc01,09-17 12:00:00+02:00,25.68526081636975
2030,sc01,09-17 13:00:00+02:00,12.080183765625078
2030,sc01,09-17 14:00:00+02:00,11.641662874474479
2030,sc01,09-17 15:00:00+02:00,14.578288690502461
2030,sc01,09-17 16:00:00+02:00,17.654300049472848
2030,sc01,09-17 17:00:00+02:00,30.26327494660158
2030,sc01,09-17 18:00:00+02:00,203.22077658976445
2030,sc01,09-17 19:00:00+02:00,393.81204455586993
2030,sc01,09-17 20:00:00+02:00,348.18259716045935
2030,sc01,09-17 21:00:00+02:00,223.1923527024298
2030,sc01,09-17 22:00:00+02:00,132.54870200402274
2030,sc01,09-17 23:00:00+02:00,47.89833925385975
2030,sc01,09-18 00:00:00+02:00,3.459097987536912
2030,sc01,09-18 01:00:00+02:00,0.0
2030,sc01,09-18 02:00:00+02:00,0.0
2030,sc01,09-18 03:00:00+02:00,0.0
2030,sc01,09-18 04:00:00+02:00,0.0
2030,sc01,09-18 05:00:00+02:00,6.796612273728162
2030,sc01,09-18 06:00:00+02:00,70.72061929224269
2030,sc01,09-18 07:00:00+02:00,127.15145928756822
2030,sc01,09-18 08:00:00+02:00,50.635402048275715
2030,sc01,09-18 09:00:00+02:00,47.4301261426693
2030,sc01,09-18 10:00:00+02:00,21.840256824781726
2030,sc01,09-18 11:00:00+02:00,18.37674847922119
2030,sc01,09-18 12:00:00+02:00,15.926239215453663
2030,sc01,09-18 13:00:00+02:00,7.767653801213964
2030,sc01,09-18 14:00:00+02:00,5.281236238892333
2030,sc01,09-18 15:00:00+02:00,3.1532480842551984
2030,sc01,09-18 16:00:00+02:00,0.8696996284035367
2030,sc01,09-18 17:00:00+02:00,7.5687010380284265
2030,sc01,09-18 18:00:00+02:00,127.65861589014568
2030,sc01,09-18 19:00:00+02:00,257.27652447551674
2030,sc01,09-18 20:00:00+02:00,210.33277416005924
2030,sc01,09-18 21:00:00+02:00,102.93059128579192
2030,sc01,09-18 22:00:00+02:00,22.06439269805317
2030,sc01,09-18 23:00:00+02:00,0.0
2030,sc01,09-19 00:00:00+02:00,0.0
2030,sc01,09-19 01:00:00+02:00,0.0
2030,sc01,09-19 02:00:00+02:00,0.0
2030,sc01,09-19 03:00:00+02:00,0.0
2030,sc01,09-19 04:00:00+02:00,0.0
2030,sc01,09-19 05:00:00+02:00,28.938828328473786
2030,sc01,09-19 06:00:00+02:00,112.81126116369349
2030,sc01,09-19 07:00:00+02:00,150.27325730086983
2030,sc01,09-19 08:00:00+02:00,31.62708038966638
2030,sc01,09-19 09:00:00+02:00,27.066067140447338
2030,sc01,09-19 10:00:00+02:00,19.020133464129767
2030,sc01,09-19 11:00:00+02:00,257.6732225324633
2030,sc01,09-19 12:00:00+02:00,210.4214797318202
2030,sc01,09-19 13:00:00+02:00,132.06213118006397
2030,sc01,09-19 14:00:00+02:00,93.03610406751703
2030,sc01,09-19 15:00:00+02:00,80.90831336400602
2030,sc01,09-19 16:00:00+02:00,139.77901514214977
2030,sc01,09-19 17:00:00+02:00,226.14994244060503
2030,sc01,09-19 18:00:00+02:00,432.66968391941344
2030,sc01,09-19 19:00:00+02:00,579.4931059256767
2030,sc01,09-19 20:00:00+02:00,491.67310092738177
2030,sc01,09-19 21:00:00+02:00,370.99136109869283
2030,sc01,09-19 22:00:00+02:00,266.9647710082408
2030,sc01,09-19 23:00:00+02:00,201.01269968349905
2030,sc01,09-20 00:00:00+02:00,0.0
2030,sc01,09-20 01:00:00+02:00,0.0
2030,sc01,09-20 02:00:00+02:00,0.0
2030,sc01,09-20 03:00:00+02:00,0.0
2030,sc01,09-20 04:00:00+02:00,0.0
2030,sc01,09-20 05:00:00+02:00,19.462552174841363
2030,sc01,09-20 06:00:00+02:00,77.75232380940353
2030,sc01,09-20 07:00:00+02:00,81.01443248686412
2030,sc01,09-20 08:00:00+02:00,9.49840550124229
2030,sc01,09-20 09:00:00+02:00,0.0
2030,sc01,09-20 10:00:00+02:00,12.473037527422697
2030,sc01,09-20 11:00:00+02:00,59.380697158076394
2030,sc01,09-20 12:00:00+02:00,17.319269839462528
2030,sc01,09-20 13:00:00+02:00,5.273691802825611
2030,sc01,09-20 14:00:00+02:00,2.429469593918341
2030,sc01,09-20 15:00:00+02:00,1.1473301442595905
2030,sc01,09-20 16:00:00+02:00,0.08757254295313048
2030,sc01,09-20 17:00:00+02:00,63.46910437146534
2030,sc01,09-20 18:00:00+02:00,337.8426234068279
2030,sc01,09-20 19:00:00+02:00,416.37541551442916
2030,sc01,09-20 20:00:00+02:00,334.61592218148155
2030,sc01,09-20 21:00:00+02:00,231.44701892581364
2030,sc01,09-20 22:00:00+02:00,149.23132443144976
2030,sc01,09-20 23:00:00+02:00,79.04826593858407
2030,sc01,09-21 00:00:00+02:00,28.02194408674752
2030,sc01,09-21 01:00:00+02:00,0.0
2030,sc01,09-21 02:00:00+02:00,0.0
2030,sc01,09-21 03:00:00+02:00,0.0
2030,sc01,09-21 04:00:00+02:00,0.0
2030,sc01,09-21 05:00:00+02:00,0.0
2030,sc01,09-21 06:00:00+02:00,0.0
2030,sc01,09-21 07:00:00+02:00,0.0
2030,sc01,09-21 08:00:00+02:00,0.0
2030,sc01,09-21 09:00:00+02:00,0.0
2030,sc01,09-21 10:00:00+02:00,0.0
2030,sc01,09-21 11:00:00+02:00,0.0
2030,sc01,09-21 12:00:00+02:00,0.0
2030,sc01,09-21 13:00:00+02:00,0.0
2030,sc01,09-21 14:00:00+02:00,0.0
2030,sc01,09-21 15:00:00+02:00,0.0
2030,sc01,09-21 16:00:00+02:00,3.141339510028386
2030,sc01,09-21 17:00:00+02:00,199.62998457476334
2030,sc01,09-21 18:00:00+02:00,374.7578030922746
2030,sc01,09-21 19:00:00+02:00,391.6228081219927
2030,sc01,09-21 20:00:00+02:00,294.86357398941396
2030,sc01,09-21 21:00:00+02:00,214.67267008356637
2030,sc01,09-21 22:00:00+02:00,132.46150741434252
2030,sc01,09-21 23:00:00+02:00,78.25186832018193
2030,sc01,09-22 00:00:00+02:00,0.0
2030,sc01,09-22 01:00:00+02:00,0.0
2030,sc01,09-22 02:00:00+02:00,0.0
2030,sc01,09-22 03:00:00+02:00,0.0
2030,sc01,09-22 04:00:00+02:00,0.0
2030,sc01,09-22 05:00:00+02:00,0.0
2030,sc01,09-22 06:00:00+02:00,0.0
2030,sc01,09-22 07:00:00+02:00,0.0
2030,sc01,09-22 08:00:00+02:00,0.0
2030,sc01,09-22 09:00:00+02:00,0.0
2030,sc01,09-22 10:00:00+02:00,0.0
2030,sc01,09-22 11:00:00+02:00,0.0
2030,sc01,09-22 12:00:00+02:00,0.0
2030,sc01,09-22 13:00:00+02:00,0.0
2030,sc01,09-22 14:00:00+02:00,0.0
2030,sc01,09-22 15:00:00+02:00,0.0
2030,sc01,09-22 16:00:00+02:00,0.0
2030,sc01,09-22 17:00:00+02:00,0.0
2030,sc01,09-22 18:00:00+02:00,98.12461393194452
2030,sc01,09-22 19:00:00+02:00,232.9064116743653
2030,sc01,09-22 20:00:00+02:00,136.4117448181619
2030,sc01,09-22 21:00:00+02:00,53.140337711028515
2030,sc01,09-22 22:00:00+02:00,0.0
2030,sc01,09-22 23:00:00+02:00,0.0
2030,sc01,09-23 00:00:00+02:00,0.0
2030,sc01,09-23 01:00:00+02:00,0.0
2030,sc01,09-23 02:00:00+02:00,0.0
2030,sc01,09-23 03:00:00+02:00,0.0
2030,sc01,09-23 04:00:00+02:00,0.0
2030,sc01,09-23 05:00:00+02:00,0.0
2030,sc01,09-23 06:00:00+02:00,42.92654939140758
2030,sc01,09-23 07:00:00+02:00,48.898991413853764
2030,sc01,09-23 08:00:00+02:00,33.135641723537866
2030,sc01,09-23 09:00:00+02:00,21.77471534697778
2030,sc01,09-23 10:00:00+02:00,10.191909780316426
2030,sc01,09-23 11:00:00+02:00,8.660414665487687
2030,sc01,09-23 12:00:00+02:00,168.49593212841143
2030,sc01,09-23 13:00:00+02:00,156.4258786295792
2030,sc01,09-23 14:00:00+02:00,141.74285787787673
2030,sc01,09-23 15:00:00+02:00,139.81593370188264
2030,sc01,09-23 16:00:00+02:00,209.47694359873734
2030,sc01,09-23 17:00:00+02:00,268.61721257866566
2030,sc01,09-23 18:00:00+02:00,411.2226123146282
2030,sc01,09-23 19:00:00+02:00,564.4534151775769
2030,sc01,09-23 20:00:00+02:00,476.17958445906163
2030,sc01,09-23 21:00:00+02:00,351.9809736798829
2030,sc01,09-23 22:00:00+02:00,274.3903479558263
2030,sc01,09-23 23:00:00+02:00,213.45213726261716
2030,sc01,09-24 00:00:00+02:00,22.00957127309976
2030,sc01,09-24 01:00:00+02:00,0.0
2030,sc01,09-24 02:00:00+02:00,0.0
2030,sc01,09-24 03:00:00+02:00,0.0
2030,sc01,09-24 04:00:00+02:00,0.0
2030,sc01,09-24 05:00:00+02:00,45.46691660863989
2030,sc01,09-24 06:00:00+02:00,136.13923890288058
2030,sc01,09-24 07:00:00+02:00,277.72012837554996
2030,sc01,09-24 08:00:00+02:00,197.04602007674785
2030,sc01,09-24 09:00:00+02:00,110.4763947601705
2030,sc01,09-24 10:00:00+02:00,250.63673906034063
2030,sc01,09-24 11:00:00+02:00,193.8367631704563
2030,sc01,09-24 12:00:00+02:00,365.11342375700775
2030,sc01,09-24 13:00:00+02:00,320.22025104494446
2030,sc01,09-24 14:00:00+02:00,301.09100646184163
2030,sc01,09-24 15:00:00+02:00,293.51199359400897
2030,sc01,09-24 16:00:00+02:00,346.41281457488327
2030,sc01,09-24 17:00:00+02:00,368.1349685003709
2030,sc01,09-24 18:00:00+02:00,477.63412935850977
2030,sc01,09-24 19:00:00+02:00,589.6744315526764
2030,sc01,09-24 20:00:00+02:00,491.75388119701444
2030,sc01,09-24 21:00:00+02:00,356.4461389191803
2030,sc01,09-24 22:00:00+02:00,251.5758863585772
2030,sc01,09-24 23:00:00+02:00,164.97222918222153
2030,sc01,09-25 00:00:00+02:00,111.02456220637339
2030,sc01,09-25 01:00:00+02:00,0.0
2030,sc01,09-25 02:00:00+02:00,0.0
2030,sc01,09-25 03:00:00+02:00,0.0
2030,sc01,09-25 04:00:00+02:00,0.0
2030,sc01,09-25 05:00:00+02:00,27.098230441327683
2030,sc01,09-25 06:00:00+02:00,103.41226373138136
2030,sc01,09-25 07:00:00+02:00,142.38415325838648
2030,sc01,09-25 08:00:00+02:00,82.50796280077957
2030,sc01,09-25 09:00:00+02:00,76.91235127789939
2030,sc01,09-25 10:00:00+02:00,337.54918733345056
2030,sc01,09-25 11:00:00+02:00,251.84302235241458
2030,sc01,09-25 12:00:00+02:00,191.18470652624055
2030,sc01,09-25 13:00:00+02:00,184.5152482601033
2030,sc01,09-25 14:00:00+02:00,173.16910081146253
2030,sc01,09-25 15:00:00+02:00,169.8134316808494
2030,sc01,09-25 16:00:00+02:00,204.71935740613404
2030,sc01,09-25 17:00:00+02:00,254.0284076213128
2030,sc01,09-25 18:00:00+02:00,375.09415742785524
2030,sc01,09-25 19:00:00+02:00,567.5660859003708
2030,sc01,09-25 20:00:00+02:00,464.13910058810006
2030,sc01,09-25 21:00:00+02:00,329.8517810156324
2030,sc01,09-25 22:00:00+02:00,223.63989275976135
2030,sc01,09-25 23:00:00+02:00,129.82902266764273
2030,sc01,09-26 00:00:00+02:00,0.0
2030,sc01,09-26 01:00:00+02:00,0.0
2030,sc01,09-26 02:00:00+02:00,0.0
2030,sc01,09-26 03:00:00+02:00,0.0
2030,sc01,09-26 04:00:00+02:00,0.0
2030,sc01,09-26 05:00:00+02:00,31.54123803081909
2030,sc01,09-26 06:00:00+02:00,102.09136455872567
2030,sc01,09-26 07:00:00+02:00,142.93746126635205
2030,sc01,09-26 08:00:00+02:00,87.46270317735912
2030,sc01,09-26 09:00:00+02:00,78.50098301750738
2030,sc01,09-26 10:00:00+02:00,60.50409175237857
2030,sc01,09-26 11:00:00+02:00,299.41376144214433
2030,sc01,09-26 12:00:00+02:00,243.0071766481
2030,sc01,09-26 13:00:00+02:00,211.65432709970096
2030,sc01,09-26 14:00:00+02:00,180.9390851320813
2030,sc01,09-26 15:00:00+02:00,182.65855191818565
2030,sc01,09-26 16:00:00+02:00,197.99672505657148
2030,sc01,09-26 17:00:00+02:00,226.7958566606518
2030,sc01,09-26 18:00:00+02:00,339.8981743025392
2030,sc01,09-26 19:00:00+02:00,456.39167106145663
2030,sc01,09-26 20:00:00+02:00,328.8008564120396
2030,sc01,09-26 21:00:00+02:00,166.3203442888717
2030,sc01,09-26 22:00:00+02:00,47.44065293683806
2030,sc01,09-26 23:00:00+02:00,0.0
2030,sc01,09-27 00:00:00+02:00,0.0
2030,sc01,09-27 01:00:00+02:00,0.0
2030,sc01,09-27 02:00:00+02:00,0.0
2030,sc01,09-27 03:00:00+02:00,0.0
2030,sc01,09-27 04:00:00+02:00,0.0
2030,sc01,09-27 05:00:00+02:00,13.832009287723183
2030,sc01,09-27 06:00:00+02:00,100.17338914915467
2030,sc01,09-27 07:00:00+02:00,125.7269896602893
2030,sc01,09-27 08:00:00+02:00,59.02904398254125
2030,sc01,09-27 09:00:00+02:00,71.13917677587342
2030,sc01,09-27 10:00:00+02:00,60.90105488298517
2030,sc01,09-27 11:00:00+02:00,91.91563534865679
2030,sc01,09-27 12:00:00+02:00,152.5599974926677
2030,sc01,09-27 13:00:00+02:00,98.53946071729116
2030,sc01,09-27 14:00:00+02:00,70.87821295336705
2030,sc01,09-27 15:00:00+02:00,91.01599690550492
2030,sc01,09-27 16:00:00+02:00,116.44371127383047
2030,sc01,09-27 17:00:00+02:00,157.5554310983062
2030,sc01,09-27 18:00:00+02:00,245.70115220353793
2030,sc01,09-27 19:00:00+02:00,364.46053655589304
2030,sc01,09-27 20:00:00+02:00,278.83126098037195
2030,sc01,09-27 21:00:00+02:00,8.77421868472874
2030,sc01,09-27 22:00:00+02:00,0.0
2030,sc01,09-27 23:00:00+02:00,0.0
2030,sc01,09-28 00:00:00+02:00,0.0
2030,sc01,09-28 01:00:00+02:00,0.0
2030,sc01,09-28 02:00:00+02:00,0.0
2030,sc01,09-28 03:00:00+02:00,0.0
2030,sc01,09-28 04:00:00+02:00,0.0
2030,sc01,09-28 05:00:00+02:00,0.0
2030,sc01,09-28 06:00:00+02:00,0.0
2030,sc01,09-28 07:00:00+02:00,0.0
2030,sc01,09-28 08:00:00+02:00,0.0
2030,sc01,09-28 09:00:00+02:00,0.0
2030,sc01,09-28 10:00:00+02:00,0.0
2030,sc01,09-28 11:00:00+02:00,0.0
2030,sc01,09-28 12:00:00+02:00,0.0
2030,sc01,09-28 13:00:00+02:00,0.0
2030,sc01,09-28 14:00:00+02:00,0.0
2030,sc01,09-28 15:00:00+02:00,0.0
2030,sc01,09-28 16:00:00+02:00,0.0
2030,sc01,09-28 17:00:00+02:00,0.0
2030,sc01,09-28 18:00:00+02:00,46.066155466156665
2030,sc01,09-28 19:00:00+02:00,219.14453895680325
2030,sc01,09-28 20:00:00+02:00,152.6021994806879
2030,sc01,09-28 21:00:00+02:00,77.44536433457993
2030,sc01,09-28 22:00:00+02:00,8.201942424578835
2030,sc01,09-28 23:00:00+02:00,0.0
2030,sc01,09-29 00:00:00+02:00,0.0
2030,sc01,09-29 01:00:00+02:00,0.0
2030,sc01,09-29 02:00:00+02:00,0.0
2030,sc01,09-29 03:00:00+02:00,0.0
2030,sc01,09-29 04:00:00+02:00,0.0
2030,sc01,09-29 05:00:00+02:00,0.0
2030,sc01,09-29 06:00:00+02:00,0.0
2030,sc01,09-29 07:00:00+02:00,0.0
2030,sc01,09-29 08:00:00+02:00,0.0
2030,sc01,09-29 09:00:00+02:00,0.0
2030,sc01,09-29 10:00:00+02:00,0.0
2030,sc01,09-29 11:00:00+02:00,0.0
2030,sc01,09-29 12:00:00+02:00,0.0
2030,sc01,09-29 13:00:00+02:00,0.0
2030,sc01,09-29 14:00:00+02:00,0.0
2030,sc01,09-29 15:00:00+02:00,0.0
2030,sc01,09-29 16:00:00+02:00,0.0
2030,sc01,09-29 17:00:00+02:00,0.0
2030,sc01,09-29 18:00:00+02:00,16.067847606720527
2030,sc01,09-29 19:00:00+02:00,146.0483941572815
2030,sc01,09-29 20:00:00+02:00,103.32516310258488
2030,sc01,09-29 21:00:00+02:00,54.15699425686751
2030,sc01,09-29 22:00:00+02:00,0.0
2030,sc01,09-29 23:00:00+02:00,0.0
2030,sc01,09-30 00:00:00+02:00,0.0
2030,sc01,09-30 01:00:00+02:00,0.0
2030,sc01,09-30 02:00:00+02:00,0.0
2030,sc01,09-30 03:00:00+02:00,0.0
2030,sc01,09-30 04:00:00+02:00,0.0
2030,sc01,09-30 05:00:00+02:00,0.0
2030,sc01,09-30 06:00:00+02:00,25.84505173123664
2030,sc01,09-30 07:00:00+02:00,41.777100138323306
2030,sc01,09-30 08:00:00+02:00,17.320049253968875
2030,sc01,09-30 09:00:00+02:00,15.755293592166968
2030,sc01,09-30 10:00:00+02:00,25.383061453081385
2030,sc01,09-30 11:00:00+02:00,23.501366839213592
2030,sc01,09-30 12:00:00+02:00,34.84106306751102
2030,sc01,09-30 13:00:00+02:00,26.513260579487753
2030,sc01,09-30 14:00:00+02:00,21.420873984382904
2030,sc01,09-30 15:00:00+02:00,14.964618063892319
2030,sc01,09-30 16:00:00+02:00,11.822543187356008
2030,sc01,09-30 17:00:00+02:00,21.570464742418586
2030,sc01,09-30 18:00:00+02:00,182.4326810245127
2030,sc01,09-30 19:00:00+02:00,325.41584992524025
2030,sc01,09-30 20:00:00+02:00,244.41401150141007
2030,sc01,09-30 21:00:00+02:00,154.45881108779784
2030,sc01,09-30 22:00:00+02:00,80.70107330157231
2030,sc01,09-30 23:00:00+02:00,0.0
2030,sc01,10-01 00:00:00+02:00,0.0
2030,sc01,10-01 01:00:00+02:00,0.0
2030,sc01,10-01 02:00:00+02:00,0.0
2030,sc01,10-01 03:00:00+02:00,0.0
2030,sc01,10-01 04:00:00+02:00,0.0
2030,sc01,10-01 05:00:00+02:00,3.8227766738250875
2030,sc01,10-01 06:00:00+02:00,68.75273189118217
2030,sc01,10-01 07:00:00+02:00,81.49619979108762
2030,sc01,10-01 08:00:00+02:00,0.6364853436896643
2030,sc01,10-01 09:00:00+02:00,11.150580985591796
2030,sc01,10-01 10:00:00+02:00,9.086423174157186
2030,sc01,10-01 11:00:00+02:00,22.631208118181014
2030,sc01,10-01 12:00:00+02:00,16.96459043020815
2030,sc01,10-01 13:00:00+02:00,11.769243563681787
2030,sc01,10-01 14:00:00+02:00,11.074793231322966
2030,sc01,10-01 15:00:00+02:00,10.927545781322287
2030,sc01,10-01 16:00:00+02:00,16.065815820575377
2030,sc01,10-01 17:00:00+02:00,79.62006730370872
2030,sc01,10-01 18:00:00+02:00,290.562371151462
2030,sc01,10-01 19:00:00+02:00,434.84417553904666
2030,sc01,10-01 20:00:00+02:00,356.1456959415854
2030,sc01,10-01 21:00:00+02:00,259.86157416494854
2030,sc01,10-01 22:00:00+02:00,174.76230839947814
2030,sc01,10-01 23:00:00+02:00,0.0
2030,sc01,10-02 00:00:00+02:00,0.0
2030,sc01,10-02 01:00:00+02:00,0.0
2030,sc01,10-02 02:00:00+02:00,0.0
2030,sc01,10-02 03:00:00+02:00,0.0
2030,sc01,10-02 04:00:00+02:00,0.0
2030,sc01,10-02 05:00:00+02:00,12.46408917983289
2030,sc01,10-02 06:00:00+02:00,74.17017015966508
2030,sc01,10-02 07:00:00+02:00,96.405297412945
2030,sc01,10-02 08:00:00+02:00,5.991888454240534
2030,sc01,10-02 09:00:00+02:00,2.838750791325682
2030,sc01,10-02 10:00:00+02:00,0.8474090804722533
2030,sc01,10-02 11:00:00+02:00,16.166923517760985
2030,sc01,10-02 12:00:00+02:00,141.86509404392288
2030,sc01,10-02 13:00:00+02:00,125.50147230648959
2030,sc01,10-02 14:00:00+02:00,123.16640939562626
2030,sc01,10-02 15:00:00+02:00,135.12700069052937
2030,sc01,10-02 16:00:00+02:00,169.74550904136947
2030,sc01,10-02 17:00:00+02:00,234.29010920462972
2030,sc01,10-02 18:00:00+02:00,435.0314566604
2030,sc01,10-02 19:00:00+02:00,561.3036471050748
2030,sc01,10-02 20:00:00+02:00,431.00383244300804
2030,sc01,10-02 21:00:00+02:00,325.0734514864779
2030,sc01,10-02 22:00:00+02:00,30.8060279732987
2030,sc01,10-02 23:00:00+02:00,0.0
2030,sc01,10-03 00:00:00+02:00,0.0
2030,sc01,10-03 01:00:00+02:00,0.0
2030,sc01,10-03 02:00:00+02:00,0.0
2030,sc01,10-03 03:00:00+02:00,0.0
2030,sc01,10-03 04:00:00+02:00,0.0
2030,sc01,10-03 05:00:00+02:00,7.6324162084687455
2030,sc01,10-03 06:00:00+02:00,86.25072818919296
2030,sc01,10-03 07:00:00+02:00,152.1130999390314
2030,sc01,10-03 08:00:00+02:00,51.60995203362297
2030,sc01,10-03 09:00:00+02:00,39.103387407770036
2030,sc01,10-03 10:00:00+02:00,19.692123803936482
2030,sc01,10-03 11:00:00+02:00,9.952751752151874
2030,sc01,10-03 12:00:00+02:00,4.167210918719804
2030,sc01,10-03 13:00:00+02:00,62.83104705733242
2030,sc01,10-03 14:00:00+02:00,63.53659684540754
2030,sc01,10-03 15:00:00+02:00,100.72361994394223
2030,sc01,10-03 16:00:00+02:00,151.70543447707814
2030,sc01,10-03 17:00:00+02:00,238.52909718840928
2030,sc01,10-03 18:00:00+02:00,472.83063823273386
2030,sc01,10-03 19:00:00+02:00,624.2191987190638
2030,sc01,10-03 20:00:00+02:00,504.5948467439222
2030,sc01,10-03 21:00:00+02:00,370.5731812966405
2030,sc01,10-03 22:00:00+02:00,292.5744556365176
2030,sc01,10-03 23:00:00+02:00,39.25529851471021
2030,sc01,10-04 00:00:00+02:00,0.0
2030,sc01,10-04 01:00:00+02:00,0.0
2030,sc01,10-04 02:00:00+02:00,0.0
2030,sc01,10-04 03:00:00+02:00,0.0
2030,sc01,10-04 04:00:00+02:00,0.0
2030,sc01,10-04 05:00:00+02:00,27.46118792079123
2030,sc01,10-04 06:00:00+02:00,95.18444444276896
2030,sc01,10-04 07:00:00+02:00,192.84784593925264
2030,sc01,10-04 08:00:00+02:00,180.45398753010585
2030,sc01,10-04 09:00:00+02:00,54.24485158240972
2030,sc01,10-04 10:00:00+02:00,47.369077424536016
2030,sc01,10-04 11:00:00+02:00,45.4618205456045
2030,sc01,10-04 12:00:00+02:00,136.1804116597809
2030,sc01,10-04 13:00:00+02:00,93.99320979336652
2030,sc01,10-04 14:00:00+02:00,61.38725846521694
2030,sc01,10-04 15:00:00+02:00,103.79791381830468
2030,sc01,10-04 16:00:00+02:00,160.67467545953212
2030,sc01,10-04 17:00:00+02:00,204.4739706059856
2030,sc01,10-04 18:00:00+02:00,146.12266546886983
2030,sc01,10-04 19:00:00+02:00,247.7312604234528
2030,sc01,10-04 20:00:00+02:00,153.91653857119587
2030,sc01,10-04 21:00:00+02:00,79.09849003254995
2030,sc01,10-04 22:00:00+02:00,23.584041031676605
2030,sc01,10-04 23:00:00+02:00,0.0
2030,sc01,10-05 00:00:00+02:00,0.0
2030,sc01,10-05 01:00:00+02:00,0.0
2030,sc01,10-05 02:00:00+02:00,0.0
2030,sc01,10-05 03:00:00+02:00,0.0
2030,sc01,10-05 04:00:00+02:00,0.0
2030,sc01,10-05 05:00:00+02:00,0.0
2030,sc01,10-05 06:00:00+02:00,0.0
2030,sc01,10-05 07:00:00+02:00,0.0
2030,sc01,10-05 08:00:00+02:00,5.928930281723752
2030,sc01,10-05 09:00:00+02:00,4.722214358025197
2030,sc01,10-05 10:00:00+02:00,0.8757643547711009
2030,sc01,10-05 11:00:00+02:00,0.0
2030,sc01,10-05 12:00:00+02:00,0.0
2030,sc01,10-05 13:00:00+02:00,5.604183205023554
2030,sc01,10-05 14:00:00+02:00,2.2676570651185015
2030,sc01,10-05 15:00:00+02:00,15.987297165651196
2030,sc01,10-05 16:00:00+02:00,54.27509435401682
2030,sc01,10-05 17:00:00+02:00,142.50417111730093
2030,sc01,10-05 18:00:00+02:00,300.5513885976506
2030,sc01,10-05 19:00:00+02:00,435.47433649382225
2030,sc01,10-05 20:00:00+02:00,180.57313807978787
2030,sc01,10-05 21:00:00+02:00,154.32757935540928
2030,sc01,10-05 22:00:00+02:00,79.74524470042788
2030,sc01,10-05 23:00:00+02:00,0.0
2030,sc01,10-06 00:00:00+02:00,0.0
2030,sc01,10-06 01:00:00+02:00,0.0
2030,sc01,10-06 02:00:00+02:00,0.0
2030,sc01,10-06 03:00:00+02:00,0.0
2030,sc01,10-06 04:00:00+02:00,0.0
2030,sc01,10-06 05:00:00+02:00,0.0
2030,sc01,10-06 06:00:00+02:00,0.0
2030,sc01,10-06 07:00:00+02:00,0.0
2030,sc01,10-06 08:00:00+02:00,0.0
2030,sc01,10-06 09:00:00+02:00,0.0
2030,sc01,10-06 10:00:00+02:00,0.0
2030,sc01,10-06 11:00:00+02:00,0.0
2030,sc01,10-06 12:00:00+02:00,0.0
2030,sc01,10-06 13:00:00+02:00,0.0
2030,sc01,10-06 14:00:00+02:00,12.675752493727241
2030,sc01,10-06 15:00:00+02:00,30.48410812745965
2030,sc01,10-06 16:00:00+02:00,58.55918504287117
2030,sc01,10-06 17:00:00+02:00,151.59397939991374
2030,sc01,10-06 18:00:00+02:00,330.4139594947881
2030,sc01,10-06 19:00:00+02:00,477.9585953315634
2030,sc01,10-06 20:00:00+02:00,414.7870756205577
2030,sc01,10-06 21:00:00+02:00,352.9630344852636
2030,sc01,10-06 22:00:00+02:00,17.759689601777378
2030,sc01,10-06 23:00:00+02:00,0.0
2030,sc01,10-07 00:00:00+02:00,0.0
2030,sc01,10-07 01:00:00+02:00,0.0
2030,sc01,10-07 02:00:00+02:00,0.0
2030,sc01,10-07 03:00:00+02:00,0.0
2030,sc01,10-07 04:00:00+02:00,0.0
2030,sc01,10-07 05:00:00+02:00,70.42015209758483
2030,sc01,10-07 06:00:00+02:00,214.02744327645502
2030,sc01,10-07 07:00:00+02:00,384.03297515538145
2030,sc01,10-07 08:00:00+02:00,125.59780475965121
2030,sc01,10-07 09:00:00+02:00,210.9122869154942
2030,sc01,10-07 10:00:00+02:00,134.559295904592
2030,sc01,10-07 11:00:00+02:00,78.470062254507
2030,sc01,10-07 12:00:00+02:00,34.16013148868514
2030,sc01,10-07 13:00:00+02:00,9.25383985218935
2030,sc01,10-07 14:00:00+02:00,2.6336993950460488
2030,sc01,10-07 15:00:00+02:00,7.9124109953543735
2030,sc01,10-07 16:00:00+02:00,157.8404192994938
2030,sc01,10-07 17:00:00+02:00,231.14435005259642
2030,sc01,10-07 18:00:00+02:00,651.6359147923849
2030,sc01,10-07 19:00:00+02:00,691.1392269855444
2030,sc01,10-07 20:00:00+02:00,538.7633603144294
2030,sc01,10-07 21:00:00+02:00,371.84987427257295
2030,sc01,10-07 22:00:00+02:00,249.2306175854716
2030,sc01,10-07 23:00:00+02:00,6.151219553555926
2030,sc01,10-08 00:00:00+02:00,0.0
2030,sc01,10-08 01:00:00+02:00,0.0
2030,sc01,10-08 02:00:00+02:00,0.0
2030,sc01,10-08 03:00:00+02:00,0.0
2030,sc01,10-08 04:00:00+02:00,0.0
2030,sc01,10-08 05:00:00+02:00,1.726858473266328
2030,sc01,10-08 06:00:00+02:00,75.89480592502038
2030,sc01,10-08 07:00:00+02:00,114.97278640441914
2030,sc01,10-08 08:00:00+02:00,24.636025763846877
2030,sc01,10-08 09:00:00+02:00,17.861743266662206
2030,sc01,10-08 10:00:00+02:00,17.528449830660787
2030,sc01,10-08 11:00:00+02:00,17.467933736173062
2030,sc01,10-08 12:00:00+02:00,15.028191331834764
2030,sc01,10-08 13:00:00+02:00,23.91861687604401
2030,sc01,10-08 14:00:00+02:00,33.38845116643528
2030,sc01,10-08 15:00:00+02:00,75.51000633568091
2030,sc01,10-08 16:00:00+02:00,136.96302948099765
2030,sc01,10-08 17:00:00+02:00,221.37337630545807
2030,sc01,10-08 18:00:00+02:00,398.6392935822637
2030,sc01,10-08 19:00:00+02:00,459.7752377334935
2030,sc01,10-08 20:00:00+02:00,140.9142244190165
2030,sc01,10-08 21:00:00+02:00,52.05530950332745
2030,sc01,10-08 22:00:00+02:00,11.716683294655045
2030,sc01,10-08 23:00:00+02:00,0.0
2030,sc01,10-09 00:00:00+02:00,0.0
2030,sc01,10-09 01:00:00+02:00,0.0
2030,sc01,10-09 02:00:00+02:00,0.0
2030,sc01,10-09 03:00:00+02:00,0.0
2030,sc01,10-09 04:00:00+02:00,0.0
2030,sc01,10-09 05:00:00+02:00,11.099146183845003
2030,sc01,10-09 06:00:00+02:00,119.852583326575
2030,sc01,10-09 07:00:00+02:00,157.153373154663
2030,sc01,10-09 08:00:00+02:00,46.60391671541555
2030,sc01,10-09 09:00:00+02:00,30.344657548952377
2030,sc01,10-09 10:00:00+02:00,21.226500978090804
2030,sc01,10-09 11:00:00+02:00,20.003834858102884
2030,sc01,10-09 12:00:00+02:00,12.207144229060921
2030,sc01,10-09 13:00:00+02:00,109.84604842982563
2030,sc01,10-09 14:00:00+02:00,96.15879273772897
2030,sc01,10-09 15:00:00+02:00,120.04238757883634
2030,sc01,10-09 16:00:00+02:00,179.82883487155303
2030,sc01,10-09 17:00:00+02:00,274.11731870951076
2030,sc01,10-09 18:00:00+02:00,478.8586365020689
2030,sc01,10-09 19:00:00+02:00,519.8107967931813
2030,sc01,10-09 20:00:00+02:00,440.13201100907065
2030,sc01,10-09 21:00:00+02:00,139.96511484090001
2030,sc01,10-09 22:00:00+02:00,46.361228283643975
2030,sc01,10-09 23:00:00+02:00,3.2910266928443734
2030,sc01,10-10 00:00:00+02:00,0.0
2030,sc01,10-10 01:00:00+02:00,0.0
2030,sc01,10-10 02:00:00+02:00,0.0
2030,sc01,10-10 03:00:00+02:00,0.0
2030,sc01,10-10 04:00:00+02:00,0.0
2030,sc01,10-10 05:00:00+02:00,49.48755550976183
2030,sc01,10-10 06:00:00+02:00,147.65679744470975
2030,sc01,10-10 07:00:00+02:00,180.30663630019538
2030,sc01,10-10 08:00:00+02:00,54.49359446961693
2030,sc01,10-10 09:00:00+02:00,46.199794985083955
2030,sc01,10-10 10:00:00+02:00,38.47534931669333
2030,sc01,10-10 11:00:00+02:00,31.91435331002701
2030,sc01,10-10 12:00:00+02:00,25.613618628039944
2030,sc01,10-10 13:00:00+02:00,104.19397386535319
2030,sc01,10-10 14:00:00+02:00,67.02352425742663
2030,sc01,10-10 15:00:00+02:00,72.33395719172749
2030,sc01,10-10 16:00:00+02:00,125.49562644568904
2030,sc01,10-10 17:00:00+02:00,198.12435562484157
2030,sc01,10-10 18:00:00+02:00,450.10473842412915
2030,sc01,10-10 19:00:00+02:00,495.06232118733055
2030,sc01,10-10 20:00:00+02:00,399.0324826563354
2030,sc01,10-10 21:00:00+02:00,324.05348532213225
2030,sc01,10-10 22:00:00+02:00,62.132210172889586
2030,sc01,10-10 23:00:00+02:00,8.850480210923632
2030,sc01,10-11 00:00:00+02:00,0.0
2030,sc01,10-11 01:00:00+02:00,0.0
2030,sc01,10-11 02:00:00+02:00,0.0
2030,sc01,10-11 03:00:00+02:00,0.0
2030,sc01,10-11 04:00:00+02:00,0.0
2030,sc01,10-11 05:00:00+02:00,10.527296996246266
2030,sc01,10-11 06:00:00+02:00,106.47912787657495
2030,sc01,10-11 07:00:00+02:00,123.8154705128652
2030,sc01,10-11 08:00:00+02:00,17.68549008171732
2030,sc01,10-11 09:00:00+02:00,12.701185957790772
2030,sc01,10-11 10:00:00+02:00,11.271610235647202
2030,sc01,10-11 11:00:00+02:00,10.139717177652802
2030,sc01,10-11 12:00:00+02:00,7.109999117380106
2030,sc01,10-11 13:00:00+02:00,14.457229961751423
2030,sc01,10-11 14:00:00+02:00,13.247334138973496
2030,sc01,10-11 15:00:00+02:00,13.166548309520946
2030,sc01,10-11 16:00:00+02:00,16.228644464029962
2030,sc01,10-11 17:00:00+02:00,277.66251062124246
2030,sc01,10-11 18:00:00+02:00,435.12220976604846
2030,sc01,10-11 19:00:00+02:00,425.1368802523387
2030,sc01,10-11 20:00:00+02:00,324.59402276086104
2030,sc01,10-11 21:00:00+02:00,223.64737691868265
2030,sc01,10-11 22:00:00+02:00,31.078220993165246
2030,sc01,10-11 23:00:00+02:00,0.0
2030,sc01,10-12 00:00:00+02:00,0.0
2030,sc01,10-12 01:00:00+02:00,0.0
2030,sc01,10-12 02:00:00+02:00,0.0
2030,sc01,10-12 03:00:00+02:00,0.0
2030,sc01,10-12 04:00:00+02:00,0.0
2030,sc01,10-12 05:00:00+02:00,0.0
2030,sc01,10-12 06:00:00+02:00,0.0
2030,sc01,10-12 07:00:00+02:00,0.0
2030,sc01,10-12 08:00:00+02:00,0.6411417067156785
2030,sc01,10-12 09:00:00+02:00,0.0
2030,sc01,10-12 10:00:00+02:00,0.0
2030,sc01,10-12 11:00:00+02:00,0.0
2030,sc01,10-12 12:00:00+02:00,0.0
2030,sc01,10-12 13:00:00+02:00,0.0
2030,sc01,10-12 14:00:00+02:00,0.0
2030,sc01,10-12 15:00:00+02:00,0.0
2030,sc01,10-12 16:00:00+02:00,0.0
2030,sc01,10-12 17:00:00+02:00,4.8496550640836915
2030,sc01,10-12 18:00:00+02:00,238.7488039191153
2030,sc01,10-12 19:00:00+02:00,300.82478717719357
2030,sc01,10-12 20:00:00+02:00,238.94657203237415
2030,sc01,10-12 21:00:00+02:00,189.91431719241507
2030,sc01,10-12 22:00:00+02:00,2.352145544359811
2030,sc01,10-12 23:00:00+02:00,0.0
2030,sc01,10-13 00:00:00+02:00,0.0
2030,sc01,10-13 01:00:00+02:00,0.0
2030,sc01,10-13 02:00:00+02:00,0.0
2030,sc01,10-13 03:00:00+02:00,0.0
2030,sc01,10-13 04:00:00+02:00,0.0
2030,sc01,10-13 05:00:00+02:00,0.0
2030,sc01,10-13 06:00:00+02:00,0.0
2030,sc01,10-13 07:00:00+02:00,0.0
2030,sc01,10-13 08:00:00+02:00,0.0
2030,sc01,10-13 09:00:00+02:00,0.0
2030,sc01,10-13 10:00:00+02:00,0.0
2030,sc01,10-13 11:00:00+02:00,0.0
2030,sc01,10-13 12:00:00+02:00,0.0
2030,sc01,10-13 13:00:00+02:00,0.0
2030,sc01,10-13 14:00:00+02:00,0.0
2030,sc01,10-13 15:00:00+02:00,0.0
2030,sc01,10-13 16:00:00+02:00,3.525965897197042
2030,sc01,10-13 17:00:00+02:00,52.115594091224104
2030,sc01,10-13 18:00:00+02:00,246.053707997278
2030,sc01,10-13 19:00:00+02:00,321.79660406129904
2030,sc01,10-13 20:00:00+02:00,262.5859879119438
2030,sc01,10-13 21:00:00+02:00,180.97344703402737
2030,sc01,10-13 22:00:00+02:00,0.0
2030,sc01,10-13 23:00:00+02:00,0.0
2030,sc01,10-14 00:00:00+02:00,0.0
2030,sc01,10-14 01:00:00+02:00,0.0
2030,sc01,10-14 02:00:00+02:00,0.0
2030,sc01,10-14 03:00:00+02:00,0.0
2030,sc01,10-14 04:00:00+02:00,0.0
2030,sc01,10-14 05:00:00+02:00,0.0
2030,sc01,10-14 06:00:00+02:00,82.02009326714968
2030,sc01,10-14 07:00:00+02:00,128.79686268508405
2030,sc01,10-14 08:00:00+02:00,33.4546215556411
2030,sc01,10-14 09:00:00+02:00,7.522167956973315
2030,sc01,10-14 10:00:00+02:00,10.00852985431957
2030,sc01,10-14 11:00:00+02:00,6.010838709153805
2030,sc01,10-14 12:00:00+02:00,80.13261272568906
2030,sc01,10-14 13:00:00+02:00,60.14903349902872
2030,sc01,10-14 14:00:00+02:00,77.61245112744669
2030,sc01,10-14 15:00:00+02:00,93.2311688168065
2030,sc01,10-14 16:00:00+02:00,137.9880156205898
2030,sc01,10-14 17:00:00+02:00,281.7112786208294
2030,sc01,10-14 18:00:00+02:00,740.3891311437498
2030,sc01,10-14 19:00:00+02:00,714.6361031973998
2030,sc01,10-14 20:00:00+02:00,582.4633445916324
2030,sc01,10-14 21:00:00+02:00,455.2220294316759
2030,sc01,10-14 22:00:00+02:00,339.53995223024936
2030,sc01,10-14 23:00:00+02:00,242.0811324141962
2030,sc01,10-15 00:00:00+02:00,169.07131574289735
2030,sc01,10-15 01:00:00+02:00,0.0
2030,sc01,10-15 02:00:00+02:00,0.0
2030,sc01,10-15 03:00:00+02:00,0.0
2030,sc01,10-15 04:00:00+02:00,0.0
2030,sc01,10-15 05:00:00+02:00,24.56463692099933
2030,sc01,10-15 06:00:00+02:00,105.4289152372752
2030,sc01,10-15 07:00:00+02:00,138.16351272688195
2030,sc01,10-15 08:00:00+02:00,17.866644231356826
2030,sc01,10-15 09:00:00+02:00,4.994325664178611
2030,sc01,10-15 10:00:00+02:00,29.10680179509325
2030,sc01,10-15 11:00:00+02:00,15.06529230199921
2030,sc01,10-15 12:00:00+02:00,1.764965671914027
2030,sc01,10-15 13:00:00+02:00,112.51761573319496
2030,sc01,10-15 14:00:00+02:00,96.09791143915909
2030,sc01,10-15 15:00:00+02:00,108.91570786923242
2030,sc01,10-15 16:00:00+02:00,160.69325291966015
2030,sc01,10-15 17:00:00+02:00,269.1934695664818
2030,sc01,10-15 18:00:00+02:00,568.4322272672512
2030,sc01,10-15 19:00:00+02:00,579.6893397842174
2030,sc01,10-15 20:00:00+02:00,446.49146901169394
2030,sc01,10-15 21:00:00+02:00,342.39885036529876
2030,sc01,10-15 22:00:00+02:00,36.896487347967515
2030,sc01,10-15 23:00:00+02:00,0.0
2030,sc01,10-16 00:00:00+02:00,0.0
2030,sc01,10-16 01:00:00+02:00,0.0
2030,sc01,10-16 02:00:00+02:00,0.0
2030,sc01,10-16 03:00:00+02:00,0.0
2030,sc01,10-16 04:00:00+02:00,0.0
2030,sc01,10-16 05:00:00+02:00,11.350111429067239
2030,sc01,10-16 06:00:00+02:00,95.4197874413479
2030,sc01,10-16 07:00:00+02:00,128.42173140895142
2030,sc01,10-16 08:00:00+02:00,31.626154415451495
2030,sc01,10-16 09:00:00+02:00,51.8418234294469
2030,sc01,10-16 10:00:00+02:00,25.95177516956797
2030,sc01,10-16 11:00:00+02:00,24.091373639714156
2030,sc01,10-16 12:00:00+02:00,18.9792435381013
2030,sc01,10-16 13:00:00+02:00,94.33581875583441
2030,sc01,10-16 14:00:00+02:00,81.19492562940619
2030,sc01,10-16 15:00:00+02:00,118.92092353267434
2030,sc01,10-16 16:00:00+02:00,170.9743939197136
2030,sc01,10-16 17:00:00+02:00,243.37058759796386
2030,sc01,10-16 18:00:00+02:00,474.2681632672582
2030,sc01,10-16 19:00:00+02:00,522.8250403553382
2030,sc01,10-16 20:00:00+02:00,399.14359469477813
2030,sc01,10-16 21:00:00+02:00,287.5577698413133
2030,sc01,10-16 22:00:00+02:00,20.888845108148143
2030,sc01,10-16 23:00:00+02:00,0.0
2030,sc01,10-17 00:00:00+02:00,0.0
2030,sc01,10-17 01:00:00+02:00,0.0
2030,sc01,10-17 02:00:00+02:00,0.0
2030,sc01,10-17 03:00:00+02:00,0.0
2030,sc01,10-17 04:00:00+02:00,0.0
2030,sc01,10-17 05:00:00+02:00,8.50784515118395
2030,sc01,10-17 06:00:00+02:00,87.9119768911127
2030,sc01,10-17 07:00:00+02:00,145.92793792401213
2030,sc01,10-17 08:00:00+02:00,33.01341229694178
2030,sc01,10-17 09:00:00+02:00,19.1741299691972
2030,sc01,10-17 10:00:00+02:00,14.297848232234479
2030,sc01,10-17 11:00:00+02:00,13.32910086284017
2030,sc01,10-17 12:00:00+02:00,8.11730254562651
2030,sc01,10-17 13:00:00+02:00,139.6975992240298
2030,sc01,10-17 14:00:00+02:00,159.60842644487718
2030,sc01,10-17 15:00:00+02:00,220.56838020165247
2030,sc01,10-17 16:00:00+02:00,345.1255033180258
2030,sc01,10-17 17:00:00+02:00,519.1793864866362
2030,sc01,10-17 18:00:00+02:00,759.3752308230935
2030,sc01,10-17 19:00:00+02:00,714.885215958636
2030,sc01,10-17 20:00:00+02:00,358.26071963096075
2030,sc01,10-17 21:00:00+02:00,245.49797394366325
2030,sc01,10-17 22:00:00+02:00,55.43301117159145
2030,sc01,10-17 23:00:00+02:00,14.925202045107568
2030,sc01,10-18 00:00:00+02:00,0.0
2030,sc01,10-18 01:00:00+02:00,0.0
2030,sc01,10-18 02:00:00+02:00,0.0
2030,sc01,10-18 03:00:00+02:00,0.0
2030,sc01,10-18 04:00:00+02:00,0.0
2030,sc01,10-18 05:00:00+02:00,44.91465726732538
2030,sc01,10-18 06:00:00+02:00,144.2174096532946
2030,sc01,10-18 07:00:00+02:00,293.80173776774177
2030,sc01,10-18 08:00:00+02:00,354.22721919808504
2030,sc01,10-18 09:00:00+02:00,58.110176304473
2030,sc01,10-18 10:00:00+02:00,41.36800748444244
2030,sc01,10-18 11:00:00+02:00,38.228508805713254
2030,sc01,10-18 12:00:00+02:00,69.69242969356813
2030,sc01,10-18 13:00:00+02:00,20.42739559138339
2030,sc01,10-18 14:00:00+02:00,93.67976319206
2030,sc01,10-18 15:00:00+02:00,99.03378338969222
2030,sc01,10-18 16:00:00+02:00,136.17284925639274
2030,sc01,10-18 17:00:00+02:00,221.75362614998716
2030,sc01,10-18 18:00:00+02:00,465.9952030267816
2030,sc01,10-18 19:00:00+02:00,465.022859787352
2030,sc01,10-18 20:00:00+02:00,227.1249511949806
2030,sc01,10-18 21:00:00+02:00,144.47301065828134
2030,sc01,10-18 22:00:00+02:00,34.193848441076184
2030,sc01,10-18 23:00:00+02:00,0.0
2030,sc01,10-19 00:00:00+02:00,0.0
2030,sc01,10-19 01:00:00+02:00,0.0
2030,sc01,10-19 02:00:00+02:00,0.0
2030,sc01,10-19 03:00:00+02:00,0.0
2030,sc01,10-19 04:00:00+02:00,0.0
2030,sc01,10-19 05:00:00+02:00,0.0
2030,sc01,10-19 06:00:00+02:00,0.0
2030,sc01,10-19 07:00:00+02:00,0.0
2030,sc01,10-19 08:00:00+02:00,0.0
2030,sc01,10-19 09:00:00+02:00,0.0
2030,sc01,10-19 10:00:00+02:00,0.0
2030,sc01,10-19 11:00:00+02:00,0.0
2030,sc01,10-19 12:00:00+02:00,0.0
2030,sc01,10-19 13:00:00+02:00,0.0
2030,sc01,10-19 14:00:00+02:00,0.0
2030,sc01,10-19 15:00:00+02:00,25.773355302433828
2030,sc01,10-19 16:00:00+02:00,95.85927670815649
2030,sc01,10-19 17:00:00+02:00,294.3243204445638
2030,sc01,10-19 18:00:00+02:00,381.7582781792844
2030,sc01,10-19 19:00:00+02:00,359.000658752525
2030,sc01,10-19 20:00:00+02:00,158.433203754831
2030,sc01,10-19 21:00:00+02:00,114.52661835610763
2030,sc01,10-19 22:00:00+02:00,4.870922802680086
2030,sc01,10-19 23:00:00+02:00,0.0
2030,sc01,10-20 00:00:00+02:00,0.0
2030,sc01,10-20 01:00:00+02:00,0.0
2030,sc01,10-20 02:00:00+02:00,0.0
2030,sc01,10-20 03:00:00+02:00,0.0
2030,sc01,10-20 04:00:00+02:00,0.0
2030,sc01,10-20 05:00:00+02:00,0.0
2030,sc01,10-20 06:00:00+02:00,0.0
2030,sc01,10-20 07:00:00+02:00,0.0
2030,sc01,10-20 08:00:00+02:00,0.0
2030,sc01,10-20 09:00:00+02:00,0.0
2030,sc01,10-20 10:00:00+02:00,0.0
2030,sc01,10-20 11:00:00+02:00,0.0
2030,sc01,10-20 12:00:00+02:00,0.0
2030,sc01,10-20 13:00:00+02:00,0.0
2030,sc01,10-20 14:00:00+02:00,0.0
2030,sc01,10-20 15:00:00+02:00,41.788729622747525
2030,sc01,10-20 16:00:00+02:00,110.08212259090415
2030,sc01,10-20 17:00:00+02:00,228.21192642358898
2030,sc01,10-20 18:00:00+02:00,497.7996599814036
2030,sc01,10-20 19:00:00+02:00,547.9972124487688
2030,sc01,10-20 20:00:00+02:00,332.8594905759117
2030,sc01,10-20 21:00:00+02:00,263.9439825700743
2030,sc01,10-20 22:00:00+02:00,32.29313458789037
2030,sc01,10-20 23:00:00+02:00,0.0
2030,sc01,10-21 00:00:00+02:00,0.0
2030,sc01,10-21 01:00:00+02:00,0.0
2030,sc01,10-21 02:00:00+02:00,0.0
2030,sc01,10-21 03:00:00+02:00,0.0
2030,sc01,10-21 04:00:00+02:00,0.0
2030,sc01,10-21 05:00:00+02:00,56.26418529015877
2030,sc01,10-21 06:00:00+02:00,218.46907357959319
2030,sc01,10-21 07:00:00+02:00,401.0097002316379
2030,sc01,10-21 08:00:00+02:00,250.76960376911322
2030,sc01,10-21 09:00:00+02:00,243.2837567212879
2030,sc01,10-21 10:00:00+02:00,197.08120232215902
2030,sc01,10-21 11:00:00+02:00,170.21989898497753
2030,sc01,10-21 12:00:00+02:00,148.14979082873145
2030,sc01,10-21 13:00:00+02:00,127.1608218023875
2030,sc01,10-21 14:00:00+02:00,112.12567946401539
2030,sc01,10-21 15:00:00+02:00,119.6563370062813
2030,sc01,10-21 16:00:00+02:00,161.36354163777028
2030,sc01,10-21 17:00:00+02:00,372.7838523822637
2030,sc01,10-21 18:00:00+02:00,608.441245565472
2030,sc01,10-21 19:00:00+02:00,562.1388961158444
2030,sc01,10-21 20:00:00+02:00,379.73498445409984
2030,sc01,10-21 21:00:00+02:00,239.91934309430818
2030,sc01,10-21 22:00:00+02:00,137.32839929593945
2030,sc01,10-21 23:00:00+02:00,33.00170179949523
2030,sc01,10-22 00:00:00+02:00,0.0
2030,sc01,10-22 01:00:00+02:00,0.0
2030,sc01,10-22 02:00:00+02:00,0.0
2030,sc01,10-22 03:00:00+02:00,0.0
2030,sc01,10-22 04:00:00+02:00,0.0
2030,sc01,10-22 05:00:00+02:00,15.73518729456455
2030,sc01,10-22 06:00:00+02:00,98.00336718159825
2030,sc01,10-22 07:00:00+02:00,178.62337332531024
2030,sc01,10-22 08:00:00+02:00,100.43174233345049
2030,sc01,10-22 09:00:00+02:00,10.279391777588591
2030,sc01,10-22 10:00:00+02:00,2.3258364414471613
2030,sc01,10-22 11:00:00+02:00,2.950234800901137
2030,sc01,10-22 12:00:00+02:00,66.98538137702629
2030,sc01,10-22 13:00:00+02:00,27.36893004250652
2030,sc01,10-22 14:00:00+02:00,36.97739052162008
2030,sc01,10-22 15:00:00+02:00,57.595340900389246
2030,sc01,10-22 16:00:00+02:00,116.40364681542712
2030,sc01,10-22 17:00:00+02:00,316.94215867618396
2030,sc01,10-22 18:00:00+02:00,306.0610404990914
2030,sc01,10-22 19:00:00+02:00,291.92318977980545
2030,sc01,10-22 20:00:00+02:00,180.51650628664152
2030,sc01,10-22 21:00:00+02:00,98.06375510520175
2030,sc01,10-22 22:00:00+02:00,55.39415365773329
2030,sc01,10-22 23:00:00+02:00,12.067270430371206
2030,sc01,10-23 00:00:00+02:00,0.0
2030,sc01,10-23 01:00:00+02:00,0.0
2030,sc01,10-23 02:00:00+02:00,0.0
2030,sc01,10-23 03:00:00+02:00,0.0
2030,sc01,10-23 04:00:00+02:00,0.0
2030,sc01,10-23 05:00:00+02:00,40.77341748014377
2030,sc01,10-23 06:00:00+02:00,209.62348581121896
2030,sc01,10-23 07:00:00+02:00,301.0480151830357
2030,sc01,10-23 08:00:00+02:00,261.6287217619233
2030,sc01,10-23 09:00:00+02:00,110.01934635958783
2030,sc01,10-23 10:00:00+02:00,47.01015402499097
2030,sc01,10-23 11:00:00+02:00,0.03934056375883238
2030,sc01,10-23 12:00:00+02:00,0.0
2030,sc01,10-23 13:00:00+02:00,0.0
2030,sc01,10-23 14:00:00+02:00,75.44006546882608
2030,sc01,10-23 15:00:00+02:00,172.9828194777078
2030,sc01,10-23 16:00:00+02:00,205.96913926692375
2030,sc01,10-23 17:00:00+02:00,439.7064806703431
2030,sc01,10-23 18:00:00+02:00,556.3695087327264
2030,sc01,10-23 19:00:00+02:00,342.1102372657547
2030,sc01,10-23 20:00:00+02:00,220.55325716750875
2030,sc01,10-23 21:00:00+02:00,135.8222989345809
2030,sc01,10-23 22:00:00+02:00,76.58507233605289
2030,sc01,10-23 23:00:00+02:00,20.93390450071253
2030,sc01,10-24 00:00:00+02:00,0.0
2030,sc01,10-24 01:00:00+02:00,0.0
2030,sc01,10-24 02:00:00+02:00,0.0
2030,sc01,10-24 03:00:00+02:00,0.0
2030,sc01,10-24 04:00:00+02:00,0.0
2030,sc01,10-24 05:00:00+02:00,30.37887167855299
2030,sc01,10-24 06:00:00+02:00,113.8265533801885
2030,sc01,10-24 07:00:00+02:00,157.34577146160873
2030,sc01,10-24 08:00:00+02:00,31.74825736631563
2030,sc01,10-24 09:00:00+02:00,0.0
2030,sc01,10-24 10:00:00+02:00,13.917965749726914
2030,sc01,10-24 11:00:00+02:00,67.46734608341302
2030,sc01,10-24 12:00:00+02:00,166.6025770912226
2030,sc01,10-24 13:00:00+02:00,121.27540777737147
2030,sc01,10-24 14:00:00+02:00,112.84556191496272
2030,sc01,10-24 15:00:00+02:00,99.95309721939876
2030,sc01,10-24 16:00:00+02:00,139.4507012526286
2030,sc01,10-24 17:00:00+02:00,228.19427371661035
2030,sc01,10-24 18:00:00+02:00,491.5498714814072
2030,sc01,10-24 19:00:00+02:00,464.01472535682785
2030,sc01,10-24 20:00:00+02:00,333.8584032369972
2030,sc01,10-24 21:00:00+02:00,248.38516892121464
2030,sc01,10-24 22:00:00+02:00,53.183380077003015
2030,sc01,10-24 23:00:00+02:00,9.044997865187394
2030,sc01,10-25 00:00:00+02:00,0.0
2030,sc01,10-25 01:00:00+02:00,0.0
2030,sc01,10-25 02:00:00+02:00,0.0
2030,sc01,10-25 03:00:00+02:00,0.0
2030,sc01,10-25 04:00:00+02:00,0.0
2030,sc01,10-25 05:00:00+02:00,18.78011246119054
2030,sc01,10-25 06:00:00+02:00,98.67857136139453
2030,sc01,10-25 07:00:00+02:00,141.962820705617
2030,sc01,10-25 08:00:00+02:00,10.001891718385014
2030,sc01,10-25 09:00:00+02:00,9.752243860803292
2030,sc01,10-25 10:00:00+02:00,4.254498461812246
2030,sc01,10-25 11:00:00+02:00,3.6523052759635553
2030,sc01,10-25 12:00:00+02:00,13.37744418570631
2030,sc01,10-25 13:00:00+02:00,7.111746483112772
2030,sc01,10-25 14:00:00+02:00,8.182531765442427
2030,sc01,10-25 15:00:00+02:00,8.718531940163517
2030,sc01,10-25 16:00:00+02:00,17.55556467291517
2030,sc01,10-25 17:00:00+02:00,76.17251066593602
2030,sc01,10-25 18:00:00+02:00,313.5875266595258
2030,sc01,10-25 19:00:00+02:00,187.62591852753295
2030,sc01,10-25 20:00:00+02:00,118.06339696096026
2030,sc01,10-25 21:00:00+02:00,56.627187240160644
2030,sc01,10-25 22:00:00+02:00,21.212305945404285
2030,sc01,10-25 23:00:00+02:00,0.0
2030,sc01,10-26 00:00:00+02:00,0.0
2030,sc01,10-26 01:00:00+02:00,0.0
2030,sc01,10-26 02:00:00+02:00,0.0
2030,sc01,10-26 03:00:00+02:00,0.0
2030,sc01,10-26 04:00:00+02:00,0.0
2030,sc01,10-26 05:00:00+02:00,0.0
2030,sc01,10-26 06:00:00+02:00,0.0
2030,sc01,10-26 07:00:00+02:00,0.0
2030,sc01,10-26 08:00:00+02:00,0.0
2030,sc01,10-26 09:00:00+02:00,0.0
2030,sc01,10-26 10:00:00+02:00,0.0
2030,sc01,10-26 11:00:00+02:00,0.0
2030,sc01,10-26 12:00:00+02:00,0.0
2030,sc01,10-26 13:00:00+02:00,0.0
2030,sc01,10-26 14:00:00+02:00,0.0
2030,sc01,10-26 15:00:00+02:00,0.0
2030,sc01,10-26 16:00:00+02:00,0.0
2030,sc01,10-26 17:00:00+02:00,8.422966245043428
2030,sc01,10-26 18:00:00+02:00,45.59942601188974
2030,sc01,10-26 19:00:00+02:00,74.54011470975107
2030,sc01,10-26 20:00:00+02:00,40.815946389880914
2030,sc01,10-26 21:00:00+02:00,20.45373872611867
2030,sc01,10-26 22:00:00+02:00,7.557918256160194
2030,sc01,10-26 23:00:00+02:00,0.0
2030,sc01,10-27 00:00:00+02:00,0.0
2030,sc01,10-27 01:00:00+02:00,0.0
2030,sc01,10-27 02:00:00+02:00,0.0
2030,sc01,10-27 03:00:00+01:00,0.0
2030,sc01,10-27 04:00:00+01:00,0.0
2030,sc01,10-27 05:00:00+01:00,0.0
2030,sc01,10-27 06:00:00+01:00,0.0
2030,sc01,10-27 07:00:00+01:00,0.0
2030,sc01,10-27 08:00:00+01:00,0.0
2030,sc01,10-27 09:00:00+01:00,0.0
2030,sc01,10-27 10:00:00+01:00,0.0
2030,sc01,10-27 11:00:00+01:00,0.0
2030,sc01,10-27 12:00:00+01:00,0.0
2030,sc01,10-27 13:00:00+01:00,0.0
2030,sc01,10-27 14:00:00+01:00,0.0
2030,sc01,10-27 15:00:00+01:00,0.0
2030,sc01,10-27 16:00:00+01:00,0.0
2030,sc01,10-27 17:00:00+01:00,102.28239574462901
2030,sc01,10-27 18:00:00+01:00,187.60785208201654
2030,sc01,10-27 19:00:00+01:00,176.14127842024135
2030,sc01,10-27 20:00:00+01:00,115.69176172111722
2030,sc01,10-27 21:00:00+01:00,82.26408854513897
2030,sc01,10-27 22:00:00+01:00,28.776634500585377
2030,sc01,10-27 23:00:00+01:00,0.0
2030,sc01,10-28 00:00:00+01:00,0.0
2030,sc01,10-28 01:00:00+01:00,0.0
2030,sc01,10-28 02:00:00+01:00,0.0
2030,sc01,10-28 03:00:00+01:00,0.0
2030,sc01,10-28 04:00:00+01:00,0.0
2030,sc01,10-28 05:00:00+01:00,0.0
2030,sc01,10-28 06:00:00+01:00,17.160025034773536
2030,sc01,10-28 07:00:00+01:00,136.54383144982302
2030,sc01,10-28 08:00:00+01:00,178.14909322536477
2030,sc01,10-28 09:00:00+01:00,74.54371774125778
2030,sc01,10-28 10:00:00+01:00,66.7820918427456
2030,sc01,10-28 11:00:00+01:00,121.48230427779092
2030,sc01,10-28 12:00:00+01:00,89.21421312376384
2030,sc01,10-28 13:00:00+01:00,77.87150759240642
2030,sc01,10-28 14:00:00+01:00,99.4139457468782
2030,sc01,10-28 15:00:00+01:00,240.97792404611917
2030,sc01,10-28 16:00:00+01:00,295.2200101130605
2030,sc01,10-28 17:00:00+01:00,568.723037333502
2030,sc01,10-28 18:00:00+01:00,728.8294712178588
2030,sc01,10-28 19:00:00+01:00,922.699407694704
2030,sc01,10-28 20:00:00+01:00,791.1341825485251
2030,sc01,10-28 21:00:00+01:00,633.2600507150482
2030,sc01,10-28 22:00:00+01:00,495.568367372122
2030,sc01,10-28 23:00:00+01:00,356.2950802956589
2030,sc01,10-29 00:00:00+01:00,45.24743319908076
2030,sc01,10-29 01:00:00+01:00,2.3942222856420403
2030,sc01,10-29 02:00:00+01:00,0.0
2030,sc01,10-29 03:00:00+01:00,0.0
2030,sc01,10-29 04:00:00+01:00,0.0
2030,sc01,10-29 05:00:00+01:00,0.0
2030,sc01,10-29 06:00:00+01:00,80.506479008319
2030,sc01,10-29 07:00:00+01:00,281.1465853576556
2030,sc01,10-29 08:00:00+01:00,437.74520044543436
2030,sc01,10-29 09:00:00+01:00,495.1249872449108
2030,sc01,10-29 10:00:00+01:00,470.8332610689509
2030,sc01,10-29 11:00:00+01:00,395.35687188355496
2030,sc01,10-29 12:00:00+01:00,304.5382905790469
2030,sc01,10-29 13:00:00+01:00,250.7001868392999
2030,sc01,10-29 14:00:00+01:00,188.3753518910406
2030,sc01,10-29 15:00:00+01:00,215.19355100910343
2030,sc01,10-29 16:00:00+01:00,324.9118364534672
2030,sc01,10-29 17:00:00+01:00,814.1439149478914
2030,sc01,10-29 18:00:00+01:00,1057.9316807894913
2030,sc01,10-29 19:00:00+01:00,1015.5704587556415
2030,sc01,10-29 20:00:00+01:00,902.7436745381034
2030,sc01,10-29 21:00:00+01:00,780.0643188230365
2030,sc01,10-29 22:00:00+01:00,409.88028334938053
2030,sc01,10-29 23:00:00+01:00,179.45301376394664
2030,sc01,10-30 00:00:00+01:00,69.95008874737226
2030,sc01,10-30 01:00:00+01:00,26.134868391033784
2030,sc01,10-30 02:00:00+01:00,3.409137189946189
2030,sc01,10-30 03:00:00+01:00,0.0
2030,sc01,10-30 04:00:00+01:00,0.0
2030,sc01,10-30 05:00:00+01:00,5.6892986707149635
2030,sc01,10-30 06:00:00+01:00,84.31102036573694
2030,sc01,10-30 07:00:00+01:00,266.4227259547073
2030,sc01,10-30 08:00:00+01:00,264.53937917800954
2030,sc01,10-30 09:00:00+01:00,170.73703116639533
2030,sc01,10-30 10:00:00+01:00,300.60448770491644
2030,sc01,10-30 11:00:00+01:00,601.2893937316375
2030,sc01,10-30 12:00:00+01:00,558.0844327698716
2030,sc01,10-30 13:00:00+01:00,490.38356874926103
2030,sc01,10-30 14:00:00+01:00,484.30315440533775
2030,sc01,10-30 15:00:00+01:00,506.29577635459157
2030,sc01,10-30 16:00:00+01:00,652.3684788064302
2030,sc01,10-30 17:00:00+01:00,927.3950132984373
2030,sc01,10-30 18:00:00+01:00,1029.5482520615565
2030,sc01,10-30 19:00:00+01:00,992.0857591475258
2030,sc01,10-30 20:00:00+01:00,860.8638924216976
2030,sc01,10-30 21:00:00+01:00,695.3129783351807
2030,sc01,10-30 22:00:00+01:00,554.7554824686353
2030,sc01,10-30 23:00:00+01:00,97.50461083880182
2030,sc01,10-31 00:00:00+01:00,55.15702832493577
2030,sc01,10-31 01:00:00+01:00,9.023100381385303
2030,sc01,10-31 02:00:00+01:00,0.0
2030,sc01,10-31 03:00:00+01:00,0.0
2030,sc01,10-31 04:00:00+01:00,0.0
2030,sc01,10-31 05:00:00+01:00,0.0
2030,sc01,10-31 06:00:00+01:00,61.07596075865481
2030,sc01,10-31 07:00:00+01:00,137.86411151402964
2030,sc01,10-31 08:00:00+01:00,205.97069995062782
2030,sc01,10-31 09:00:00+01:00,114.99499121164753
2030,sc01,10-31 10:00:00+01:00,186.95429426348525
2030,sc01,10-31 11:00:00+01:00,263.8938255518834
2030,sc01,10-31 12:00:00+01:00,477.24663467710116
2030,sc01,10-31 13:00:00+01:00,443.2007371453874
2030,sc01,10-31 14:00:00+01:00,424.56557459225576
2030,sc01,10-31 15:00:00+01:00,471.23297991242555
2030,sc01,10-31 16:00:00+01:00,621.7327913526672
2030,sc01,10-31 17:00:00+01:00,866.9594633779094
2030,sc01,10-31 18:00:00+01:00,989.3666474493266
2030,sc01,10-31 19:00:00+01:00,924.2534346596887
2030,sc01,10-31 20:00:00+01:00,790.4035980303692
2030,sc01,10-31 21:00:00+01:00,666.9809365831893
2030,sc01,10-31 22:00:00+01:00,341.6764149748642
2030,sc01,10-31 23:00:00+01:00,110.04035912553036
2030,sc01,11-01 00:00:00+01:00,27.439067326807404
2030,sc01,11-01 01:00:00+01:00,0.0
2030,sc01,11-01 02:00:00+01:00,0.0
2030,sc01,11-01 03:00:00+01:00,0.0
2030,sc01,11-01 04:00:00+01:00,0.0
2030,sc01,11-01 05:00:00+01:00,0.0
2030,sc01,11-01 06:00:00+01:00,0.0
2030,sc01,11-01 07:00:00+01:00,0.0
2030,sc01,11-01 08:00:00+01:00,0.0
2030,sc01,11-01 09:00:00+01:00,0.0
2030,sc01,11-01 10:00:00+01:00,0.0
2030,sc01,11-01 11:00:00+01:00,0.0
2030,sc01,11-01 12:00:00+01:00,0.0
2030,sc01,11-01 13:00:00+01:00,0.0
2030,sc01,11-01 14:00:00+01:00,14.742670465168473
2030,sc01,11-01 15:00:00+01:00,45.178353198421696
2030,sc01,11-01 16:00:00+01:00,117.92729240207277
2030,sc01,11-01 17:00:00+01:00,336.1917280109443
2030,sc01,11-01 18:00:00+01:00,472.76520739590376
2030,sc01,11-01 19:00:00+01:00,431.82902093527554
2030,sc01,11-01 20:00:00+01:00,316.51799231856376
2030,sc01,11-01 21:00:00+01:00,275.136771273842
2030,sc01,11-01 22:00:00+01:00,42.605602490248806
2030,sc01,11-01 23:00:00+01:00,7.155964541511873
2030,sc01,11-02 00:00:00+01:00,0.0
2030,sc01,11-02 01:00:00+01:00,0.0
2030,sc01,11-02 02:00:00+01:00,0.0
2030,sc01,11-02 03:00:00+01:00,0.0
2030,sc01,11-02 04:00:00+01:00,0.0
2030,sc01,11-02 05:00:00+01:00,0.0
2030,sc01,11-02 06:00:00+01:00,0.0
2030,sc01,11-02 07:00:00+01:00,0.0
2030,sc01,11-02 08:00:00+01:00,0.0
2030,sc01,11-02 09:00:00+01:00,0.0
2030,sc01,11-02 10:00:00+01:00,0.0
2030,sc01,11-02 11:00:00+01:00,0.0
2030,sc01,11-02 12:00:00+01:00,0.0
2030,sc01,11-02 13:00:00+01:00,0.0
2030,sc01,11-02 14:00:00+01:00,0.0
2030,sc01,11-02 15:00:00+01:00,0.0
2030,sc01,11-02 16:00:00+01:00,0.0
2030,sc01,11-02 17:00:00+01:00,13.26677731356477
2030,sc01,11-02 18:00:00+01:00,132.16954022755505
2030,sc01,11-02 19:00:00+01:00,98.31348612266375
2030,sc01,11-02 20:00:00+01:00,69.55247427075305
2030,sc01,11-02 21:00:00+01:00,42.438154755802806
2030,sc01,11-02 22:00:00+01:00,15.59753562685448
2030,sc01,11-02 23:00:00+01:00,0.0
2030,sc01,11-03 00:00:00+01:00,0.0
2030,sc01,11-03 01:00:00+01:00,0.0
2030,sc01,11-03 02:00:00+01:00,0.0
2030,sc01,11-03 03:00:00+01:00,0.0
2030,sc01,11-03 04:00:00+01:00,0.0
2030,sc01,11-03 05:00:00+01:00,0.0
2030,sc01,11-03 06:00:00+01:00,0.0
2030,sc01,11-03 07:00:00+01:00,0.0
2030,sc01,11-03 08:00:00+01:00,0.0
2030,sc01,11-03 09:00:00+01:00,0.0
2030,sc01,11-03 10:00:00+01:00,0.0
2030,sc01,11-03 11:00:00+01:00,0.0
2030,sc01,11-03 12:00:00+01:00,0.0
2030,sc01,11-03 13:00:00+01:00,0.0
2030,sc01,11-03 14:00:00+01:00,0.0
2030,sc01,11-03 15:00:00+01:00,0.0
2030,sc01,11-03 16:00:00+01:00,0.0
2030,sc01,11-03 17:00:00+01:00,123.77273005763972
2030,sc01,11-03 18:00:00+01:00,321.6275357009752
2030,sc01,11-03 19:00:00+01:00,335.97967297331724
2030,sc01,11-03 20:00:00+01:00,282.308984806304
2030,sc01,11-03 21:00:00+01:00,222.3076473066187
2030,sc01,11-03 22:00:00+01:00,37.516215561003385
2030,sc01,11-03 23:00:00+01:00,2.4773507990198294
2030,sc01,11-04 00:00:00+01:00,0.0
2030,sc01,11-04 01:00:00+01:00,0.0
2030,sc01,11-04 02:00:00+01:00,0.0
2030,sc01,11-04 03:00:00+01:00,0.0
2030,sc01,11-04 04:00:00+01:00,0.0
2030,sc01,11-04 05:00:00+01:00,0.0
2030,sc01,11-04 06:00:00+01:00,0.0
2030,sc01,11-04 07:00:00+01:00,57.65181521162375
2030,sc01,11-04 08:00:00+01:00,92.42517010002618
2030,sc01,11-04 09:00:00+01:00,24.41651674567951
2030,sc01,11-04 10:00:00+01:00,22.655361926572063
2030,sc01,11-04 11:00:00+01:00,23.558688987923123
2030,sc01,11-04 12:00:00+01:00,24.77779656589028
2030,sc01,11-04 13:00:00+01:00,24.13231790867229
2030,sc01,11-04 14:00:00+01:00,22.542672333397753
2030,sc01,11-04 15:00:00+01:00,22.627647707176802
2030,sc01,11-04 16:00:00+01:00,194.08327136639184
2030,sc01,11-04 17:00:00+01:00,416.0761741029638
2030,sc01,11-04 18:00:00+01:00,492.68724369118206
2030,sc01,11-04 19:00:00+01:00,456.2161706084354
2030,sc01,11-04 20:00:00+01:00,382.60053570022654
2030,sc01,11-04 21:00:00+01:00,282.5003424650976
2030,sc01,11-04 22:00:00+01:00,183.844395743195
2030,sc01,11-04 23:00:00+01:00,84.84467781253255
2030,sc01,11-05 00:00:00+01:00,31.177059825638292
2030,sc01,11-05 01:00:00+01:00,2.7096876103101804
2030,sc01,11-05 02:00:00+01:00,0.0
2030,sc01,11-05 03:00:00+01:00,0.0
2030,sc01,11-05 04:00:00+01:00,0.0
2030,sc01,11-05 05:00:00+01:00,0.0
2030,sc01,11-05 06:00:00+01:00,66.64541263381702
2030,sc01,11-05 07:00:00+01:00,140.86253667875295
2030,sc01,11-05 08:00:00+01:00,137.76887472957222
2030,sc01,11-05 09:00:00+01:00,33.62315036903244
2030,sc01,11-05 10:00:00+01:00,29.190721300135312
2030,sc01,11-05 11:00:00+01:00,181.7478885576888
2030,sc01,11-05 12:00:00+01:00,407.60549682186667
2030,sc01,11-05 13:00:00+01:00,398.798479869636
2030,sc01,11-05 14:00:00+01:00,407.49701939338763
2030,sc01,11-05 15:00:00+01:00,437.43047681884
2030,sc01,11-05 16:00:00+01:00,517.9375175205178
2030,sc01,11-05 17:00:00+01:00,787.4312084194397
2030,sc01,11-05 18:00:00+01:00,1046.731383565698
2030,sc01,11-05 19:00:00+01:00,1002.6502643418596
2030,sc01,11-05 20:00:00+01:00,902.5000722218314
2030,sc01,11-05 21:00:00+01:00,545.1800652396544
2030,sc01,11-05 22:00:00+01:00,189.91005816766403
2030,sc01,11-05 23:00:00+01:00,128.51597318995545
2030,sc01,11-06 00:00:00+01:00,78.86041928089533
2030,sc01,11-06 01:00:00+01:00,43.35258315780826
2030,sc01,11-06 02:00:00+01:00,18.189098691871386
2030,sc01,11-06 03:00:00+01:00,8.116318883165617
2030,sc01,11-06 04:00:00+01:00,9.42448919565856
2030,sc01,11-06 05:00:00+01:00,35.21222675837836
2030,sc01,11-06 06:00:00+01:00,124.67633593556043
2030,sc01,11-06 07:00:00+01:00,227.12466077524857
2030,sc01,11-06 08:00:00+01:00,322.196768895465
2030,sc01,11-06 09:00:00+01:00,115.8987130103118
2030,sc01,11-06 10:00:00+01:00,75.31439303772655
2030,sc01,11-06 11:00:00+01:00,56.43396737028157
2030,sc01,11-06 12:00:00+01:00,230.77461509635933
2030,sc01,11-06 13:00:00+01:00,216.13237576063528
2030,sc01,11-06 14:00:00+01:00,236.5596803007174
2030,sc01,11-06 15:00:00+01:00,293.0150978079169
2030,sc01,11-06 16:00:00+01:00,440.5252871138501
2030,sc01,11-06 17:00:00+01:00,655.1111337168168
2030,sc01,11-06 18:00:00+01:00,838.5358541222369
2030,sc01,11-06 19:00:00+01:00,799.6824489970302
2030,sc01,11-06 20:00:00+01:00,707.853802718543
2030,sc01,11-06 21:00:00+01:00,591.7059168010104
2030,sc01,11-06 22:00:00+01:00,269.3806627395715
2030,sc01,11-06 23:00:00+01:00,136.59627950755063
2030,sc01,11-07 00:00:00+01:00,82.29973840904762
2030,sc01,11-07 01:00:00+01:00,48.03717937063834
2030,sc01,11-07 02:00:00+01:00,24.353740136113686
2030,sc01,11-07 03:00:00+01:00,13.183042672417098
2030,sc01,11-07 04:00:00+01:00,12.73473582850892
2030,sc01,11-07 05:00:00+01:00,38.93268835334996
2030,sc01,11-07 06:00:00+01:00,135.10421816709663
2030,sc01,11-07 07:00:00+01:00,370.59764601809144
2030,sc01,11-07 08:00:00+01:00,511.05582854665323
2030,sc01,11-07 09:00:00+01:00,288.37211335839095
2030,sc01,11-07 10:00:00+01:00,227.10015992858723
2030,sc01,11-07 11:00:00+01:00,409.6135537267997
2030,sc01,11-07 12:00:00+01:00,622.6333799723586
2030,sc01,11-07 13:00:00+01:00,577.1583475730405
2030,sc01,11-07 14:00:00+01:00,564.3520091359899
2030,sc01,11-07 15:00:00+01:00,599.6264305740639
2030,sc01,11-07 16:00:00+01:00,653.6300892965546
2030,sc01,11-07 17:00:00+01:00,802.501146391858
2030,sc01,11-07 18:00:00+01:00,1014.4410988521488
2030,sc01,11-07 19:00:00+01:00,1004.5857112493766
2030,sc01,11-07 20:00:00+01:00,889.6666183157803
2030,sc01,11-07 21:00:00+01:00,762.0072454987921
2030,sc01,11-07 22:00:00+01:00,425.9379828157016
2030,sc01,11-07 23:00:00+01:00,303.3945464662617
2030,sc01,11-08 00:00:00+01:00,184.51480156027714
2030,sc01,11-08 01:00:00+01:00,45.03673431182967
2030,sc01,11-08 02:00:00+01:00,24.648007076589263
2030,sc01,11-08 03:00:00+01:00,13.634546639524334
2030,sc01,11-08 04:00:00+01:00,17.19685014199833
2030,sc01,11-08 05:00:00+01:00,42.76064976547278
2030,sc01,11-08 06:00:00+01:00,212.52645493628472
2030,sc01,11-08 07:00:00+01:00,610.143768924633
2030,sc01,11-08 08:00:00+01:00,600.4113644837779
2030,sc01,11-08 09:00:00+01:00,203.50128984365827
2030,sc01,11-08 10:00:00+01:00,156.5985288245329
2030,sc01,11-08 11:00:00+01:00,141.45537160880852
2030,sc01,11-08 12:00:00+01:00,135.60593528387744
2030,sc01,11-08 13:00:00+01:00,115.46819884225893
2030,sc01,11-08 14:00:00+01:00,241.01212558189332
2030,sc01,11-08 15:00:00+01:00,238.82239856874176
2030,sc01,11-08 16:00:00+01:00,297.7926135320725
2030,sc01,11-08 17:00:00+01:00,456.51452425131805
2030,sc01,11-08 18:00:00+01:00,737.7618245030083
2030,sc01,11-08 19:00:00+01:00,732.1701595735735
2030,sc01,11-08 20:00:00+01:00,641.1081157063578
2030,sc01,11-08 21:00:00+01:00,542.9087019125367
2030,sc01,11-08 22:00:00+01:00,253.43239482138773
2030,sc01,11-08 23:00:00+01:00,151.3755969500271
2030,sc01,11-09 00:00:00+01:00,247.08345660201644
2030,sc01,11-09 01:00:00+01:00,74.93191657653828
2030,sc01,11-09 02:00:00+01:00,36.07025441815482
2030,sc01,11-09 03:00:00+01:00,15.080030720024684
2030,sc01,11-09 04:00:00+01:00,10.071669364178819
2030,sc01,11-09 05:00:00+01:00,11.802743805558398
2030,sc01,11-09 06:00:00+01:00,32.128937764197524
2030,sc01,11-09 07:00:00+01:00,96.11242144695294
2030,sc01,11-09 08:00:00+01:00,213.087109730477
2030,sc01,11-09 09:00:00+01:00,38.69867268961451
2030,sc01,11-09 10:00:00+01:00,35.330477475574114
2030,sc01,11-09 11:00:00+01:00,225.54886539648996
2030,sc01,11-09 12:00:00+01:00,213.24004986253297
2030,sc01,11-09 13:00:00+01:00,174.51517858998085
2030,sc01,11-09 14:00:00+01:00,166.92472706155337
2030,sc01,11-09 15:00:00+01:00,202.06019734980575
2030,sc01,11-09 16:00:00+01:00,392.24281125326183
2030,sc01,11-09 17:00:00+01:00,647.1148001914895
2030,sc01,11-09 18:00:00+01:00,717.5295589173915
2030,sc01,11-09 19:00:00+01:00,670.3613587657442
2030,sc01,11-09 20:00:00+01:00,569.7519187964033
2030,sc01,11-09 21:00:00+01:00,478.12286468136415
2030,sc01,11-09 22:00:00+01:00,413.32355183737695
2030,sc01,11-09 23:00:00+01:00,334.8573935056472
2030,sc01,11-10 00:00:00+01:00,108.91905911318126
2030,sc01,11-10 01:00:00+01:00,26.53059311083497
2030,sc01,11-10 02:00:00+01:00,6.17094965187019
2030,sc01,11-10 03:00:00+01:00,0.0
2030,sc01,11-10 04:00:00+01:00,0.0
2030,sc01,11-10 05:00:00+01:00,0.0
2030,sc01,11-10 06:00:00+01:00,0.0
2030,sc01,11-10 07:00:00+01:00,0.0
2030,sc01,11-10 08:00:00+01:00,0.0
2030,sc01,11-10 09:00:00+01:00,0.0
2030,sc01,11-10 10:00:00+01:00,0.0
2030,sc01,11-10 11:00:00+01:00,0.0
2030,sc01,11-10 12:00:00+01:00,0.0
2030,sc01,11-10 13:00:00+01:00,0.0
2030,sc01,11-10 14:00:00+01:00,0.0
2030,sc01,11-10 15:00:00+01:00,0.0
2030,sc01,11-10 16:00:00+01:00,235.041459437261
2030,sc01,11-10 17:00:00+01:00,474.62208486342604
2030,sc01,11-10 18:00:00+01:00,574.7817360529847
2030,sc01,11-10 19:00:00+01:00,580.5801238931095
2030,sc01,11-10 20:00:00+01:00,519.2780003227754
2030,sc01,11-10 21:00:00+01:00,436.6451708157797
2030,sc01,11-10 22:00:00+01:00,349.98287990720223
2030,sc01,11-10 23:00:00+01:00,237.19031126138887
2030,sc01,11-11 00:00:00+01:00,156.82753877172323
2030,sc01,11-11 01:00:00+01:00,121.16749854494326
2030,sc01,11-11 02:00:00+01:00,0.0
2030,sc01,11-11 03:00:00+01:00,0.0
2030,sc01,11-11 04:00:00+01:00,0.0
2030,sc01,11-11 05:00:00+01:00,6.642715529912835
2030,sc01,11-11 06:00:00+01:00,90.40137653926902
2030,sc01,11-11 07:00:00+01:00,371.7934838079239
2030,sc01,11-11 08:00:00+01:00,449.03879148715686
2030,sc01,11-11 09:00:00+01:00,369.5739533318974
2030,sc01,11-11 10:00:00+01:00,270.06111492646164
2030,sc01,11-11 11:00:00+01:00,290.60675871967203
2030,sc01,11-11 12:00:00+01:00,237.35366983138132
2030,sc01,11-11 13:00:00+01:00,195.15761993518586
2030,sc01,11-11 14:00:00+01:00,170.61611947286556
2030,sc01,11-11 15:00:00+01:00,144.62423722033444
2030,sc01,11-11 16:00:00+01:00,237.06077596281307
2030,sc01,11-11 17:00:00+01:00,664.2549082894999
2030,sc01,11-11 18:00:00+01:00,761.2163982252324
2030,sc01,11-11 19:00:00+01:00,670.4347341993787
2030,sc01,11-11 20:00:00+01:00,562.7287096854673
2030,sc01,11-11 21:00:00+01:00,448.6114437362584
2030,sc01,11-11 22:00:00+01:00,151.10466204232617
2030,sc01,11-11 23:00:00+01:00,87.87858204853028
2030,sc01,11-12 00:00:00+01:00,39.10612171968975
2030,sc01,11-12 01:00:00+01:00,9.054256926871789
2030,sc01,11-12 02:00:00+01:00,0.0
2030,sc01,11-12 03:00:00+01:00,0.0
2030,sc01,11-12 04:00:00+01:00,0.0
2030,sc01,11-12 05:00:00+01:00,0.0
2030,sc01,11-12 06:00:00+01:00,55.11375524647438
2030,sc01,11-12 07:00:00+01:00,302.71327589023696
2030,sc01,11-12 08:00:00+01:00,309.29933792149785
2030,sc01,11-12 09:00:00+01:00,27.436676858798357
2030,sc01,11-12 10:00:00+01:00,24.976885607940552
2030,sc01,11-12 11:00:00+01:00,24.091866679426026
2030,sc01,11-12 12:00:00+01:00,23.616092543073663
2030,sc01,11-12 13:00:00+01:00,24.004941584156263
2030,sc01,11-12 14:00:00+01:00,25.12608365290705
2030,sc01,11-12 15:00:00+01:00,30.694850580149787
2030,sc01,11-12 16:00:00+01:00,84.50974272768087
2030,sc01,11-12 17:00:00+01:00,512.5044444153756
2030,sc01,11-12 18:00:00+01:00,726.7303340574807
2030,sc01,11-12 19:00:00+01:00,728.8838522188506
2030,sc01,11-12 20:00:00+01:00,657.9737126954111
2030,sc01,11-12 21:00:00+01:00,528.3298636441568
2030,sc01,11-12 22:00:00+01:00,441.8638885621638
2030,sc01,11-12 23:00:00+01:00,121.04806808985799
2030,sc01,11-13 00:00:00+01:00,69.31998461266201
2030,sc01,11-13 01:00:00+01:00,37.11698513464587
2030,sc01,11-13 02:00:00+01:00,21.034132805265525
2030,sc01,11-13 03:00:00+01:00,7.326787242366288
2030,sc01,11-13 04:00:00+01:00,6.283418656910616
2030,sc01,11-13 05:00:00+01:00,26.246517260074008
2030,sc01,11-13 06:00:00+01:00,103.5514687533579
2030,sc01,11-13 07:00:00+01:00,294.7654685215173
2030,sc01,11-13 08:00:00+01:00,480.05595120381344
2030,sc01,11-13 09:00:00+01:00,295.62641661702304
2030,sc01,11-13 10:00:00+01:00,142.36343536961402
2030,sc01,11-13 11:00:00+01:00,128.65015376584665
2030,sc01,11-13 12:00:00+01:00,355.57667717437664
2030,sc01,11-13 13:00:00+01:00,344.539135125543
2030,sc01,11-13 14:00:00+01:00,342.42654712019385
2030,sc01,11-13 15:00:00+01:00,365.28949764640475
2030,sc01,11-13 16:00:00+01:00,435.366497668347
2030,sc01,11-13 17:00:00+01:00,702.4165568004147
2030,sc01,11-13 18:00:00+01:00,899.5797006475333
2030,sc01,11-13 19:00:00+01:00,900.7055075480338
2030,sc01,11-13 20:00:00+01:00,819.7146656839668
2030,sc01,11-13 21:00:00+01:00,708.7458613755596
2030,sc01,11-13 22:00:00+01:00,582.0712739937659
2030,sc01,11-13 23:00:00+01:00,464.8741070328637
2030,sc01,11-14 00:00:00+01:00,370.1815242517812
2030,sc01,11-14 01:00:00+01:00,144.03008762346573
2030,sc01,11-14 02:00:00+01:00,49.79453584024834
2030,sc01,11-14 03:00:00+01:00,36.99845794928879
2030,sc01,11-14 04:00:00+01:00,36.399643531405175
2030,sc01,11-14 05:00:00+01:00,59.881918004327964
2030,sc01,11-14 06:00:00+01:00,269.0721151110495
2030,sc01,11-14 07:00:00+01:00,422.8913452056709
2030,sc01,11-14 08:00:00+01:00,519.9879735422262
2030,sc01,11-14 09:00:00+01:00,644.8260350519985
2030,sc01,11-14 10:00:00+01:00,530.9699717865293
2030,sc01,11-14 11:00:00+01:00,381.2346344080909
2030,sc01,11-14 12:00:00+01:00,348.92048689806063
2030,sc01,11-14 13:00:00+01:00,362.1962000671516
2030,sc01,11-14 14:00:00+01:00,416.0582057402173
2030,sc01,11-14 15:00:00+01:00,460.1650699223625
2030,sc01,11-14 16:00:00+01:00,561.8638701454074
2030,sc01,11-14 17:00:00+01:00,839.1165721018089
2030,sc01,11-14 18:00:00+01:00,927.9704028201999
2030,sc01,11-14 19:00:00+01:00,858.6378960239481
2030,sc01,11-14 20:00:00+01:00,708.6355565279181
2030,sc01,11-14 21:00:00+01:00,573.5184290270311
2030,sc01,11-14 22:00:00+01:00,434.05927437604987
2030,sc01,11-14 23:00:00+01:00,264.427026230829
2030,sc01,11-15 00:00:00+01:00,115.60830039999888
2030,sc01,11-15 01:00:00+01:00,45.978297648405885
2030,sc01,11-15 02:00:00+01:00,18.210293757723065
2030,sc01,11-15 03:00:00+01:00,4.550122319619339
2030,sc01,11-15 04:00:00+01:00,2.219914001186891
2030,sc01,11-15 05:00:00+01:00,20.81163913461429
2030,sc01,11-15 06:00:00+01:00,125.63623029319129
2030,sc01,11-15 07:00:00+01:00,296.3347318371852
2030,sc01,11-15 08:00:00+01:00,335.1243887670084
2030,sc01,11-15 09:00:00+01:00,91.11979596627654
2030,sc01,11-15 10:00:00+01:00,33.54198908262036
2030,sc01,11-15 11:00:00+01:00,36.69077616614564
2030,sc01,11-15 12:00:00+01:00,32.82949364847288
2030,sc01,11-15 13:00:00+01:00,25.192637276692043
2030,sc01,11-15 14:00:00+01:00,171.7813462930835
2030,sc01,11-15 15:00:00+01:00,208.71625409469033
2030,sc01,11-15 16:00:00+01:00,331.1794861028929
2030,sc01,11-15 17:00:00+01:00,621.830601878285
2030,sc01,11-15 18:00:00+01:00,805.7315301540846
2030,sc01,11-15 19:00:00+01:00,766.8401481457366
2030,sc01,11-15 20:00:00+01:00,688.3296484008926
2030,sc01,11-15 21:00:00+01:00,607.5834366308219
2030,sc01,11-15 22:00:00+01:00,510.1351242341858
2030,sc01,11-15 23:00:00+01:00,396.18333690367893
2030,sc01,11-16 00:00:00+01:00,296.75240844264175
2030,sc01,11-16 01:00:00+01:00,251.04863768229524
2030,sc01,11-16 02:00:00+01:00,33.94536932003296
2030,sc01,11-16 03:00:00+01:00,15.613626397306009
2030,sc01,11-16 04:00:00+01:00,11.06647484856968
2030,sc01,11-16 05:00:00+01:00,13.043906680125833
2030,sc01,11-16 06:00:00+01:00,31.186000089686516
2030,sc01,11-16 07:00:00+01:00,56.385171820469004
2030,sc01,11-16 08:00:00+01:00,115.90443152129986
2030,sc01,11-16 09:00:00+01:00,0.0
2030,sc01,11-16 10:00:00+01:00,0.0
2030,sc01,11-16 11:00:00+01:00,0.0
2030,sc01,11-16 12:00:00+01:00,0.0
2030,sc01,11-16 13:00:00+01:00,0.0
2030,sc01,11-16 14:00:00+01:00,0.0
2030,sc01,11-16 15:00:00+01:00,0.0
2030,sc01,11-16 16:00:00+01:00,7.195917287494462
2030,sc01,11-16 17:00:00+01:00,98.19049291826825
2030,sc01,11-16 18:00:00+01:00,322.8152179883049
2030,sc01,11-16 19:00:00+01:00,293.94890277066673
2030,sc01,11-16 20:00:00+01:00,240.46142456670168
2030,sc01,11-16 21:00:00+01:00,168.4863730686658
2030,sc01,11-16 22:00:00+01:00,119.6648451176376
2030,sc01,11-16 23:00:00+01:00,87.67042234255412
2030,sc01,11-17 00:00:00+01:00,48.956064383214425
2030,sc01,11-17 01:00:00+01:00,15.152358222985793
2030,sc01,11-17 02:00:00+01:00,0.0
2030,sc01,11-17 03:00:00+01:00,0.0
2030,sc01,11-17 04:00:00+01:00,0.0
2030,sc01,11-17 05:00:00+01:00,0.0
2030,sc01,11-17 06:00:00+01:00,0.0
2030,sc01,11-17 07:00:00+01:00,0.0
2030,sc01,11-17 08:00:00+01:00,0.0
2030,sc01,11-17 09:00:00+01:00,0.0
2030,sc01,11-17 10:00:00+01:00,0.0
2030,sc01,11-17 11:00:00+01:00,0.0
2030,sc01,11-17 12:00:00+01:00,0.0
2030,sc01,11-17 13:00:00+01:00,0.0
2030,sc01,11-17 14:00:00+01:00,0.0
2030,sc01,11-17 15:00:00+01:00,0.0
2030,sc01,11-17 16:00:00+01:00,321.3197881904226
2030,sc01,11-17 17:00:00+01:00,480.7953529174063
2030,sc01,11-17 18:00:00+01:00,587.1290040604375
2030,sc01,11-17 19:00:00+01:00,562.390723313447
2030,sc01,11-17 20:00:00+01:00,494.383570337249
2030,sc01,11-17 21:00:00+01:00,438.23525613113054
2030,sc01,11-17 22:00:00+01:00,386.51764392981096
2030,sc01,11-17 23:00:00+01:00,110.28400229446751
2030,sc01,11-18 00:00:00+01:00,55.51466469419595
2030,sc01,11-18 01:00:00+01:00,25.872048243455517
2030,sc01,11-18 02:00:00+01:00,6.332108628085932
2030,sc01,11-18 03:00:00+01:00,0.0
2030,sc01,11-18 04:00:00+01:00,0.0
2030,sc01,11-18 05:00:00+01:00,17.245439590276135
2030,sc01,11-18 06:00:00+01:00,231.15544632047724
2030,sc01,11-18 07:00:00+01:00,421.361355957094
2030,sc01,11-18 08:00:00+01:00,490.22349959393864
2030,sc01,11-18 09:00:00+01:00,224.10795008806267
2030,sc01,11-18 10:00:00+01:00,149.85344810191165
2030,sc01,11-18 11:00:00+01:00,121.55367357391472
2030,sc01,11-18 12:00:00+01:00,89.31293432884657
2030,sc01,11-18 13:00:00+01:00,68.53628232290619
2030,sc01,11-18 14:00:00+01:00,54.26106964185317
2030,sc01,11-18 15:00:00+01:00,75.02413683706179
2030,sc01,11-18 16:00:00+01:00,159.85599534819102
2030,sc01,11-18 17:00:00+01:00,398.49484761716985
2030,sc01,11-18 18:00:00+01:00,599.317627275911
2030,sc01,11-18 19:00:00+01:00,552.8262356966372
2030,sc01,11-18 20:00:00+01:00,469.7431742671795
2030,sc01,11-18 21:00:00+01:00,345.16858325064675
2030,sc01,11-18 22:00:00+01:00,220.7287093973057
2030,sc01,11-18 23:00:00+01:00,122.72139220994407
2030,sc01,11-19 00:00:00+01:00,69.64918410582891
2030,sc01,11-19 01:00:00+01:00,32.066807131623584
2030,sc01,11-19 02:00:00+01:00,12.799198485730486
2030,sc01,11-19 03:00:00+01:00,0.04910173092508666
2030,sc01,11-19 04:00:00+01:00,1.2583375501735674
2030,sc01,11-19 05:00:00+01:00,20.391137418437168
2030,sc01,11-19 06:00:00+01:00,225.07320314902663
2030,sc01,11-19 07:00:00+01:00,471.8164260276384
2030,sc01,11-19 08:00:00+01:00,566.374652845166
2030,sc01,11-19 09:00:00+01:00,389.6949083650579
2030,sc01,11-19 10:00:00+01:00,269.20405283936356
2030,sc01,11-19 11:00:00+01:00,224.53408232860312
2030,sc01,11-19 12:00:00+01:00,190.64302238067162
2030,sc01,11-19 13:00:00+01:00,177.09768414797804
2030,sc01,11-19 14:00:00+01:00,184.06885971093737
2030,sc01,11-19 15:00:00+01:00,449.095083992164
2030,sc01,11-19 16:00:00+01:00,671.1551585325598
2030,sc01,11-19 17:00:00+01:00,966.8398766786337
2030,sc01,11-19 18:00:00+01:00,1063.5457052897032
2030,sc01,11-19 19:00:00+01:00,1041.8106403372647
2030,sc01,11-19 20:00:00+01:00,942.8843671703374
2030,sc01,11-19 21:00:00+01:00,820.8558966077078
2030,sc01,11-19 22:00:00+01:00,447.08544979872136
2030,sc01,11-19 23:00:00+01:00,342.19685779033085
2030,sc01,11-20 00:00:00+01:00,228.19289741838983
2030,sc01,11-20 01:00:00+01:00,82.60888750137113
2030,sc01,11-20 02:00:00+01:00,55.83430972234848
2030,sc01,11-20 03:00:00+01:00,44.525771045606675
2030,sc01,11-20 04:00:00+01:00,45.24277191911267
2030,sc01,11-20 05:00:00+01:00,72.17193981531257
2030,sc01,11-20 06:00:00+01:00,246.28961038793346
2030,sc01,11-20 07:00:00+01:00,470.6367443275868
2030,sc01,11-20 08:00:00+01:00,773.5059954443325
2030,sc01,11-20 09:00:00+01:00,432.2797966935718
2030,sc01,11-20 10:00:00+01:00,399.9818101536708
2030,sc01,11-20 11:00:00+01:00,352.8076686192375
2030,sc01,11-20 12:00:00+01:00,346.94158540721696
2030,sc01,11-20 13:00:00+01:00,301.6917497108741
2030,sc01,11-20 14:00:00+01:00,300.1479918034621
2030,sc01,11-20 15:00:00+01:00,411.89241234533483
2030,sc01,11-20 16:00:00+01:00,600.6100841639
2030,sc01,11-20 17:00:00+01:00,791.968576545309
2030,sc01,11-20 18:00:00+01:00,831.8980942918975
2030,sc01,11-20 19:00:00+01:00,785.1045336013656
2030,sc01,11-20 20:00:00+01:00,666.9380444588304
2030,sc01,11-20 21:00:00+01:00,552.6711088934445
2030,sc01,11-20 22:00:00+01:00,238.14983037232156
2030,sc01,11-20 23:00:00+01:00,176.7942828380059
2030,sc01,11-21 00:00:00+01:00,123.5749396482912
2030,sc01,11-21 01:00:00+01:00,76.77187240012802
2030,sc01,11-21 02:00:00+01:00,48.44363895093301
2030,sc01,11-21 03:00:00+01:00,32.634985359244666
2030,sc01,11-21 04:00:00+01:00,31.049858274303112
2030,sc01,11-21 05:00:00+01:00,52.293622457612976
2030,sc01,11-21 06:00:00+01:00,164.0132358705267
2030,sc01,11-21 07:00:00+01:00,759.6761765487336
2030,sc01,11-21 08:00:00+01:00,863.2637725776178
2030,sc01,11-21 09:00:00+01:00,793.8032503955376
2030,sc01,11-21 10:00:00+01:00,636.9594351604206
2030,sc01,11-21 11:00:00+01:00,482.1103998740002
2030,sc01,11-21 12:00:00+01:00,398.87461162177294
2030,sc01,11-21 13:00:00+01:00,380.4477415940026
2030,sc01,11-21 14:00:00+01:00,350.40244669833544
2030,sc01,11-21 15:00:00+01:00,378.18545806804514
2030,sc01,11-21 16:00:00+01:00,576.0654297168862
2030,sc01,11-21 17:00:00+01:00,817.2947392636377
2030,sc01,11-21 18:00:00+01:00,886.1037202422752
2030,sc01,11-21 19:00:00+01:00,861.4830814912258
2030,sc01,11-21 20:00:00+01:00,545.5505206410523
2030,sc01,11-21 21:00:00+01:00,449.3493869876462
2030,sc01,11-21 22:00:00+01:00,206.19711816205418
2030,sc01,11-21 23:00:00+01:00,140.28385563181288
2030,sc01,11-22 00:00:00+01:00,80.71421269145405
2030,sc01,11-22 01:00:00+01:00,42.10074455368927
2030,sc01,11-22 02:00:00+01:00,17.2378167248985
2030,sc01,11-22 03:00:00+01:00,6.072823468283811
2030,sc01,11-22 04:00:00+01:00,2.779823319012804
2030,sc01,11-22 05:00:00+01:00,22.250486401699437
2030,sc01,11-22 06:00:00+01:00,130.44720675564062
2030,sc01,11-22 07:00:00+01:00,435.1665948551137
2030,sc01,11-22 08:00:00+01:00,522.1046593923456
2030,sc01,11-22 09:00:00+01:00,513.0539743540053
2030,sc01,11-22 10:00:00+01:00,413.9442624746249
2030,sc01,11-22 11:00:00+01:00,341.1619238053259
2030,sc01,11-22 12:00:00+01:00,266.247094619616
2030,sc01,11-22 13:00:00+01:00,202.15306716774617
2030,sc01,11-22 14:00:00+01:00,169.87183803263835
2030,sc01,11-22 15:00:00+01:00,211.13641151339024
2030,sc01,11-22 16:00:00+01:00,334.8118144487049
2030,sc01,11-22 17:00:00+01:00,499.56486256960727
2030,sc01,11-22 18:00:00+01:00,550.297990200934
2030,sc01,11-22 19:00:00+01:00,468.61431575023437
2030,sc01,11-22 20:00:00+01:00,380.6619251275473
2030,sc01,11-22 21:00:00+01:00,278.1295108882417
2030,sc01,11-22 22:00:00+01:00,192.70776245690664
2030,sc01,11-22 23:00:00+01:00,101.5431966298258
2030,sc01,11-23 00:00:00+01:00,52.03194286823405
2030,sc01,11-23 01:00:00+01:00,19.523050529174643
2030,sc01,11-23 02:00:00+01:00,3.8669533126294793
2030,sc01,11-23 03:00:00+01:00,0.0
2030,sc01,11-23 04:00:00+01:00,0.0
2030,sc01,11-23 05:00:00+01:00,0.0
2030,sc01,11-23 06:00:00+01:00,0.0
2030,sc01,11-23 07:00:00+01:00,3.2025225048371295
2030,sc01,11-23 08:00:00+01:00,157.58147544544047
2030,sc01,11-23 09:00:00+01:00,14.407973694271549
2030,sc01,11-23 10:00:00+01:00,12.983739769246249
2030,sc01,11-23 11:00:00+01:00,14.32545188919961
2030,sc01,11-23 12:00:00+01:00,12.857575300028522
2030,sc01,11-23 13:00:00+01:00,10.024539547035062
2030,sc01,11-23 14:00:00+01:00,7.373106711964574
2030,sc01,11-23 15:00:00+01:00,11.189164458185495
2030,sc01,11-23 16:00:00+01:00,24.86498104445459
2030,sc01,11-23 17:00:00+01:00,257.3940796328666
2030,sc01,11-23 18:00:00+01:00,407.9026110424857
2030,sc01,11-23 19:00:00+01:00,390.54303587100077
2030,sc01,11-23 20:00:00+01:00,335.11279983313125
2030,sc01,11-23 21:00:00+01:00,266.70699434153886
2030,sc01,11-23 22:00:00+01:00,89.34207004142407
2030,sc01,11-23 23:00:00+01:00,58.78579817392933
2030,sc01,11-24 00:00:00+01:00,23.13414313627177
2030,sc01,11-24 01:00:00+01:00,0.0
2030,sc01,11-24 02:00:00+01:00,0.0
2030,sc01,11-24 03:00:00+01:00,0.0
2030,sc01,11-24 04:00:00+01:00,0.0
2030,sc01,11-24 05:00:00+01:00,0.0
2030,sc01,11-24 06:00:00+01:00,0.0
2030,sc01,11-24 07:00:00+01:00,0.0
2030,sc01,11-24 08:00:00+01:00,0.0
2030,sc01,11-24 09:00:00+01:00,0.0
2030,sc01,11-24 10:00:00+01:00,0.0
2030,sc01,11-24 11:00:00+01:00,0.0
2030,sc01,11-24 12:00:00+01:00,0.0
2030,sc01,11-24 13:00:00+01:00,0.0
2030,sc01,11-24 14:00:00+01:00,24.4674247910605
2030,sc01,11-24 15:00:00+01:00,44.27301173070368
2030,sc01,11-24 16:00:00+01:00,174.61195061021726
2030,sc01,11-24 17:00:00+01:00,438.9801290977496
2030,sc01,11-24 18:00:00+01:00,545.0970460973031
2030,sc01,11-24 19:00:00+01:00,560.5620014213931
2030,sc01,11-24 20:00:00+01:00,510.18741911785384
2030,sc01,11-24 21:00:00+01:00,468.83213253335214
2030,sc01,11-24 22:00:00+01:00,240.72475550572466
2030,sc01,11-24 23:00:00+01:00,153.58113571945748
2030,sc01,11-25 00:00:00+01:00,40.27346751656835
2030,sc01,11-25 01:00:00+01:00,13.782722849347522
2030,sc01,11-25 02:00:00+01:00,0.0
2030,sc01,11-25 03:00:00+01:00,0.0
2030,sc01,11-25 04:00:00+01:00,0.0
2030,sc01,11-25 05:00:00+01:00,13.609019467953713
2030,sc01,11-25 06:00:00+01:00,98.88249561301909
2030,sc01,11-25 07:00:00+01:00,395.6886211785255
2030,sc01,11-25 08:00:00+01:00,721.3822833807532
2030,sc01,11-25 09:00:00+01:00,632.0918719508009
2030,sc01,11-25 10:00:00+01:00,461.9914425900781
2030,sc01,11-25 11:00:00+01:00,358.99189665436023
2030,sc01,11-25 12:00:00+01:00,356.99049927483037
2030,sc01,11-25 13:00:00+01:00,365.7779043702678
2030,sc01,11-25 14:00:00+01:00,386.7350050780206
2030,sc01,11-25 15:00:00+01:00,467.78067280441417
2030,sc01,11-25 16:00:00+01:00,681.589154325079
2030,sc01,11-25 17:00:00+01:00,920.5671810390185
2030,sc01,11-25 18:00:00+01:00,972.0694147183541
2030,sc01,11-25 19:00:00+01:00,924.1509054376523
2030,sc01,11-25 20:00:00+01:00,818.6897666785038
2030,sc01,11-25 21:00:00+01:00,665.4127148403995
2030,sc01,11-25 22:00:00+01:00,543.4354710539485
2030,sc01,11-25 23:00:00+01:00,415.3053575690175
2030,sc01,11-26 00:00:00+01:00,112.13271094835143
2030,sc01,11-26 01:00:00+01:00,72.99482688384924
2030,sc01,11-26 02:00:00+01:00,41.01263692332307
2030,sc01,11-26 03:00:00+01:00,29.086813914052517
2030,sc01,11-26 04:00:00+01:00,28.31239022959232
2030,sc01,11-26 05:00:00+01:00,55.705819067195584
2030,sc01,11-26 06:00:00+01:00,330.54287049569126
2030,sc01,11-26 07:00:00+01:00,758.3388370589422
2030,sc01,11-26 08:00:00+01:00,858.84690330488
2030,sc01,11-26 09:00:00+01:00,753.1249277196017
2030,sc01,11-26 10:00:00+01:00,538.5318072755427
2030,sc01,11-26 11:00:00+01:00,464.91442516633913
2030,sc01,11-26 12:00:00+01:00,783.7892488261201
2030,sc01,11-26 13:00:00+01:00,723.5136385079517
2030,sc01,11-26 14:00:00+01:00,714.1841031689548
2030,sc01,11-26 15:00:00+01:00,802.6130136904528
2030,sc01,11-26 16:00:00+01:00,994.607169700086
2030,sc01,11-26 17:00:00+01:00,1158.7764718573437
2030,sc01,11-26 18:00:00+01:00,1196.008827083929
2030,sc01,11-26 19:00:00+01:00,1092.3678696409727
2030,sc01,11-26 20:00:00+01:00,949.5776238834505
2030,sc01,11-26 21:00:00+01:00,752.5714532682716
2030,sc01,11-26 22:00:00+01:00,406.90876864705166
2030,sc01,11-26 23:00:00+01:00,245.54449504126669
2030,sc01,11-27 00:00:00+01:00,129.88065134255447
2030,sc01,11-27 01:00:00+01:00,32.16092635040022
2030,sc01,11-27 02:00:00+01:00,3.482225607692791
2030,sc01,11-27 03:00:00+01:00,0.0
2030,sc01,11-27 04:00:00+01:00,0.0
2030,sc01,11-27 05:00:00+01:00,0.0
2030,sc01,11-27 06:00:00+01:00,93.68164076679611
2030,sc01,11-27 07:00:00+01:00,445.60425276160345
2030,sc01,11-27 08:00:00+01:00,514.5357647003557
2030,sc01,11-27 09:00:00+01:00,370.495631613893
2030,sc01,11-27 10:00:00+01:00,155.5741031498636
2030,sc01,11-27 11:00:00+01:00,118.9610100254763
2030,sc01,11-27 12:00:00+01:00,106.0293098290351
2030,sc01,11-27 13:00:00+01:00,101.06576870476763
2030,sc01,11-27 14:00:00+01:00,85.12280479259259
2030,sc01,11-27 15:00:00+01:00,98.0371295658308
2030,sc01,11-27 16:00:00+01:00,258.26964042252786
2030,sc01,11-27 17:00:00+01:00,510.4953371009341
2030,sc01,11-27 18:00:00+01:00,574.5627123035653
2030,sc01,11-27 19:00:00+01:00,555.7284667665626
2030,sc01,11-27 20:00:00+01:00,432.5987653637701
2030,sc01,11-27 21:00:00+01:00,304.8461323991046
2030,sc01,11-27 22:00:00+01:00,209.76309133707827
2030,sc01,11-27 23:00:00+01:00,127.257525389112
2030,sc01,11-28 00:00:00+01:00,59.20702409779975
2030,sc01,11-28 01:00:00+01:00,22.435799403517233
2030,sc01,11-28 02:00:00+01:00,0.5053786302519997
2030,sc01,11-28 03:00:00+01:00,0.0
2030,sc01,11-28 04:00:00+01:00,0.0
2030,sc01,11-28 05:00:00+01:00,6.343662717833561
2030,sc01,11-28 06:00:00+01:00,193.81847275571178
2030,sc01,11-28 07:00:00+01:00,356.5106406861669
2030,sc01,11-28 08:00:00+01:00,424.57126167915357
2030,sc01,11-28 09:00:00+01:00,314.68139948162155
2030,sc01,11-28 10:00:00+01:00,99.86246942716292
2030,sc01,11-28 11:00:00+01:00,69.23987389043577
2030,sc01,11-28 12:00:00+01:00,38.31692963383025
2030,sc01,11-28 13:00:00+01:00,34.12873600427562
2030,sc01,11-28 14:00:00+01:00,217.34262233059906
2030,sc01,11-28 15:00:00+01:00,265.3216459885512
2030,sc01,11-28 16:00:00+01:00,455.9218932518138
2030,sc01,11-28 17:00:00+01:00,652.826790229719
2030,sc01,11-28 18:00:00+01:00,676.8270099170265
2030,sc01,11-28 19:00:00+01:00,633.0708459886374
2030,sc01,11-28 20:00:00+01:00,537.6974688756837
2030,sc01,11-28 21:00:00+01:00,438.8382425263998
2030,sc01,11-28 22:00:00+01:00,158.98829922041557
2030,sc01,11-28 23:00:00+01:00,100.8128412087196
2030,sc01,11-29 00:00:00+01:00,50.69598086492275
2030,sc01,11-29 01:00:00+01:00,17.017844942250186
2030,sc01,11-29 02:00:00+01:00,0.0
2030,sc01,11-29 03:00:00+01:00,0.0
2030,sc01,11-29 04:00:00+01:00,0.0
2030,sc01,11-29 05:00:00+01:00,0.0
2030,sc01,11-29 06:00:00+01:00,41.26937583022629
2030,sc01,11-29 07:00:00+01:00,207.3712062470413
2030,sc01,11-29 08:00:00+01:00,279.4345201373761
2030,sc01,11-29 09:00:00+01:00,168.64399979025052
2030,sc01,11-29 10:00:00+01:00,26.801034618369265
2030,sc01,11-29 11:00:00+01:00,24.940040860216325
2030,sc01,11-29 12:00:00+01:00,22.279204424990002
2030,sc01,11-29 13:00:00+01:00,19.912552361485385
2030,sc01,11-29 14:00:00+01:00,21.913519924729552
2030,sc01,11-29 15:00:00+01:00,25.09200159212229
2030,sc01,11-29 16:00:00+01:00,118.54800921428931
2030,sc01,11-29 17:00:00+01:00,334.20669298718684
2030,sc01,11-29 18:00:00+01:00,411.30280523019206
2030,sc01,11-29 19:00:00+01:00,400.98382533679575
2030,sc01,11-29 20:00:00+01:00,365.9646083566247
2030,sc01,11-29 21:00:00+01:00,292.54977343267984
2030,sc01,11-29 22:00:00+01:00,206.22673960859692
2030,sc01,11-29 23:00:00+01:00,115.89762786677309
2030,sc01,11-30 00:00:00+01:00,57.62034887736309
2030,sc01,11-30 01:00:00+01:00,23.215507963628202
2030,sc01,11-30 02:00:00+01:00,0.0
2030,sc01,11-30 03:00:00+01:00,0.0
2030,sc01,11-30 04:00:00+01:00,0.0
2030,sc01,11-30 05:00:00+01:00,0.0
2030,sc01,11-30 06:00:00+01:00,0.0
2030,sc01,11-30 07:00:00+01:00,57.33068566510399
2030,sc01,11-30 08:00:00+01:00,130.3789459407529
2030,sc01,11-30 09:00:00+01:00,93.56553912278306
2030,sc01,11-30 10:00:00+01:00,20.41295164450178
2030,sc01,11-30 11:00:00+01:00,6.538473446021674
2030,sc01,11-30 12:00:00+01:00,5.0224461261254145
2030,sc01,11-30 13:00:00+01:00,83.08661317731686
2030,sc01,11-30 14:00:00+01:00,81.06626559756754
2030,sc01,11-30 15:00:00+01:00,149.90916620248612
2030,sc01,11-30 16:00:00+01:00,299.2179979053983
2030,sc01,11-30 17:00:00+01:00,539.9198652194087
2030,sc01,11-30 18:00:00+01:00,605.3411825299373
2030,sc01,11-30 19:00:00+01:00,580.1242429613875
2030,sc01,11-30 20:00:00+01:00,513.0060470747474
2030,sc01,11-30 21:00:00+01:00,447.98918252156545
2030,sc01,11-30 22:00:00+01:00,205.70180086315654
2030,sc01,11-30 23:00:00+01:00,126.78959203273438
2030,sc01,12-01 00:00:00+01:00,60.58765577806858
2030,sc01,12-01 01:00:00+01:00,10.939104476278926
2030,sc01,12-01 02:00:00+01:00,0.0
2030,sc01,12-01 03:00:00+01:00,0.0
2030,sc01,12-01 04:00:00+01:00,0.0
2030,sc01,12-01 05:00:00+01:00,0.0
2030,sc01,12-01 06:00:00+01:00,0.0
2030,sc01,12-01 07:00:00+01:00,44.81766845058786
2030,sc01,12-01 08:00:00+01:00,93.89648477855258
2030,sc01,12-01 09:00:00+01:00,56.672032044845125
2030,sc01,12-01 10:00:00+01:00,0.7397158016595722
2030,sc01,12-01 11:00:00+01:00,0.0
2030,sc01,12-01 12:00:00+01:00,0.0
2030,sc01,12-01 13:00:00+01:00,0.0
2030,sc01,12-01 14:00:00+01:00,0.0
2030,sc01,12-01 15:00:00+01:00,0.0
2030,sc01,12-01 16:00:00+01:00,43.29880543239008
2030,sc01,12-01 17:00:00+01:00,437.543951346317
2030,sc01,12-01 18:00:00+01:00,533.8184938686978
2030,sc01,12-01 19:00:00+01:00,534.4121403307366
2030,sc01,12-01 20:00:00+01:00,528.4561255538323
2030,sc01,12-01 21:00:00+01:00,455.47251385321493
2030,sc01,12-01 22:00:00+01:00,380.3469705589087
2030,sc01,12-01 23:00:00+01:00,111.00654764465118
2030,sc01,12-02 00:00:00+01:00,44.4611563408263
2030,sc01,12-02 01:00:00+01:00,11.41139228635175
2030,sc01,12-02 02:00:00+01:00,0.0
2030,sc01,12-02 03:00:00+01:00,0.0
2030,sc01,12-02 04:00:00+01:00,0.0
2030,sc01,12-02 05:00:00+01:00,7.885251893336777
2030,sc01,12-02 06:00:00+01:00,99.3418868982965
2030,sc01,12-02 07:00:00+01:00,324.3035347555657
2030,sc01,12-02 08:00:00+01:00,414.3370084585192
2030,sc01,12-02 09:00:00+01:00,505.52300193191434
2030,sc01,12-02 10:00:00+01:00,264.560836558255
2030,sc01,12-02 11:00:00+01:00,222.10290006061217
2030,sc01,12-02 12:00:00+01:00,202.43974833499936
2030,sc01,12-02 13:00:00+01:00,212.6465351400214
2030,sc01,12-02 14:00:00+01:00,234.41062582746372
2030,sc01,12-02 15:00:00+01:00,303.17595702849667
2030,sc01,12-02 16:00:00+01:00,486.535549734558
2030,sc01,12-02 17:00:00+01:00,762.2077885420423
2030,sc01,12-02 18:00:00+01:00,864.9071500504849
2030,sc01,12-02 19:00:00+01:00,828.5752120918207
2030,sc01,12-02 20:00:00+01:00,723.7575673612114
2030,sc01,12-02 21:00:00+01:00,612.9945202231658
2030,sc01,12-02 22:00:00+01:00,495.0611695162013
2030,sc01,12-02 23:00:00+01:00,334.22286727615057
2030,sc01,12-03 00:00:00+01:00,254.93407716419563
2030,sc01,12-03 01:00:00+01:00,212.62864676797918
2030,sc01,12-03 02:00:00+01:00,48.588603356438334
2030,sc01,12-03 03:00:00+01:00,36.33254512009978
2030,sc01,12-03 04:00:00+01:00,36.12458535797175
2030,sc01,12-03 05:00:00+01:00,235.41485993951596
2030,sc01,12-03 06:00:00+01:00,425.9025952656426
2030,sc01,12-03 07:00:00+01:00,642.0394702251158
2030,sc01,12-03 08:00:00+01:00,704.6793714694454
2030,sc01,12-03 09:00:00+01:00,467.374886345355
2030,sc01,12-03 10:00:00+01:00,225.64481457362484
2030,sc01,12-03 11:00:00+01:00,140.13680215507276
2030,sc01,12-03 12:00:00+01:00,270.4095461297855
2030,sc01,12-03 13:00:00+01:00,213.64221867463002
2030,sc01,12-03 14:00:00+01:00,202.54448802381765
2030,sc01,12-03 15:00:00+01:00,311.12710773734
2030,sc01,12-03 16:00:00+01:00,437.11268620270226
2030,sc01,12-03 17:00:00+01:00,743.4933766778094
2030,sc01,12-03 18:00:00+01:00,835.9277045218661
2030,sc01,12-03 19:00:00+01:00,755.4823447147126
2030,sc01,12-03 20:00:00+01:00,651.9111004302374
2030,sc01,12-03 21:00:00+01:00,331.32591927711763
2030,sc01,12-03 22:00:00+01:00,227.5286409288085
2030,sc01,12-03 23:00:00+01:00,125.62061822135212
2030,sc01,12-04 00:00:00+01:00,74.95430334376518
2030,sc01,12-04 01:00:00+01:00,39.51469214536937
2030,sc01,12-04 02:00:00+01:00,19.463995040696833
2030,sc01,12-04 03:00:00+01:00,8.518777307972458
2030,sc01,12-04 04:00:00+01:00,10.48618083375283
2030,sc01,12-04 05:00:00+01:00,28.947745759883517
2030,sc01,12-04 06:00:00+01:00,141.36544390691841
2030,sc01,12-04 07:00:00+01:00,490.5906476751375
2030,sc01,12-04 08:00:00+01:00,610.0696819913102
2030,sc01,12-04 09:00:00+01:00,478.3333276984294
2030,sc01,12-04 10:00:00+01:00,235.75865167488368
2030,sc01,12-04 11:00:00+01:00,144.90398196750866
2030,sc01,12-04 12:00:00+01:00,81.18470436983154
2030,sc01,12-04 13:00:00+01:00,64.03727607719985
2030,sc01,12-04 14:00:00+01:00,55.383797245911666
2030,sc01,12-04 15:00:00+01:00,104.88139694441985
2030,sc01,12-04 16:00:00+01:00,248.13268687357663
2030,sc01,12-04 17:00:00+01:00,518.2950521380003
2030,sc01,12-04 18:00:00+01:00,586.0856081252084
2030,sc01,12-04 19:00:00+01:00,528.7723991015848
2030,sc01,12-04 20:00:00+01:00,441.566099697338
2030,sc01,12-04 21:00:00+01:00,335.3943196928701
2030,sc01,12-04 22:00:00+01:00,227.31330775654885
2030,sc01,12-04 23:00:00+01:00,129.3842272234393
2030,sc01,12-05 00:00:00+01:00,75.58920250285614
2030,sc01,12-05 01:00:00+01:00,35.793322619456326
2030,sc01,12-05 02:00:00+01:00,14.72758028438992
2030,sc01,12-05 03:00:00+01:00,1.1061105271099807
2030,sc01,12-05 04:00:00+01:00,0.0
2030,sc01,12-05 05:00:00+01:00,18.879276769522637
2030,sc01,12-05 06:00:00+01:00,141.61268657312786
2030,sc01,12-05 07:00:00+01:00,255.94495855315995
2030,sc01,12-05 08:00:00+01:00,339.5932776457912
2030,sc01,12-05 09:00:00+01:00,361.26978131874796
2030,sc01,12-05 10:00:00+01:00,133.92977055477832
2030,sc01,12-05 11:00:00+01:00,110.51305850463069
2030,sc01,12-05 12:00:00+01:00,102.70654478652297
2030,sc01,12-05 13:00:00+01:00,90.77249343360633
2030,sc01,12-05 14:00:00+01:00,82.51149781347193
2030,sc01,12-05 15:00:00+01:00,90.86172923284253
2030,sc01,12-05 16:00:00+01:00,196.52002954890867
2030,sc01,12-05 17:00:00+01:00,511.23975351292614
2030,sc01,12-05 18:00:00+01:00,612.0455713285729
2030,sc01,12-05 19:00:00+01:00,625.7360541499876
2030,sc01,12-05 20:00:00+01:00,548.814891536017
2030,sc01,12-05 21:00:00+01:00,458.04427951952806
2030,sc01,12-05 22:00:00+01:00,183.94610694649165
2030,sc01,12-05 23:00:00+01:00,118.15465362652164
2030,sc01,12-06 00:00:00+01:00,72.69567897990048
2030,sc01,12-06 01:00:00+01:00,37.91288810727791
2030,sc01,12-06 02:00:00+01:00,15.776135962490518
2030,sc01,12-06 03:00:00+01:00,0.0
2030,sc01,12-06 04:00:00+01:00,0.0
2030,sc01,12-06 05:00:00+01:00,4.873257746307027
2030,sc01,12-06 06:00:00+01:00,69.87017582223804
2030,sc01,12-06 07:00:00+01:00,160.71042351082633
2030,sc01,12-06 08:00:00+01:00,354.59120028448933
2030,sc01,12-06 09:00:00+01:00,162.00475913879657
2030,sc01,12-06 10:00:00+01:00,53.73737930385542
2030,sc01,12-06 11:00:00+01:00,53.20570078671953
2030,sc01,12-06 12:00:00+01:00,50.60523073814179
2030,sc01,12-06 13:00:00+01:00,119.27781568324284
2030,sc01,12-06 14:00:00+01:00,124.60001378116682
2030,sc01,12-06 15:00:00+01:00,146.28203702888257
2030,sc01,12-06 16:00:00+01:00,242.37134476879504
2030,sc01,12-06 17:00:00+01:00,495.81916468234476
2030,sc01,12-06 18:00:00+01:00,650.2514318617964
2030,sc01,12-06 19:00:00+01:00,637.4627209309797
2030,sc01,12-06 20:00:00+01:00,558.0387008311744
2030,sc01,12-06 21:00:00+01:00,489.3579539868957
2030,sc01,12-06 22:00:00+01:00,408.3952778055944
2030,sc01,12-06 23:00:00+01:00,136.8373075944163
2030,sc01,12-07 00:00:00+01:00,55.455348160327816
2030,sc01,12-07 01:00:00+01:00,17.964579321328948
2030,sc01,12-07 02:00:00+01:00,0.0
2030,sc01,12-07 03:00:00+01:00,0.0
2030,sc01,12-07 04:00:00+01:00,0.0
2030,sc01,12-07 05:00:00+01:00,0.0
2030,sc01,12-07 06:00:00+01:00,0.0
2030,sc01,12-07 07:00:00+01:00,18.455062854278317
2030,sc01,12-07 08:00:00+01:00,65.29008129869985
2030,sc01,12-07 09:00:00+01:00,21.751871785360773
2030,sc01,12-07 10:00:00+01:00,25.603659195753124
2030,sc01,12-07 11:00:00+01:00,23.718878863786784
2030,sc01,12-07 12:00:00+01:00,20.786655130884572
2030,sc01,12-07 13:00:00+01:00,16.018085259639257
2030,sc01,12-07 14:00:00+01:00,14.395129784755722
2030,sc01,12-07 15:00:00+01:00,15.742253699361864
2030,sc01,12-07 16:00:00+01:00,24.76011006041787
2030,sc01,12-07 17:00:00+01:00,107.39891268849723
2030,sc01,12-07 18:00:00+01:00,271.85224974885455
2030,sc01,12-07 19:00:00+01:00,264.3705701593411
2030,sc01,12-07 20:00:00+01:00,219.12794735357943
2030,sc01,12-07 21:00:00+01:00,170.6259214600783
2030,sc01,12-07 22:00:00+01:00,106.2328646669531
2030,sc01,12-07 23:00:00+01:00,57.14770196006212
2030,sc01,12-08 00:00:00+01:00,17.319297867605467
2030,sc01,12-08 01:00:00+01:00,0.0
2030,sc01,12-08 02:00:00+01:00,0.0
2030,sc01,12-08 03:00:00+01:00,0.0
2030,sc01,12-08 04:00:00+01:00,0.0
2030,sc01,12-08 05:00:00+01:00,0.0
2030,sc01,12-08 06:00:00+01:00,0.0
2030,sc01,12-08 07:00:00+01:00,0.0
2030,sc01,12-08 08:00:00+01:00,0.0
2030,sc01,12-08 09:00:00+01:00,7.982654013191271
2030,sc01,12-08 10:00:00+01:00,9.112703355559404
2030,sc01,12-08 11:00:00+01:00,8.82817213855508
2030,sc01,12-08 12:00:00+01:00,4.632711199720358
2030,sc01,12-08 13:00:00+01:00,1.547084131711176
2030,sc01,12-08 14:00:00+01:00,2.960722892577984
2030,sc01,12-08 15:00:00+01:00,7.053793678532049
2030,sc01,12-08 16:00:00+01:00,71.02075807549618
2030,sc01,12-08 17:00:00+01:00,254.60106411189037
2030,sc01,12-08 18:00:00+01:00,336.18906375953316
2030,sc01,12-08 19:00:00+01:00,172.55816517805525
2030,sc01,12-08 20:00:00+01:00,149.7265772943227
2030,sc01,12-08 21:00:00+01:00,122.68258919697271
2030,sc01,12-08 22:00:00+01:00,84.55883476487004
2030,sc01,12-08 23:00:00+01:00,49.159311521637356
2030,sc01,12-09 00:00:00+01:00,13.601282877693073
2030,sc01,12-09 01:00:00+01:00,0.0
2030,sc01,12-09 02:00:00+01:00,0.0
2030,sc01,12-09 03:00:00+01:00,0.0
2030,sc01,12-09 04:00:00+01:00,0.0
2030,sc01,12-09 05:00:00+01:00,0.0
2030,sc01,12-09 06:00:00+01:00,105.27984712203008
2030,sc01,12-09 07:00:00+01:00,256.4481998048861
2030,sc01,12-09 08:00:00+01:00,345.6913779492923
2030,sc01,12-09 09:00:00+01:00,258.43236112836064
2030,sc01,12-09 10:00:00+01:00,98.42207319972043
2030,sc01,12-09 11:00:00+01:00,34.818833001316754
2030,sc01,12-09 12:00:00+01:00,35.27475059372248
2030,sc01,12-09 13:00:00+01:00,34.21409444152371
2030,sc01,12-09 14:00:00+01:00,32.165267571514974
2030,sc01,12-09 15:00:00+01:00,38.06032487590152
2030,sc01,12-09 16:00:00+01:00,49.91518661677098
2030,sc01,12-09 17:00:00+01:00,310.49496779992865
2030,sc01,12-09 18:00:00+01:00,429.1938021624405
2030,sc01,12-09 19:00:00+01:00,409.764570850116
2030,sc01,12-09 20:00:00+01:00,341.4356195148638
2030,sc01,12-09 21:00:00+01:00,255.69942556500897
2030,sc01,12-09 22:00:00+01:00,184.71917610448813
2030,sc01,12-09 23:00:00+01:00,110.91154346043675
2030,sc01,12-10 00:00:00+01:00,63.263991294299565
2030,sc01,12-10 01:00:00+01:00,29.58085079274782
2030,sc01,12-10 02:00:00+01:00,13.512832742459514
2030,sc01,12-10 03:00:00+01:00,4.068403414664242
2030,sc01,12-10 04:00:00+01:00,7.732628377103985
2030,sc01,12-10 05:00:00+01:00,136.07382050184262
2030,sc01,12-10 06:00:00+01:00,352.55621991128953
2030,sc01,12-10 07:00:00+01:00,622.3258142058661
2030,sc01,12-10 08:00:00+01:00,718.9136254720819
2030,sc01,12-10 09:00:00+01:00,501.45055367352853
2030,sc01,12-10 10:00:00+01:00,252.67834089000317
2030,sc01,12-10 11:00:00+01:00,188.355852908772
2030,sc01,12-10 12:00:00+01:00,323.8561144975066
2030,sc01,12-10 13:00:00+01:00,235.77073373021003
2030,sc01,12-10 14:00:00+01:00,191.80213839774297
2030,sc01,12-10 15:00:00+01:00,202.43852203688633
2030,sc01,12-10 16:00:00+01:00,302.8442023950312
2030,sc01,12-10 17:00:00+01:00,580.2385188181277
2030,sc01,12-10 18:00:00+01:00,678.5427713671495
2030,sc01,12-10 19:00:00+01:00,652.0324230824903
2030,sc01,12-10 20:00:00+01:00,568.5583762553806
2030,sc01,12-10 21:00:00+01:00,476.017727009074
2030,sc01,12-10 22:00:00+01:00,361.81598610720215
2030,sc01,12-10 23:00:00+01:00,231.45871267534707
2030,sc01,12-11 00:00:00+01:00,61.951335680459074
2030,sc01,12-11 01:00:00+01:00,21.861823197428077
2030,sc01,12-11 02:00:00+01:00,2.9392890207056173
2030,sc01,12-11 03:00:00+01:00,0.0
2030,sc01,12-11 04:00:00+01:00,0.0
2030,sc01,12-11 05:00:00+01:00,6.38158501394038
2030,sc01,12-11 06:00:00+01:00,96.68721894114105
2030,sc01,12-11 07:00:00+01:00,302.44845902385435
2030,sc01,12-11 08:00:00+01:00,413.4968942728103
2030,sc01,12-11 09:00:00+01:00,375.2537974494647
2030,sc01,12-11 10:00:00+01:00,157.94885896795196
2030,sc01,12-11 11:00:00+01:00,75.77133604398617
2030,sc01,12-11 12:00:00+01:00,56.73227204361492
2030,sc01,12-11 13:00:00+01:00,53.208922780070665
2030,sc01,12-11 14:00:00+01:00,59.32794361057097
2030,sc01,12-11 15:00:00+01:00,98.76124372508878
2030,sc01,12-11 16:00:00+01:00,201.9239607004178
2030,sc01,12-11 17:00:00+01:00,503.7260514596341
2030,sc01,12-11 18:00:00+01:00,612.8114101289481
2030,sc01,12-11 19:00:00+01:00,579.5337178624626
2030,sc01,12-11 20:00:00+01:00,505.09893000194063
2030,sc01,12-11 21:00:00+01:00,409.3708061081548
2030,sc01,12-11 22:00:00+01:00,299.2497752270486
2030,sc01,12-11 23:00:00+01:00,175.3899898647789
2030,sc01,12-12 00:00:00+01:00,87.11369803797713
2030,sc01,12-12 01:00:00+01:00,45.63706891499181
2030,sc01,12-12 02:00:00+01:00,21.465818158685593
2030,sc01,12-12 03:00:00+01:00,8.177749942954167
2030,sc01,12-12 04:00:00+01:00,5.775847165995017
2030,sc01,12-12 05:00:00+01:00,33.08979848531
2030,sc01,12-12 06:00:00+01:00,140.9943358202686
2030,sc01,12-12 07:00:00+01:00,559.9484399837635
2030,sc01,12-12 08:00:00+01:00,692.9689608623561
2030,sc01,12-12 09:00:00+01:00,544.8069427825549
2030,sc01,12-12 10:00:00+01:00,293.7642912832685
2030,sc01,12-12 11:00:00+01:00,265.1464024545692
2030,sc01,12-12 12:00:00+01:00,252.75210263810789
2030,sc01,12-12 13:00:00+01:00,279.8502914670202
2030,sc01,12-12 14:00:00+01:00,313.28980971237456
2030,sc01,12-12 15:00:00+01:00,490.50487569096373
2030,sc01,12-12 16:00:00+01:00,633.8668100507782
2030,sc01,12-12 17:00:00+01:00,750.0190495808799
2030,sc01,12-12 18:00:00+01:00,748.9583551902972
2030,sc01,12-12 19:00:00+01:00,682.0103938936264
2030,sc01,12-12 20:00:00+01:00,564.4995368571825
2030,sc01,12-12 21:00:00+01:00,426.45764062004105
2030,sc01,12-12 22:00:00+01:00,301.8471292089649
2030,sc01,12-12 23:00:00+01:00,182.64308288370242
2030,sc01,12-13 00:00:00+01:00,84.10537409617213
2030,sc01,12-13 01:00:00+01:00,43.68128093213638
2030,sc01,12-13 02:00:00+01:00,17.51991300268086
2030,sc01,12-13 03:00:00+01:00,2.5919629101436903
2030,sc01,12-13 04:00:00+01:00,0.9012373587923639
2030,sc01,12-13 05:00:00+01:00,15.631980109041614
2030,sc01,12-13 06:00:00+01:00,101.08556253482826
2030,sc01,12-13 07:00:00+01:00,343.2358719991226
2030,sc01,12-13 08:00:00+01:00,453.83665072715473
2030,sc01,12-13 09:00:00+01:00,423.9296757424994
2030,sc01,12-13 10:00:00+01:00,249.566583214036
2030,sc01,12-13 11:00:00+01:00,105.55361010731907
2030,sc01,12-13 12:00:00+01:00,64.8933089326319
2030,sc01,12-13 13:00:00+01:00,53.30788467896921
2030,sc01,12-13 14:00:00+01:00,66.67700510395916
2030,sc01,12-13 15:00:00+01:00,145.43861734279682
2030,sc01,12-13 16:00:00+01:00,329.33328247955046
2030,sc01,12-13 17:00:00+01:00,470.5926590194969
2030,sc01,12-13 18:00:00+01:00,501.043074874525
2030,sc01,12-13 19:00:00+01:00,446.36906549329854
2030,sc01,12-13 20:00:00+01:00,366.1584495933411
2030,sc01,12-13 21:00:00+01:00,294.0978297528801
2030,sc01,12-13 22:00:00+01:00,167.8690615993462
2030,sc01,12-13 23:00:00+01:00,113.29591963888662
2030,sc01,12-14 00:00:00+01:00,63.869879693002396
2030,sc01,12-14 01:00:00+01:00,28.002171424606757
2030,sc01,12-14 02:00:00+01:00,0.0
2030,sc01,12-14 03:00:00+01:00,0.0
2030,sc01,12-14 04:00:00+01:00,0.0
2030,sc01,12-14 05:00:00+01:00,0.0
2030,sc01,12-14 06:00:00+01:00,0.0
2030,sc01,12-14 07:00:00+01:00,11.432326363944467
2030,sc01,12-14 08:00:00+01:00,43.87900434325777
2030,sc01,12-14 09:00:00+01:00,18.260907978093254
2030,sc01,12-14 10:00:00+01:00,28.597278765221386
2030,sc01,12-14 11:00:00+01:00,23.17963862902367
2030,sc01,12-14 12:00:00+01:00,21.55557595481414
2030,sc01,12-14 13:00:00+01:00,18.737043426634575
2030,sc01,12-14 14:00:00+01:00,17.512779509029915
2030,sc01,12-14 15:00:00+01:00,20.835846896287396
2030,sc01,12-14 16:00:00+01:00,121.68558750704376
2030,sc01,12-14 17:00:00+01:00,298.2299618913247
2030,sc01,12-14 18:00:00+01:00,370.55248873702044
2030,sc01,12-14 19:00:00+01:00,357.43856063900546
2030,sc01,12-14 20:00:00+01:00,171.48100049281004
2030,sc01,12-14 21:00:00+01:00,132.1495152470154
2030,sc01,12-14 22:00:00+01:00,88.47776567197923
2030,sc01,12-14 23:00:00+01:00,55.04936167733805
2030,sc01,12-15 00:00:00+01:00,22.045183316570245
2030,sc01,12-15 01:00:00+01:00,0.0
2030,sc01,12-15 02:00:00+01:00,0.0
2030,sc01,12-15 03:00:00+01:00,0.0
2030,sc01,12-15 04:00:00+01:00,0.0
2030,sc01,12-15 05:00:00+01:00,0.0
2030,sc01,12-15 06:00:00+01:00,0.0
2030,sc01,12-15 07:00:00+01:00,0.0
2030,sc01,12-15 08:00:00+01:00,0.0
2030,sc01,12-15 09:00:00+01:00,0.0
2030,sc01,12-15 10:00:00+01:00,0.015480570284732693
2030,sc01,12-15 11:00:00+01:00,1.7484956245279273
2030,sc01,12-15 12:00:00+01:00,2.38081319290509
2030,sc01,12-15 13:00:00+01:00,3.1488370481041112
2030,sc01,12-15 14:00:00+01:00,5.651159781493365
2030,sc01,12-15 15:00:00+01:00,14.205445190698367
2030,sc01,12-15 16:00:00+01:00,135.69867472247893
2030,sc01,12-15 17:00:00+01:00,342.55544627526973
2030,sc01,12-15 18:00:00+01:00,422.9447006990407
2030,sc01,12-15 19:00:00+01:00,436.2788121798561
2030,sc01,12-15 20:00:00+01:00,429.8661741570365
2030,sc01,12-15 21:00:00+01:00,184.4816383981088
2030,sc01,12-15 22:00:00+01:00,127.3674090786959
2030,sc01,12-15 23:00:00+01:00,72.31595416386622
2030,sc01,12-16 00:00:00+01:00,29.278150860911097
2030,sc01,12-16 01:00:00+01:00,1.9690803972888768
2030,sc01,12-16 02:00:00+01:00,0.0
2030,sc01,12-16 03:00:00+01:00,0.0
2030,sc01,12-16 04:00:00+01:00,0.0
2030,sc01,12-16 05:00:00+01:00,1.4514601589004943
2030,sc01,12-16 06:00:00+01:00,89.9797973565515
2030,sc01,12-16 07:00:00+01:00,211.66579189585147
2030,sc01,12-16 08:00:00+01:00,380.19475675986405
2030,sc01,12-16 09:00:00+01:00,360.48240125868057
2030,sc01,12-16 10:00:00+01:00,263.8101394614378
2030,sc01,12-16 11:00:00+01:00,176.5674511785107
2030,sc01,12-16 12:00:00+01:00,324.1851485791208
2030,sc01,12-16 13:00:00+01:00,343.2376433671621
2030,sc01,12-16 14:00:00+01:00,409.6708965667416
2030,sc01,12-16 15:00:00+01:00,518.3639230830892
2030,sc01,12-16 16:00:00+01:00,662.9010614421911
2030,sc01,12-16 17:00:00+01:00,789.4296626454278
2030,sc01,12-16 18:00:00+01:00,801.6782152648124
2030,sc01,12-16 19:00:00+01:00,746.3158758017894
2030,sc01,12-16 20:00:00+01:00,646.876742651025
2030,sc01,12-16 21:00:00+01:00,531.4495675784444
2030,sc01,12-16 22:00:00+01:00,406.4633193096774
2030,sc01,12-16 23:00:00+01:00,276.08510610948366
2030,sc01,12-17 00:00:00+01:00,95.48747514369133
2030,sc01,12-17 01:00:00+01:00,50.49993207476904
2030,sc01,12-17 02:00:00+01:00,20.814430316436326
2030,sc01,12-17 03:00:00+01:00,5.447844388976632
2030,sc01,12-17 04:00:00+01:00,0.1629113833198515
2030,sc01,12-17 05:00:00+01:00,24.800689352171705
2030,sc01,12-17 06:00:00+01:00,95.30605180770084
2030,sc01,12-17 07:00:00+01:00,369.3327120527335
2030,sc01,12-17 08:00:00+01:00,491.0877434402466
2030,sc01,12-17 09:00:00+01:00,391.7519606664115
2030,sc01,12-17 10:00:00+01:00,340.63450577591453
2030,sc01,12-17 11:00:00+01:00,285.128871562571
2030,sc01,12-17 12:00:00+01:00,523.344731600828
2030,sc01,12-17 13:00:00+01:00,531.4879273304953
2030,sc01,12-17 14:00:00+01:00,526.9631414566138
2030,sc01,12-17 15:00:00+01:00,539.0589722313687
2030,sc01,12-17 16:00:00+01:00,649.6570838757855
2030,sc01,12-17 17:00:00+01:00,910.096588107085
2030,sc01,12-17 18:00:00+01:00,1002.2774986214778
2030,sc01,12-17 19:00:00+01:00,915.8427404746886
2030,sc01,12-17 20:00:00+01:00,813.747423301308
2030,sc01,12-17 21:00:00+01:00,460.82030949564376
2030,sc01,12-17 22:00:00+01:00,238.2294697125713
2030,sc01,12-17 23:00:00+01:00,159.8346934813785
2030,sc01,12-18 00:00:00+01:00,91.22504632239198
2030,sc01,12-18 01:00:00+01:00,45.69284403239954
2030,sc01,12-18 02:00:00+01:00,17.6952239816102
2030,sc01,12-18 03:00:00+01:00,3.1061413967351856
2030,sc01,12-18 04:00:00+01:00,1.5910833386846002
2030,sc01,12-18 05:00:00+01:00,25.259514327125594
2030,sc01,12-18 06:00:00+01:00,95.13191513854565
2030,sc01,12-18 07:00:00+01:00,348.38391975273424
2030,sc01,12-18 08:00:00+01:00,473.5682969649981
2030,sc01,12-18 09:00:00+01:00,617.6369194552492
2030,sc01,12-18 10:00:00+01:00,375.5270193545854
2030,sc01,12-18 11:00:00+01:00,248.12315244795604
2030,sc01,12-18 12:00:00+01:00,187.54539460793478
2030,sc01,12-18 13:00:00+01:00,191.87660857799136
2030,sc01,12-18 14:00:00+01:00,244.2408107707614
2030,sc01,12-18 15:00:00+01:00,337.4466338538334
2030,sc01,12-18 16:00:00+01:00,541.0250576296836
2030,sc01,12-18 17:00:00+01:00,835.6312174402542
2030,sc01,12-18 18:00:00+01:00,879.3201385571167
2030,sc01,12-18 19:00:00+01:00,795.5750789379549
2030,sc01,12-18 20:00:00+01:00,699.1707945032507
2030,sc01,12-18 21:00:00+01:00,289.45512178672845
2030,sc01,12-18 22:00:00+01:00,220.1925233932825
2030,sc01,12-18 23:00:00+01:00,147.59306874317264
2030,sc01,12-19 00:00:00+01:00,89.10922206187414
2030,sc01,12-19 01:00:00+01:00,41.16972606459558
2030,sc01,12-19 02:00:00+01:00,11.006730563592296
2030,sc01,12-19 03:00:00+01:00,0.0
2030,sc01,12-19 04:00:00+01:00,0.0
2030,sc01,12-19 05:00:00+01:00,0.0
2030,sc01,12-19 06:00:00+01:00,80.0976886999131
2030,sc01,12-19 07:00:00+01:00,198.8319996410985
2030,sc01,12-19 08:00:00+01:00,537.5399861541409
2030,sc01,12-19 09:00:00+01:00,501.3131023170152
2030,sc01,12-19 10:00:00+01:00,407.10137541047317
2030,sc01,12-19 11:00:00+01:00,327.8145900767327
2030,sc01,12-19 12:00:00+01:00,334.84926366020034
2030,sc01,12-19 13:00:00+01:00,291.58183152359743
2030,sc01,12-19 14:00:00+01:00,334.94508324459684
2030,sc01,12-19 15:00:00+01:00,407.7286250306153
2030,sc01,12-19 16:00:00+01:00,492.5727748487154
2030,sc01,12-19 17:00:00+01:00,544.1009814096451
2030,sc01,12-19 18:00:00+01:00,540.6328603461913
2030,sc01,12-19 19:00:00+01:00,462.40155688420776
2030,sc01,12-19 20:00:00+01:00,368.3503704020565
2030,sc01,12-19 21:00:00+01:00,295.6704045804081
2030,sc01,12-19 22:00:00+01:00,197.08623848652493
2030,sc01,12-19 23:00:00+01:00,101.02121108576327
2030,sc01,12-20 00:00:00+01:00,56.865742027038316
2030,sc01,12-20 01:00:00+01:00,15.358621251488673
2030,sc01,12-20 02:00:00+01:00,0.0
2030,sc01,12-20 03:00:00+01:00,0.0
2030,sc01,12-20 04:00:00+01:00,0.0
2030,sc01,12-20 05:00:00+01:00,0.0
2030,sc01,12-20 06:00:00+01:00,40.76413773512131
2030,sc01,12-20 07:00:00+01:00,128.59554166024282
2030,sc01,12-20 08:00:00+01:00,445.2807778559819
2030,sc01,12-20 09:00:00+01:00,443.54646451504755
2030,sc01,12-20 10:00:00+01:00,340.56453427647705
2030,sc01,12-20 11:00:00+01:00,239.03238136076712
2030,sc01,12-20 12:00:00+01:00,160.5905061271598
2030,sc01,12-20 13:00:00+01:00,127.29098573362302
2030,sc01,12-20 14:00:00+01:00,143.78269458333446
2030,sc01,12-20 15:00:00+01:00,216.54024620425392
2030,sc01,12-20 16:00:00+01:00,341.46392979101864
2030,sc01,12-20 17:00:00+01:00,441.96346684136984
2030,sc01,12-20 18:00:00+01:00,431.60243900354214
2030,sc01,12-20 19:00:00+01:00,395.8717119407809
2030,sc01,12-20 20:00:00+01:00,314.979989853759
2030,sc01,12-20 21:00:00+01:00,273.35375175097624
2030,sc01,12-20 22:00:00+01:00,111.4076822958009
2030,sc01,12-20 23:00:00+01:00,67.08033933333208
2030,sc01,12-21 00:00:00+01:00,23.343668539636983
2030,sc01,12-21 01:00:00+01:00,0.0
2030,sc01,12-21 02:00:00+01:00,0.0
2030,sc01,12-21 03:00:00+01:00,0.0
2030,sc01,12-21 04:00:00+01:00,0.0
2030,sc01,12-21 05:00:00+01:00,0.0
2030,sc01,12-21 06:00:00+01:00,0.0
2030,sc01,12-21 07:00:00+01:00,0.0
2030,sc01,12-21 08:00:00+01:00,25.51412150890462
2030,sc01,12-21 09:00:00+01:00,39.529439887548946
2030,sc01,12-21 10:00:00+01:00,13.187183445454686
2030,sc01,12-21 11:00:00+01:00,7.462575732105708
2030,sc01,12-21 12:00:00+01:00,6.249793414021082
2030,sc01,12-21 13:00:00+01:00,4.5410446596569125
2030,sc01,12-21 14:00:00+01:00,4.526885452926608
2030,sc01,12-21 15:00:00+01:00,8.017855877837231
2030,sc01,12-21 16:00:00+01:00,96.64201280586336
2030,sc01,12-21 17:00:00+01:00,279.1048259075592
2030,sc01,12-21 18:00:00+01:00,329.49928264310915
2030,sc01,12-21 19:00:00+01:00,309.8193107094867
2030,sc01,12-21 20:00:00+01:00,229.65607239342546
2030,sc01,12-21 21:00:00+01:00,175.23599139035414
2030,sc01,12-21 22:00:00+01:00,121.41539311980478
2030,sc01,12-21 23:00:00+01:00,61.58615863901198
2030,sc01,12-22 00:00:00+01:00,19.471886513762644
2030,sc01,12-22 01:00:00+01:00,0.0
2030,sc01,12-22 02:00:00+01:00,0.0
2030,sc01,12-22 03:00:00+01:00,0.0
2030,sc01,12-22 04:00:00+01:00,0.0
2030,sc01,12-22 05:00:00+01:00,0.0
2030,sc01,12-22 06:00:00+01:00,0.0
2030,sc01,12-22 07:00:00+01:00,160.0251034483569
2030,sc01,12-22 08:00:00+01:00,207.97788868211435
2030,sc01,12-22 09:00:00+01:00,181.94561008377246
2030,sc01,12-22 10:00:00+01:00,6.032288312736638
2030,sc01,12-22 11:00:00+01:00,89.30529499769172
2030,sc01,12-22 12:00:00+01:00,95.80486401134281
2030,sc01,12-22 13:00:00+01:00,78.56630576756318
2030,sc01,12-22 14:00:00+01:00,7.798199319013958
2030,sc01,12-22 15:00:00+01:00,11.435913620990352
2030,sc01,12-22 16:00:00+01:00,161.28859653905215
2030,sc01,12-22 17:00:00+01:00,391.2623157832221
2030,sc01,12-22 18:00:00+01:00,477.3821640348633
2030,sc01,12-22 19:00:00+01:00,433.51394271526925
2030,sc01,12-22 20:00:00+01:00,378.58297036417775
2030,sc01,12-22 21:00:00+01:00,320.51711799790456
2030,sc01,12-22 22:00:00+01:00,278.3035475533575
2030,sc01,12-22 23:00:00+01:00,195.42962466366401
2030,sc01,12-23 00:00:00+01:00,92.01878470564382
2030,sc01,12-23 01:00:00+01:00,0.0
2030,sc01,12-23 02:00:00+01:00,0.0
2030,sc01,12-23 03:00:00+01:00,0.0
2030,sc01,12-23 04:00:00+01:00,0.0
2030,sc01,12-23 05:00:00+01:00,0.0
2030,sc01,12-23 06:00:00+01:00,0.0
2030,sc01,12-23 07:00:00+01:00,48.126118984422064
2030,sc01,12-23 08:00:00+01:00,132.86129534406953
2030,sc01,12-23 09:00:00+01:00,152.7154289464776
2030,sc01,12-23 10:00:00+01:00,6.188670725450857
2030,sc01,12-23 11:00:00+01:00,2.797922589389246
2030,sc01,12-23 12:00:00+01:00,122.57472465188899
2030,sc01,12-23 13:00:00+01:00,103.39357618467422
2030,sc01,12-23 14:00:00+01:00,104.06453482704258
2030,sc01,12-23 15:00:00+01:00,123.16813699817797
2030,sc01,12-23 16:00:00+01:00,191.50597252469748
2030,sc01,12-23 17:00:00+01:00,416.37072362652196
2030,sc01,12-23 18:00:00+01:00,623.216658484845
2030,sc01,12-23 19:00:00+01:00,577.00866194483
2030,sc01,12-23 20:00:00+01:00,484.1688186042108
2030,sc01,12-23 21:00:00+01:00,388.0932200290411
2030,sc01,12-23 22:00:00+01:00,322.7702533210572
2030,sc01,12-23 23:00:00+01:00,113.15178138992995
2030,sc01,12-24 00:00:00+01:00,17.77114829047711
2030,sc01,12-24 01:00:00+01:00,0.0
2030,sc01,12-24 02:00:00+01:00,0.0
2030,sc01,12-24 03:00:00+01:00,0.0
2030,sc01,12-24 04:00:00+01:00,0.0
2030,sc01,12-24 05:00:00+01:00,0.0
2030,sc01,12-24 06:00:00+01:00,0.0
2030,sc01,12-24 07:00:00+01:00,13.969741749235418
2030,sc01,12-24 08:00:00+01:00,35.43523092966144
2030,sc01,12-24 09:00:00+01:00,1.0114109962108015
2030,sc01,12-24 10:00:00+01:00,0.0
2030,sc01,12-24 11:00:00+01:00,64.36031543926588
2030,sc01,12-24 12:00:00+01:00,33.42657243999016
2030,sc01,12-24 13:00:00+01:00,35.46173627100048
2030,sc01,12-24 14:00:00+01:00,43.52859738815111
2030,sc01,12-24 15:00:00+01:00,77.47900724185038
2030,sc01,12-24 16:00:00+01:00,137.18971429333604
2030,sc01,12-24 17:00:00+01:00,262.54880974406046
2030,sc01,12-24 18:00:00+01:00,453.7141887588065
2030,sc01,12-24 19:00:00+01:00,401.47258454747913
2030,sc01,12-24 20:00:00+01:00,360.1018025010185
2030,sc01,12-24 21:00:00+01:00,320.8036244806686
2030,sc01,12-24 22:00:00+01:00,312.1012182514615
2030,sc01,12-24 23:00:00+01:00,113.50949960565134
2030,sc01,12-25 00:00:00+01:00,10.314837964982628
2030,sc01,12-25 01:00:00+01:00,0.0
2030,sc01,12-25 02:00:00+01:00,0.0
2030,sc01,12-25 03:00:00+01:00,0.0
2030,sc01,12-25 04:00:00+01:00,0.0
2030,sc01,12-25 05:00:00+01:00,0.0
2030,sc01,12-25 06:00:00+01:00,0.0
2030,sc01,12-25 07:00:00+01:00,0.0
2030,sc01,12-25 08:00:00+01:00,0.0
2030,sc01,12-25 09:00:00+01:00,0.0
2030,sc01,12-25 10:00:00+01:00,0.0
2030,sc01,12-25 11:00:00+01:00,31.6109384933804
2030,sc01,12-25 12:00:00+01:00,6.245079485867021
2030,sc01,12-25 13:00:00+01:00,6.7766297607752755
2030,sc01,12-25 14:00:00+01:00,0.0
2030,sc01,12-25 15:00:00+01:00,0.0
2030,sc01,12-25 16:00:00+01:00,0.0
2030,sc01,12-25 17:00:00+01:00,125.60645476530618
2030,sc01,12-25 18:00:00+01:00,246.0460999582428
2030,sc01,12-25 19:00:00+01:00,240.53701136741262
2030,sc01,12-25 20:00:00+01:00,215.1956142149165
2030,sc01,12-25 21:00:00+01:00,175.87824161300185
2030,sc01,12-25 22:00:00+01:00,178.99802805234182
2030,sc01,12-25 23:00:00+01:00,122.23149139924777
2030,sc01,12-26 00:00:00+01:00,50.28755975800168
2030,sc01,12-26 01:00:00+01:00,0.0
2030,sc01,12-26 02:00:00+01:00,0.0
2030,sc01,12-26 03:00:00+01:00,0.0
2030,sc01,12-26 04:00:00+01:00,0.0
2030,sc01,12-26 05:00:00+01:00,0.0
2030,sc01,12-26 06:00:00+01:00,0.0
2030,sc01,12-26 07:00:00+01:00,105.3241303343663
2030,sc01,12-26 08:00:00+01:00,183.6546391467255
2030,sc01,12-26 09:00:00+01:00,145.81826712583316
2030,sc01,12-26 10:00:00+01:00,1.203179572871866
2030,sc01,12-26 11:00:00+01:00,192.98449918558805
2030,sc01,12-26 12:00:00+01:00,172.65400092868634
2030,sc01,12-26 13:00:00+01:00,152.77285253852767
2030,sc01,12-26 14:00:00+01:00,153.88004700475483
2030,sc01,12-26 15:00:00+01:00,194.05799921635557
2030,sc01,12-26 16:00:00+01:00,279.3493516251299
2030,sc01,12-26 17:00:00+01:00,536.4485238637673
2030,sc01,12-26 18:00:00+01:00,683.1508903539493
2030,sc01,12-26 19:00:00+01:00,677.7006718505098
2030,sc01,12-26 20:00:00+01:00,612.744835043425
2030,sc01,12-26 21:00:00+01:00,537.4714189932049
2030,sc01,12-26 22:00:00+01:00,487.1671906980126
2030,sc01,12-26 23:00:00+01:00,81.16887538941192
2030,sc01,12-27 00:00:00+01:00,37.2199807138873
2030,sc01,12-27 01:00:00+01:00,6.105323798860174
2030,sc01,12-27 02:00:00+01:00,0.0
2030,sc01,12-27 03:00:00+01:00,0.0
2030,sc01,12-27 04:00:00+01:00,0.0
2030,sc01,12-27 05:00:00+01:00,0.0
2030,sc01,12-27 06:00:00+01:00,156.60049889785742
2030,sc01,12-27 07:00:00+01:00,282.42914760400316
2030,sc01,12-27 08:00:00+01:00,371.1749328473561
2030,sc01,12-27 09:00:00+01:00,249.32639860236853
2030,sc01,12-27 10:00:00+01:00,105.45648164418104
2030,sc01,12-27 11:00:00+01:00,49.67595783117483
2030,sc01,12-27 12:00:00+01:00,16.988561234170536
2030,sc01,12-27 13:00:00+01:00,10.350736005468779
2030,sc01,12-27 14:00:00+01:00,14.164834315267838
2030,sc01,12-27 15:00:00+01:00,39.68522566186937
2030,sc01,12-27 16:00:00+01:00,225.52782508890368
2030,sc01,12-27 17:00:00+01:00,421.90615621193695
2030,sc01,12-27 18:00:00+01:00,628.6910637776505
2030,sc01,12-27 19:00:00+01:00,599.8640068729986
2030,sc01,12-27 20:00:00+01:00,519.5912706851084
2030,sc01,12-27 21:00:00+01:00,403.0391634186243
2030,sc01,12-27 22:00:00+01:00,342.9709113876348
2030,sc01,12-27 23:00:00+01:00,62.500598763366916
2030,sc01,12-28 00:00:00+01:00,157.1026833766907
2030,sc01,12-28 01:00:00+01:00,0.0
2030,sc01,12-28 02:00:00+01:00,0.0
2030,sc01,12-28 03:00:00+01:00,0.0
2030,sc01,12-28 04:00:00+01:00,0.0
2030,sc01,12-28 05:00:00+01:00,0.0
2030,sc01,12-28 06:00:00+01:00,0.0
2030,sc01,12-28 07:00:00+01:00,86.69403501050151
2030,sc01,12-28 08:00:00+01:00,137.8736072952232
2030,sc01,12-28 09:00:00+01:00,32.35819957197182
2030,sc01,12-28 10:00:00+01:00,0.33641373323663043
2030,sc01,12-28 11:00:00+01:00,2.4580525515828495
2030,sc01,12-28 12:00:00+01:00,5.586431344154835
2030,sc01,12-28 13:00:00+01:00,8.163539768585835
2030,sc01,12-28 14:00:00+01:00,5.832718407291276
2030,sc01,12-28 15:00:00+01:00,11.360406216351253
2030,sc01,12-28 16:00:00+01:00,25.026826510327886
2030,sc01,12-28 17:00:00+01:00,124.78055482278322
2030,sc01,12-28 18:00:00+01:00,377.67446684496116
2030,sc01,12-28 19:00:00+01:00,366.2938807293029
2030,sc01,12-28 20:00:00+01:00,282.8930292492228
2030,sc01,12-28 21:00:00+01:00,205.82841611880298
2030,sc01,12-28 22:00:00+01:00,130.0615878886673
2030,sc01,12-28 23:00:00+01:00,84.06931859262413
2030,sc01,12-29 00:00:00+01:00,15.346249511905773
2030,sc01,12-29 01:00:00+01:00,0.0
2030,sc01,12-29 02:00:00+01:00,0.0
2030,sc01,12-29 03:00:00+01:00,0.0
2030,sc01,12-29 04:00:00+01:00,0.0
2030,sc01,12-29 05:00:00+01:00,0.0
2030,sc01,12-29 06:00:00+01:00,0.0
2030,sc01,12-29 07:00:00+01:00,0.0
2030,sc01,12-29 08:00:00+01:00,0.0
2030,sc01,12-29 09:00:00+01:00,0.0
2030,sc01,12-29 10:00:00+01:00,0.0
2030,sc01,12-29 11:00:00+01:00,0.7522061681251143
2030,sc01,12-29 12:00:00+01:00,0.7948935254710386
2030,sc01,12-29 13:00:00+01:00,0.0
2030,sc01,12-29 14:00:00+01:00,0.0
2030,sc01,12-29 15:00:00+01:00,0.0
2030,sc01,12-29 16:00:00+01:00,5.597165121574933
2030,sc01,12-29 17:00:00+01:00,9.022547171541671
2030,sc01,12-29 18:00:00+01:00,158.15922170794215
2030,sc01,12-29 19:00:00+01:00,168.52146105539063
2030,sc01,12-29 20:00:00+01:00,145.52727504159182
2030,sc01,12-29 21:00:00+01:00,101.15133311102075
2030,sc01,12-29 22:00:00+01:00,52.18991365963565
2030,sc01,12-29 23:00:00+01:00,17.661243481890708
2030,sc01,12-30 00:00:00+01:00,0.0
2030,sc01,12-30 01:00:00+01:00,0.0
2030,sc01,12-30 02:00:00+01:00,0.0
2030,sc01,12-30 03:00:00+01:00,0.0
2030,sc01,12-30 04:00:00+01:00,0.0
2030,sc01,12-30 05:00:00+01:00,0.0
2030,sc01,12-30 06:00:00+01:00,0.0
2030,sc01,12-30 07:00:00+01:00,42.380802785537696
2030,sc01,12-30 08:00:00+01:00,123.37171668287262
2030,sc01,12-30 09:00:00+01:00,13.277101449586803
2030,sc01,12-30 10:00:00+01:00,5.508635107788564
2030,sc01,12-30 11:00:00+01:00,6.371984993608415
2030,sc01,12-30 12:00:00+01:00,6.6436162111708725
2030,sc01,12-30 13:00:00+01:00,6.738609177040106
2030,sc01,12-30 14:00:00+01:00,7.155950672866487
2030,sc01,12-30 15:00:00+01:00,10.056569606949845
2030,sc01,12-30 16:00:00+01:00,17.474028723839467
2030,sc01,12-30 17:00:00+01:00,50.52491500433714
2030,sc01,12-30 18:00:00+01:00,297.7939713522969
2030,sc01,12-30 19:00:00+01:00,295.2789736383665
2030,sc01,12-30 20:00:00+01:00,238.5982087577877
2030,sc01,12-30 21:00:00+01:00,177.8857675706586
2030,sc01,12-30 22:00:00+01:00,113.59118532311591
2030,sc01,12-30 23:00:00+01:00,44.058839947810334
