Period,Scenario,LoadLevel,Unit,p.u.
2030,sc01,01-02 18:00:00+01:00,102_CT_2,0.0
2030,sc01,01-02 18:00:00+01:00,101_CT_1,0.0
2030,sc01,01-02 18:00:00+01:00,101_STEAM_4,0.0
2030,sc01,01-02 18:00:00+01:00,115_STEAM_3,0.0
2030,sc01,01-02 18:00:00+01:00,101_CT_2,0.0
2030,sc01,01-02 18:00:00+01:00,102_STEAM_4,0.0
2030,sc01,01-02 18:00:00+01:00,123_CT_1,0.0
2030,sc01,01-02 18:00:00+01:00,116_STEAM_1,0.0
2030,sc01,01-02 18:00:00+01:00,123_CT_5,0.0
2030,sc01,01-02 18:00:00+01:00,102_STEAM_3,0.0
2030,sc01,01-02 18:00:00+01:00,123_STEAM_3,0.0
2030,sc01,01-02 18:00:00+01:00,113_CT_3,0.0
2030,sc01,01-02 18:00:00+01:00,101_STEAM_3,0.0
2030,sc01,01-02 18:00:00+01:00,123_CT_4,0.0
2030,sc01,01-02 18:00:00+01:00,113_CT_1,0.0
2030,sc01,01-02 18:00:00+01:00,123_STEAM_2,0.0
2030,sc01,01-02 18:00:00+01:00,102_CT_1,0.0
2030,sc01,01-02 18:00:00+01:00,113_CT_2,0.0
2030,sc01,01-02 18:00:00+01:00,113_CT_4,0.0
2030,sc01,01-02 18:00:00+01:00,115_STEAM_1,0.0
2030,sc01,01-02 18:00:00+01:00,115_STEAM_2,0.0
2030,sc01,01-02 18:00:00+01:00,121_NUCLEAR_1,0.35785489058693654
2030,sc01,01-02 18:00:00+01:00,118_CC_1,0.0
2030,sc01,01-02 18:00:00+01:00,107_CC_1,0.0
2030,sc01,01-03 17:00:00+01:00,102_CT_2,0.0
2030,sc01,01-03 17:00:00+01:00,101_CT_1,0.0
2030,sc01,01-03 17:00:00+01:00,101_STEAM_4,0.0
2030,sc01,01-03 17:00:00+01:00,115_STEAM_3,1.0
2030,sc01,01-03 17:00:00+01:00,101_CT_2,0.0
2030,sc01,01-03 17:00:00+01:00,102_STEAM_4,0.0
2030,sc01,01-03 17:00:00+01:00,123_CT_1,0.0
2030,sc01,01-03 17:00:00+01:00,116_STEAM_1,0.0
2030,sc01,01-03 17:00:00+01:00,123_CT_5,0.0
2030,sc01,01-03 17:00:00+01:00,102_STEAM_3,0.0
2030,sc01,01-03 17:00:00+01:00,123_STEAM_3,0.0
2030,sc01,01-03 17:00:00+01:00,113_CT_3,0.0
2030,sc01,01-03 17:00:00+01:00,101_STEAM_3,0.0
2030,sc01,01-03 17:00:00+01:00,123_CT_4,0.0
2030,sc01,01-03 17:00:00+01:00,113_CT_1,0.0
2030,sc01,01-03 17:00:00+01:00,123_STEAM_2,0.0
2030,sc01,01-03 17:00:00+01:00,102_CT_1,0.0
2030,sc01,01-03 17:00:00+01:00,113_CT_2,0.0
2030,sc01,01-03 17:00:00+01:00,113_CT_4,0.0
2030,sc01,01-03 17:00:00+01:00,115_STEAM_1,0.0
2030,sc01,01-03 17:00:00+01:00,115_STEAM_2,0.0
2030,sc01,01-03 17:00:00+01:00,121_NUCLEAR_1,0.5186299999875031
2030,sc01,01-03 17:00:00+01:00,118_CC_1,0.0
2030,sc01,01-03 17:00:00+01:00,107_CC_1,1.0
2030,sc01,01-03 18:00:00+01:00,102_CT_2,0.0
2030,sc01,01-03 18:00:00+01:00,101_CT_1,0.0
2030,sc01,01-03 18:00:00+01:00,101_STEAM_4,0.0
2030,sc01,01-03 18:00:00+01:00,115_STEAM_3,0.0
2030,sc01,01-03 18:00:00+01:00,101_CT_2,0.0
2030,sc01,01-03 18:00:00+01:00,102_STEAM_4,0.0
2030,sc01,01-03 18:00:00+01:00,123_CT_1,0.0
2030,sc01,01-03 18:00:00+01:00,116_STEAM_1,0.0
2030,sc01,01-03 18:00:00+01:00,123_CT_5,0.0
2030,sc01,01-03 18:00:00+01:00,102_STEAM_3,0.0
2030,sc01,01-03 18:00:00+01:00,123_STEAM_3,0.0
2030,sc01,01-03 18:00:00+01:00,113_CT_3,0.0
2030,sc01,01-03 18:00:00+01:00,101_STEAM_3,0.0
2030,sc01,01-03 18:00:00+01:00,123_CT_4,0.0
2030,sc01,01-03 18:00:00+01:00,113_CT_1,0.0
2030,sc01,01-03 18:00:00+01:00,123_STEAM_2,0.0
2030,sc01,01-03 18:00:00+01:00,102_CT_1,0.0
2030,sc01,01-03 18:00:00+01:00,113_CT_2,0.0
2030,sc01,01-03 18:00:00+01:00,113_CT_4,0.0
2030,sc01,01-03 18:00:00+01:00,115_STEAM_1,0.0
2030,sc01,01-03 18:00:00+01:00,115_STEAM_2,0.0
2030,sc01,01-03 18:00:00+01:00,121_NUCLEAR_1,0.09269165387207598
2030,sc01,01-03 18:00:00+01:00,118_CC_1,0.0
2030,sc01,01-03 18:00:00+01:00,107_CC_1,0.18018804256354837
2030,sc01,01-03 19:00:00+01:00,102_CT_2,0.0
2030,sc01,01-03 19:00:00+01:00,101_CT_1,0.0
2030,sc01,01-03 19:00:00+01:00,101_STEAM_4,0.0
2030,sc01,01-03 19:00:00+01:00,115_STEAM_3,0.0
2030,sc01,01-03 19:00:00+01:00,101_CT_2,0.0
2030,sc01,01-03 19:00:00+01:00,102_STEAM_4,0.0
2030,sc01,01-03 19:00:00+01:00,123_CT_1,0.0
2030,sc01,01-03 19:00:00+01:00,116_STEAM_1,0.0
2030,sc01,01-03 19:00:00+01:00,123_CT_5,0.0
2030,sc01,01-03 19:00:00+01:00,102_STEAM_3,0.0
2030,sc01,01-03 19:00:00+01:00,123_STEAM_3,0.0
2030,sc01,01-03 19:00:00+01:00,113_CT_3,0.0
2030,sc01,01-03 19:00:00+01:00,101_STEAM_3,0.0
2030,sc01,01-03 19:00:00+01:00,123_CT_4,0.0
2030,sc01,01-03 19:00:00+01:00,113_CT_1,0.0
2030,sc01,01-03 19:00:00+01:00,123_STEAM_2,0.0
2030,sc01,01-03 19:00:00+01:00,102_CT_1,0.0
2030,sc01,01-03 19:00:00+01:00,113_CT_2,0.0
2030,sc01,01-03 19:00:00+01:00,113_CT_4,0.0
2030,sc01,01-03 19:00:00+01:00,115_STEAM_1,0.0
2030,sc01,01-03 19:00:00+01:00,115_STEAM_2,0.0
2030,sc01,01-03 19:00:00+01:00,121_NUCLEAR_1,0.0
2030,sc01,01-03 19:00:00+01:00,118_CC_1,0.0
2030,sc01,01-03 19:00:00+01:00,107_CC_1,0.34753176595643426
2030,sc01,01-04 16:00:00+01:00,102_CT_2,0.0
2030,sc01,01-04 16:00:00+01:00,101_CT_1,0.0
2030,sc01,01-04 16:00:00+01:00,101_STEAM_4,1.0
2030,sc01,01-04 16:00:00+01:00,115_STEAM_3,1.0
2030,sc01,01-04 16:00:00+01:00,101_CT_2,0.0
2030,sc01,01-04 16:00:00+01:00,102_STEAM_4,0.33150863442653783
2030,sc01,01-04 16:00:00+01:00,123_CT_1,0.0
2030,sc01,01-04 16:00:00+01:00,116_STEAM_1,0.0
2030,sc01,01-04 16:00:00+01:00,123_CT_5,0.0
2030,sc01,01-04 16:00:00+01:00,102_STEAM_3,0.0
2030,sc01,01-04 16:00:00+01:00,123_STEAM_3,0.0
2030,sc01,01-04 16:00:00+01:00,113_CT_3,0.0
2030,sc01,01-04 16:00:00+01:00,101_STEAM_3,1.0
2030,sc01,01-04 16:00:00+01:00,123_CT_4,0.0
2030,sc01,01-04 16:00:00+01:00,113_CT_1,0.0
2030,sc01,01-04 16:00:00+01:00,123_STEAM_2,0.0
2030,sc01,01-04 16:00:00+01:00,102_CT_1,0.0
2030,sc01,01-04 16:00:00+01:00,113_CT_2,0.0
2030,sc01,01-04 16:00:00+01:00,113_CT_4,0.0
2030,sc01,01-04 16:00:00+01:00,115_STEAM_1,0.0
2030,sc01,01-04 16:00:00+01:00,115_STEAM_2,0.0
2030,sc01,01-04 16:00:00+01:00,121_NUCLEAR_1,0.7859054765859868
2030,sc01,01-04 16:00:00+01:00,118_CC_1,0.0
2030,sc01,01-04 16:00:00+01:00,107_CC_1,1.0
2030,sc01,01-04 17:00:00+01:00,102_CT_2,0.0
2030,sc01,01-04 17:00:00+01:00,101_CT_1,0.0
2030,sc01,01-04 17:00:00+01:00,101_STEAM_4,0.0022773873097252434
2030,sc01,01-04 17:00:00+01:00,115_STEAM_3,1.0
2030,sc01,01-04 17:00:00+01:00,101_CT_2,0.0
2030,sc01,01-04 17:00:00+01:00,102_STEAM_4,0.0
2030,sc01,01-04 17:00:00+01:00,123_CT_1,0.0
2030,sc01,01-04 17:00:00+01:00,116_STEAM_1,0.0
2030,sc01,01-04 17:00:00+01:00,123_CT_5,0.0
2030,sc01,01-04 17:00:00+01:00,102_STEAM_3,0.0
2030,sc01,01-04 17:00:00+01:00,123_STEAM_3,0.0
2030,sc01,01-04 17:00:00+01:00,113_CT_3,0.0
2030,sc01,01-04 17:00:00+01:00,101_STEAM_3,0.0
2030,sc01,01-04 17:00:00+01:00,123_CT_4,0.0
2030,sc01,01-04 17:00:00+01:00,113_CT_1,0.0
2030,sc01,01-04 17:00:00+01:00,123_STEAM_2,0.0
2030,sc01,01-04 17:00:00+01:00,102_CT_1,0.0
2030,sc01,01-04 17:00:00+01:00,113_CT_2,0.0
2030,sc01,01-04 17:00:00+01:00,113_CT_4,0.0
2030,sc01,01-04 17:00:00+01:00,115_STEAM_1,0.0
2030,sc01,01-04 17:00:00+01:00,115_STEAM_2,0.0
2030,sc01,01-04 17:00:00+01:00,121_NUCLEAR_1,0.0
2030,sc01,01-04 17:00:00+01:00,118_CC_1,0.0
2030,sc01,01-04 17:00:00+01:00,107_CC_1,1.0
2030,sc01,01-04 18:00:00+01:00,102_CT_2,0.0
2030,sc01,01-04 18:00:00+01:00,101_CT_1,0.0
2030,sc01,01-04 18:00:00+01:00,101_STEAM_4,0.0
2030,sc01,01-04 18:00:00+01:00,115_STEAM_3,0.0
2030,sc01,01-04 18:00:00+01:00,101_CT_2,0.0
2030,sc01,01-04 18:00:00+01:00,102_STEAM_4,0.0
2030,sc01,01-04 18:00:00+01:00,123_CT_1,0.0
2030,sc01,01-04 18:00:00+01:00,116_STEAM_1,0.0
2030,sc01,01-04 18:00:00+01:00,123_CT_5,0.0
2030,sc01,01-04 18:00:00+01:00,102_STEAM_3,0.0
2030,sc01,01-04 18:00:00+01:00,123_STEAM_3,0.0
2030,sc01,01-04 18:00:00+01:00,113_CT_3,0.0
2030,sc01,01-04 18:00:00+01:00,101_STEAM_3,0.0
2030,sc01,01-04 18:00:00+01:00,123_CT_4,0.0
2030,sc01,01-04 18:00:00+01:00,113_CT_1,0.0
2030,sc01,01-04 18:00:00+01:00,123_STEAM_2,0.0
2030,sc01,01-04 18:00:00+01:00,102_CT_1,0.0
2030,sc01,01-04 18:00:00+01:00,113_CT_2,0.0
2030,sc01,01-04 18:00:00+01:00,113_CT_4,0.0
2030,sc01,01-04 18:00:00+01:00,115_STEAM_1,0.0
2030,sc01,01-04 18:00:00+01:00,115_STEAM_2,0.0
2030,sc01,01-04 18:00:00+01:00,121_NUCLEAR_1,0.0
2030,sc01,01-04 18:00:00+01:00,118_CC_1,0.0
2030,sc01,01-04 18:00:00+01:00,107_CC_1,0.16808539546292658
2030,sc01,01-04 19:00:00+01:00,102_CT_2,0.0
2030,sc01,01-04 19:00:00+01:00,101_CT_1,0.0
2030,sc01,01-04 19:00:00+01:00,101_STEAM_4,0.0
2030,sc01,01-04 19:00:00+01:00,115_STEAM_3,0.0
2030,sc01,01-04 19:00:00+01:00,101_CT_2,0.0
2030,sc01,01-04 19:00:00+01:00,102_STEAM_4,0.0
2030,sc01,01-04 19:00:00+01:00,123_CT_1,0.0
2030,sc01,01-04 19:00:00+01:00,116_STEAM_1,0.0
2030,sc01,01-04 19:00:00+01:00,123_CT_5,0.0
2030,sc01,01-04 19:00:00+01:00,102_STEAM_3,0.0
2030,sc01,01-04 19:00:00+01:00,123_STEAM_3,0.0
2030,sc01,01-04 19:00:00+01:00,113_CT_3,0.0
2030,sc01,01-04 19:00:00+01:00,101_STEAM_3,0.0
2030,sc01,01-04 19:00:00+01:00,123_CT_4,0.0
2030,sc01,01-04 19:00:00+01:00,113_CT_1,0.0
2030,sc01,01-04 19:00:00+01:00,123_STEAM_2,0.0
2030,sc01,01-04 19:00:00+01:00,102_CT_1,0.0
2030,sc01,01-04 19:00:00+01:00,113_CT_2,0.0
2030,sc01,01-04 19:00:00+01:00,113_CT_4,0.0
2030,sc01,01-04 19:00:00+01:00,115_STEAM_1,0.0
2030,sc01,01-04 19:00:00+01:00,115_STEAM_2,0.0
2030,sc01,01-04 19:00:00+01:00,121_NUCLEAR_1,0.0
2030,sc01,01-04 19:00:00+01:00,118_CC_1,0.0
2030,sc01,01-04 19:00:00+01:00,107_CC_1,0.22821843559390181
2030,sc01,01-06 17:00:00+01:00,102_CT_2,0.0
2030,sc01,01-06 17:00:00+01:00,101_CT_1,0.0
2030,sc01,01-06 17:00:00+01:00,101_STEAM_4,0.0
2030,sc01,01-06 17:00:00+01:00,115_STEAM_3,1.0
2030,sc01,01-06 17:00:00+01:00,101_CT_2,0.0
2030,sc01,01-06 17:00:00+01:00,102_STEAM_4,0.0
2030,sc01,01-06 17:00:00+01:00,123_CT_1,0.0
2030,sc01,01-06 17:00:00+01:00,116_STEAM_1,0.0
2030,sc01,01-06 17:00:00+01:00,123_CT_5,0.0
2030,sc01,01-06 17:00:00+01:00,102_STEAM_3,0.0
2030,sc01,01-06 17:00:00+01:00,123_STEAM_3,0.0
2030,sc01,01-06 17:00:00+01:00,113_CT_3,0.0
2030,sc01,01-06 17:00:00+01:00,101_STEAM_3,0.0
2030,sc01,01-06 17:00:00+01:00,123_CT_4,0.0
2030,sc01,01-06 17:00:00+01:00,113_CT_1,0.0
2030,sc01,01-06 17:00:00+01:00,123_STEAM_2,0.0
2030,sc01,01-06 17:00:00+01:00,102_CT_1,0.0
2030,sc01,01-06 17:00:00+01:00,113_CT_2,0.0
2030,sc01,01-06 17:00:00+01:00,113_CT_4,0.0
2030,sc01,01-06 17:00:00+01:00,115_STEAM_1,0.0
2030,sc01,01-06 17:00:00+01:00,115_STEAM_2,0.0
2030,sc01,01-06 17:00:00+01:00,121_NUCLEAR_1,0.0
2030,sc01,01-06 17:00:00+01:00,118_CC_1,0.0
2030,sc01,01-06 17:00:00+01:00,107_CC_1,1.0
2030,sc01,01-07 09:00:00+01:00,102_CT_2,0.0
2030,sc01,01-07 09:00:00+01:00,101_CT_1,0.0
2030,sc01,01-07 09:00:00+01:00,101_STEAM_4,1.0
2030,sc01,01-07 09:00:00+01:00,115_STEAM_3,1.0
2030,sc01,01-07 09:00:00+01:00,101_CT_2,0.0
2030,sc01,01-07 09:00:00+01:00,102_STEAM_4,1.0
2030,sc01,01-07 09:00:00+01:00,123_CT_1,0.0
2030,sc01,01-07 09:00:00+01:00,116_STEAM_1,0.0
2030,sc01,01-07 09:00:00+01:00,123_CT_5,0.0
2030,sc01,01-07 09:00:00+01:00,102_STEAM_3,1.0
2030,sc01,01-07 09:00:00+01:00,123_STEAM_3,0.3664233011899652
2030,sc01,01-07 09:00:00+01:00,113_CT_3,0.0
2030,sc01,01-07 09:00:00+01:00,101_STEAM_3,1.0
2030,sc01,01-07 09:00:00+01:00,123_CT_4,0.0
2030,sc01,01-07 09:00:00+01:00,113_CT_1,0.0
2030,sc01,01-07 09:00:00+01:00,123_STEAM_2,1.0
2030,sc01,01-07 09:00:00+01:00,102_CT_1,0.0
2030,sc01,01-07 09:00:00+01:00,113_CT_2,0.0
2030,sc01,01-07 09:00:00+01:00,113_CT_4,0.0
2030,sc01,01-07 09:00:00+01:00,115_STEAM_1,0.0
2030,sc01,01-07 09:00:00+01:00,115_STEAM_2,0.0
2030,sc01,01-07 09:00:00+01:00,121_NUCLEAR_1,1.0
2030,sc01,01-07 09:00:00+01:00,118_CC_1,1.0
2030,sc01,01-07 09:00:00+01:00,107_CC_1,1.0
2030,sc01,01-07 16:00:00+01:00,102_CT_2,0.0
2030,sc01,01-07 16:00:00+01:00,101_CT_1,0.0
2030,sc01,01-07 16:00:00+01:00,101_STEAM_4,1.0
2030,sc01,01-07 16:00:00+01:00,115_STEAM_3,1.0
2030,sc01,01-07 16:00:00+01:00,101_CT_2,0.0
2030,sc01,01-07 16:00:00+01:00,102_STEAM_4,1.0
2030,sc01,01-07 16:00:00+01:00,123_CT_1,0.0
2030,sc01,01-07 16:00:00+01:00,116_STEAM_1,0.0
2030,sc01,01-07 16:00:00+01:00,123_CT_5,0.0
2030,sc01,01-07 16:00:00+01:00,102_STEAM_3,1.0
2030,sc01,01-07 16:00:00+01:00,123_STEAM_3,0.7087603414488932
2030,sc01,01-07 16:00:00+01:00,113_CT_3,0.0
2030,sc01,01-07 16:00:00+01:00,101_STEAM_3,1.0
2030,sc01,01-07 16:00:00+01:00,123_CT_4,0.0
2030,sc01,01-07 16:00:00+01:00,113_CT_1,0.0
2030,sc01,01-07 16:00:00+01:00,123_STEAM_2,1.0
2030,sc01,01-07 16:00:00+01:00,102_CT_1,0.0
2030,sc01,01-07 16:00:00+01:00,113_CT_2,0.0
2030,sc01,01-07 16:00:00+01:00,113_CT_4,0.0
2030,sc01,01-07 16:00:00+01:00,115_STEAM_1,0.0
2030,sc01,01-07 16:00:00+01:00,115_STEAM_2,0.0
2030,sc01,01-07 16:00:00+01:00,121_NUCLEAR_1,0.8920087188898855
2030,sc01,01-07 16:00:00+01:00,118_CC_1,0.0
2030,sc01,01-07 16:00:00+01:00,107_CC_1,1.0
2030,sc01,01-07 17:00:00+01:00,102_CT_2,0.0
2030,sc01,01-07 17:00:00+01:00,101_CT_1,0.0
2030,sc01,01-07 17:00:00+01:00,101_STEAM_4,1.0
2030,sc01,01-07 17:00:00+01:00,115_STEAM_3,1.0
2030,sc01,01-07 17:00:00+01:00,101_CT_2,0.0
2030,sc01,01-07 17:00:00+01:00,102_STEAM_4,0.0
2030,sc01,01-07 17:00:00+01:00,123_CT_1,0.0
2030,sc01,01-07 17:00:00+01:00,116_STEAM_1,0.0
2030,sc01,01-07 17:00:00+01:00,123_CT_5,0.0
2030,sc01,01-07 17:00:00+01:00,102_STEAM_3,0.0
2030,sc01,01-07 17:00:00+01:00,123_STEAM_3,0.0
2030,sc01,01-07 17:00:00+01:00,113_CT_3,0.0
2030,sc01,01-07 17:00:00+01:00,101_STEAM_3,1.0
2030,sc01,01-07 17:00:00+01:00,123_CT_4,0.0
2030,sc01,01-07 17:00:00+01:00,113_CT_1,0.0
2030,sc01,01-07 17:00:00+01:00,123_STEAM_2,0.0
2030,sc01,01-07 17:00:00+01:00,102_CT_1,0.0
2030,sc01,01-07 17:00:00+01:00,113_CT_2,0.0
2030,sc01,01-07 17:00:00+01:00,113_CT_4,0.0
2030,sc01,01-07 17:00:00+01:00,115_STEAM_1,0.0
2030,sc01,01-07 17:00:00+01:00,115_STEAM_2,0.0
2030,sc01,01-07 17:00:00+01:00,121_NUCLEAR_1,0.0
2030,sc01,01-07 17:00:00+01:00,118_CC_1,0.0
2030,sc01,01-07 17:00:00+01:00,107_CC_1,1.0
2030,sc01,01-07 18:00:00+01:00,102_CT_2,0.0
2030,sc01,01-07 18:00:00+01:00,101_CT_1,0.0
2030,sc01,01-07 18:00:00+01:00,101_STEAM_4,0.0
2030,sc01,01-07 18:00:00+01:00,115_STEAM_3,1.0
2030,sc01,01-07 18:00:00+01:00,101_CT_2,0.0
2030,sc01,01-07 18:00:00+01:00,102_STEAM_4,0.0
2030,sc01,01-07 18:00:00+01:00,123_CT_1,0.0
2030,sc01,01-07 18:00:00+01:00,116_STEAM_1,0.0
2030,sc01,01-07 18:00:00+01:00,123_CT_5,0.0
2030,sc01,01-07 18:00:00+01:00,102_STEAM_3,0.0
2030,sc01,01-07 18:00:00+01:00,123_STEAM_3,0.0
2030,sc01,01-07 18:00:00+01:00,113_CT_3,0.0
2030,sc01,01-07 18:00:00+01:00,101_STEAM_3,0.0
2030,sc01,01-07 18:00:00+01:00,123_CT_4,0.0
2030,sc01,01-07 18:00:00+01:00,113_CT_1,0.0
2030,sc01,01-07 18:00:00+01:00,123_STEAM_2,0.0
2030,sc01,01-07 18:00:00+01:00,102_CT_1,0.0
2030,sc01,01-07 18:00:00+01:00,113_CT_2,0.0
2030,sc01,01-07 18:00:00+01:00,113_CT_4,0.0
2030,sc01,01-07 18:00:00+01:00,115_STEAM_1,0.0
2030,sc01,01-07 18:00:00+01:00,115_STEAM_2,0.0
2030,sc01,01-07 18:00:00+01:00,121_NUCLEAR_1,0.0
2030,sc01,01-07 18:00:00+01:00,118_CC_1,0.0
2030,sc01,01-07 18:00:00+01:00,107_CC_1,0.14532863383013744
2030,sc01,01-07 19:00:00+01:00,102_CT_2,0.0
2030,sc01,01-07 19:00:00+01:00,101_CT_1,0.0
2030,sc01,01-07 19:00:00+01:00,101_STEAM_4,0.0
2030,sc01,01-07 19:00:00+01:00,115_STEAM_3,1.0
2030,sc01,01-07 19:00:00+01:00,101_CT_2,0.0
2030,sc01,01-07 19:00:00+01:00,102_STEAM_4,0.0
2030,sc01,01-07 19:00:00+01:00,123_CT_1,0.0
2030,sc01,01-07 19:00:00+01:00,116_STEAM_1,0.0
2030,sc01,01-07 19:00:00+01:00,123_CT_5,0.0
2030,sc01,01-07 19:00:00+01:00,102_STEAM_3,0.0
2030,sc01,01-07 19:00:00+01:00,123_STEAM_3,0.0
2030,sc01,01-07 19:00:00+01:00,113_CT_3,0.0
2030,sc01,01-07 19:00:00+01:00,101_STEAM_3,0.0
2030,sc01,01-07 19:00:00+01:00,123_CT_4,0.0
2030,sc01,01-07 19:00:00+01:00,113_CT_1,0.0
2030,sc01,01-07 19:00:00+01:00,123_STEAM_2,0.0
2030,sc01,01-07 19:00:00+01:00,102_CT_1,0.0
2030,sc01,01-07 19:00:00+01:00,113_CT_2,0.0
2030,sc01,01-07 19:00:00+01:00,113_CT_4,0.0
2030,sc01,01-07 19:00:00+01:00,115_STEAM_1,0.0
2030,sc01,01-07 19:00:00+01:00,115_STEAM_2,0.0
2030,sc01,01-07 19:00:00+01:00,121_NUCLEAR_1,0.0
2030,sc01,01-07 19:00:00+01:00,118_CC_1,0.0
2030,sc01,01-07 19:00:00+01:00,107_CC_1,0.27085863525750553
2030,sc01,01-07 20:00:00+01:00,102_CT_2,0.0
2030,sc01,01-07 20:00:00+01:00,101_CT_1,0.0
2030,sc01,01-07 20:00:00+01:00,101_STEAM_4,0.0
2030,sc01,01-07 20:00:00+01:00,115_STEAM_3,0.0
2030,sc01,01-07 20:00:00+01:00,101_CT_2,0.0
2030,sc01,01-07 20:00:00+01:00,102_STEAM_4,0.0
2030,sc01,01-07 20:00:00+01:00,123_CT_1,0.0
2030,sc01,01-07 20:00:00+01:00,116_STEAM_1,0.0
2030,sc01,01-07 20:00:00+01:00,123_CT_5,0.0
2030,sc01,01-07 20:00:00+01:00,102_STEAM_3,0.0
2030,sc01,01-07 20:00:00+01:00,123_STEAM_3,0.0
2030,sc01,01-07 20:00:00+01:00,113_CT_3,0.0
2030,sc01,01-07 20:00:00+01:00,101_STEAM_3,0.0
2030,sc01,01-07 20:00:00+01:00,123_CT_4,0.0
2030,sc01,01-07 20:00:00+01:00,113_CT_1,0.0
2030,sc01,01-07 20:00:00+01:00,123_STEAM_2,0.0
2030,sc01,01-07 20:00:00+01:00,102_CT_1,0.0
2030,sc01,01-07 20:00:00+01:00,113_CT_2,0.0
2030,sc01,01-07 20:00:00+01:00,113_CT_4,0.0
2030,sc01,01-07 20:00:00+01:00,115_STEAM_1,0.0
2030,sc01,01-07 20:00:00+01:00,115_STEAM_2,0.0
2030,sc01,01-07 20:00:00+01:00,121_NUCLEAR_1,0.0
2030,sc01,01-07 20:00:00+01:00,118_CC_1,0.0
2030,sc01,01-07 20:00:00+01:00,107_CC_1,0.3652511872611735
2030,sc01,01-08 07:00:00+01:00,102_CT_2,0.0
2030,sc01,01-08 07:00:00+01:00,101_CT_1,0.0
2030,sc01,01-08 07:00:00+01:00,101_STEAM_4,0.0
2030,sc01,01-08 07:00:00+01:00,115_STEAM_3,1.0
2030,sc01,01-08 07:00:00+01:00,101_CT_2,0.0
2030,sc01,01-08 07:00:00+01:00,102_STEAM_4,0.0
2030,sc01,01-08 07:00:00+01:00,123_CT_1,0.0
2030,sc01,01-08 07:00:00+01:00,116_STEAM_1,0.0
2030,sc01,01-08 07:00:00+01:00,123_CT_5,0.0
2030,sc01,01-08 07:00:00+01:00,102_STEAM_3,0.0
2030,sc01,01-08 07:00:00+01:00,123_STEAM_3,0.0
2030,sc01,01-08 07:00:00+01:00,113_CT_3,0.0
2030,sc01,01-08 07:00:00+01:00,101_STEAM_3,0.0
2030,sc01,01-08 07:00:00+01:00,123_CT_4,0.0
2030,sc01,01-08 07:00:00+01:00,113_CT_1,0.0
2030,sc01,01-08 07:00:00+01:00,123_STEAM_2,0.0
2030,sc01,01-08 07:00:00+01:00,102_CT_1,0.0
2030,sc01,01-08 07:00:00+01:00,113_CT_2,0.0
2030,sc01,01-08 07:00:00+01:00,113_CT_4,0.0
2030,sc01,01-08 07:00:00+01:00,115_STEAM_1,0.0
2030,sc01,01-08 07:00:00+01:00,115_STEAM_2,0.0
2030,sc01,01-08 07:00:00+01:00,121_NUCLEAR_1,0.0
2030,sc01,01-08 07:00:00+01:00,118_CC_1,0.0
2030,sc01,01-08 07:00:00+01:00,107_CC_1,0.0
2030,sc01,01-08 08:00:00+01:00,102_CT_2,0.0
2030,sc01,01-08 08:00:00+01:00,101_CT_1,0.0
2030,sc01,01-08 08:00:00+01:00,101_STEAM_4,1.0
2030,sc01,01-08 08:00:00+01:00,115_STEAM_3,1.0
2030,sc01,01-08 08:00:00+01:00,101_CT_2,0.0
2030,sc01,01-08 08:00:00+01:00,102_STEAM_4,1.0
2030,sc01,01-08 08:00:00+01:00,123_CT_1,0.0
2030,sc01,01-08 08:00:00+01:00,116_STEAM_1,0.0
2030,sc01,01-08 08:00:00+01:00,123_CT_5,0.0
2030,sc01,01-08 08:00:00+01:00,102_STEAM_3,1.0
2030,sc01,01-08 08:00:00+01:00,123_STEAM_3,1.0
2030,sc01,01-08 08:00:00+01:00,113_CT_3,0.0
2030,sc01,01-08 08:00:00+01:00,101_STEAM_3,1.0
2030,sc01,01-08 08:00:00+01:00,123_CT_4,0.0
2030,sc01,01-08 08:00:00+01:00,113_CT_1,0.0
2030,sc01,01-08 08:00:00+01:00,123_STEAM_2,1.0
2030,sc01,01-08 08:00:00+01:00,102_CT_1,0.0
2030,sc01,01-08 08:00:00+01:00,113_CT_2,0.0
2030,sc01,01-08 08:00:00+01:00,113_CT_4,0.0
2030,sc01,01-08 08:00:00+01:00,115_STEAM_1,0.0
2030,sc01,01-08 08:00:00+01:00,115_STEAM_2,0.0
2030,sc01,01-08 08:00:00+01:00,121_NUCLEAR_1,0.5938539100752894
2030,sc01,01-08 08:00:00+01:00,118_CC_1,0.0
2030,sc01,01-08 08:00:00+01:00,107_CC_1,1.0
2030,sc01,01-08 09:00:00+01:00,102_CT_2,0.0
2030,sc01,01-08 09:00:00+01:00,101_CT_1,0.0
2030,sc01,01-08 09:00:00+01:00,101_STEAM_4,1.0
2030,sc01,01-08 09:00:00+01:00,115_STEAM_3,1.0
2030,sc01,01-08 09:00:00+01:00,101_CT_2,0.0
2030,sc01,01-08 09:00:00+01:00,102_STEAM_4,1.0
2030,sc01,01-08 09:00:00+01:00,123_CT_1,0.0
2030,sc01,01-08 09:00:00+01:00,116_STEAM_1,0.0
2030,sc01,01-08 09:00:00+01:00,123_CT_5,0.0
2030,sc01,01-08 09:00:00+01:00,102_STEAM_3,1.0
2030,sc01,01-08 09:00:00+01:00,123_STEAM_3,1.0
2030,sc01,01-08 09:00:00+01:00,113_CT_3,0.0
2030,sc01,01-08 09:00:00+01:00,101_STEAM_3,1.0
2030,sc01,01-08 09:00:00+01:00,123_CT_4,0.0
2030,sc01,01-08 09:00:00+01:00,113_CT_1,0.0
2030,sc01,01-08 09:00:00+01:00,123_STEAM_2,1.0
2030,sc01,01-08 09:00:00+01:00,102_CT_1,0.0
2030,sc01,01-08 09:00:00+01:00,113_CT_2,0.0
2030,sc01,01-08 09:00:00+01:00,113_CT_4,0.0
2030,sc01,01-08 09:00:00+01:00,115_STEAM_1,0.0
2030,sc01,01-08 09:00:00+01:00,115_STEAM_2,0.0
2030,sc01,01-08 09:00:00+01:00,121_NUCLEAR_1,0.6507779331071981
2030,sc01,01-08 09:00:00+01:00,118_CC_1,0.0
2030,sc01,01-08 09:00:00+01:00,107_CC_1,1.0
2030,sc01,01-08 16:00:00+01:00,102_CT_2,0.0
2030,sc01,01-08 16:00:00+01:00,101_CT_1,0.0
2030,sc01,01-08 16:00:00+01:00,101_STEAM_4,1.0
2030,sc01,01-08 16:00:00+01:00,115_STEAM_3,1.0
2030,sc01,01-08 16:00:00+01:00,101_CT_2,0.0
2030,sc01,01-08 16:00:00+01:00,102_STEAM_4,1.0
2030,sc01,01-08 16:00:00+01:00,123_CT_1,0.0
2030,sc01,01-08 16:00:00+01:00,116_STEAM_1,0.0
2030,sc01,01-08 16:00:00+01:00,123_CT_5,0.0
2030,sc01,01-08 16:00:00+01:00,102_STEAM_3,1.0
2030,sc01,01-08 16:00:00+01:00,123_STEAM_3,0.0
2030,sc01,01-08 16:00:00+01:00,113_CT_3,0.0
2030,sc01,01-08 16:00:00+01:00,101_STEAM_3,1.0
2030,sc01,01-08 16:00:00+01:00,123_CT_4,0.0
2030,sc01,01-08 16:00:00+01:00,113_CT_1,0.0
2030,sc01,01-08 16:00:00+01:00,123_STEAM_2,1.0
2030,sc01,01-08 16:00:00+01:00,102_CT_1,0.0
2030,sc01,01-08 16:00:00+01:00,113_CT_2,0.0
2030,sc01,01-08 16:00:00+01:00,113_CT_4,0.0
2030,sc01,01-08 16:00:00+01:00,115_STEAM_1,0.0
2030,sc01,01-08 16:00:00+01:00,115_STEAM_2,0.0
2030,sc01,01-08 16:00:00+01:00,121_NUCLEAR_1,0.815974277912434
2030,sc01,01-08 16:00:00+01:00,118_CC_1,0.0
2030,sc01,01-08 16:00:00+01:00,107_CC_1,1.0
2030,sc01,01-08 17:00:00+01:00,102_CT_2,0.0
2030,sc01,01-08 17:00:00+01:00,101_CT_1,0.0
2030,sc01,01-08 17:00:00+01:00,101_STEAM_4,1.0
2030,sc01,01-08 17:00:00+01:00,115_STEAM_3,1.0
2030,sc01,01-08 17:00:00+01:00,101_CT_2,0.0
2030,sc01,01-08 17:00:00+01:00,102_STEAM_4,1.0
2030,sc01,01-08 17:00:00+01:00,123_CT_1,0.0
2030,sc01,01-08 17:00:00+01:00,116_STEAM_1,0.0
2030,sc01,01-08 17:00:00+01:00,123_CT_5,0.0
2030,sc01,01-08 17:00:00+01:00,102_STEAM_3,1.0
2030,sc01,01-08 17:00:00+01:00,123_STEAM_3,0.0
2030,sc01,01-08 17:00:00+01:00,113_CT_3,0.0
2030,sc01,01-08 17:00:00+01:00,101_STEAM_3,1.0
2030,sc01,01-08 17:00:00+01:00,123_CT_4,0.0
2030,sc01,01-08 17:00:00+01:00,113_CT_1,0.0
2030,sc01,01-08 17:00:00+01:00,123_STEAM_2,0.0
2030,sc01,01-08 17:00:00+01:00,102_CT_1,0.0
2030,sc01,01-08 17:00:00+01:00,113_CT_2,0.0
2030,sc01,01-08 17:00:00+01:00,113_CT_4,0.0
2030,sc01,01-08 17:00:00+01:00,115_STEAM_1,0.0
2030,sc01,01-08 17:00:00+01:00,115_STEAM_2,0.0
2030,sc01,01-08 17:00:00+01:00,121_NUCLEAR_1,0.0
2030,sc01,01-08 17:00:00+01:00,118_CC_1,0.0
2030,sc01,01-08 17:00:00+01:00,107_CC_1,1.0
2030,sc01,01-08 18:00:00+01:00,102_CT_2,0.0
2030,sc01,01-08 18:00:00+01:00,101_CT_1,0.0
2030,sc01,01-08 18:00:00+01:00,101_STEAM_4,0.0
2030,sc01,01-08 18:00:00+01:00,115_STEAM_3,1.0
2030,sc01,01-08 18:00:00+01:00,101_CT_2,0.0
2030,sc01,01-08 18:00:00+01:00,102_STEAM_4,0.0
2030,sc01,01-08 18:00:00+01:00,123_CT_1,0.0
2030,sc01,01-08 18:00:00+01:00,116_STEAM_1,0.0
2030,sc01,01-08 18:00:00+01:00,123_CT_5,0.0
2030,sc01,01-08 18:00:00+01:00,102_STEAM_3,0.0
2030,sc01,01-08 18:00:00+01:00,123_STEAM_3,0.0
2030,sc01,01-08 18:00:00+01:00,113_CT_3,0.0
2030,sc01,01-08 18:00:00+01:00,101_STEAM_3,0.0
2030,sc01,01-08 18:00:00+01:00,123_CT_4,0.0
2030,sc01,01-08 18:00:00+01:00,113_CT_1,0.0
2030,sc01,01-08 18:00:00+01:00,123_STEAM_2,0.0
2030,sc01,01-08 18:00:00+01:00,102_CT_1,0.0
2030,sc01,01-08 18:00:00+01:00,113_CT_2,0.0
2030,sc01,01-08 18:00:00+01:00,113_CT_4,0.0
2030,sc01,01-08 18:00:00+01:00,115_STEAM_1,0.0
2030,sc01,01-08 18:00:00+01:00,115_STEAM_2,0.0
2030,sc01,01-08 18:00:00+01:00,121_NUCLEAR_1,0.0
2030,sc01,01-08 18:00:00+01:00,118_CC_1,0.0
2030,sc01,01-08 18:00:00+01:00,107_CC_1,0.19052978285517558
2030,sc01,01-08 19:00:00+01:00,102_CT_2,0.0
2030,sc01,01-08 19:00:00+01:00,101_CT_1,0.0
2030,sc01,01-08 19:00:00+01:00,101_STEAM_4,0.0
2030,sc01,01-08 19:00:00+01:00,115_STEAM_3,1.0
2030,sc01,01-08 19:00:00+01:00,101_CT_2,0.0
2030,sc01,01-08 19:00:00+01:00,102_STEAM_4,0.0
2030,sc01,01-08 19:00:00+01:00,123_CT_1,0.0
2030,sc01,01-08 19:00:00+01:00,116_STEAM_1,0.0
2030,sc01,01-08 19:00:00+01:00,123_CT_5,0.0
2030,sc01,01-08 19:00:00+01:00,102_STEAM_3,0.0
2030,sc01,01-08 19:00:00+01:00,123_STEAM_3,0.0
2030,sc01,01-08 19:00:00+01:00,113_CT_3,0.0
2030,sc01,01-08 19:00:00+01:00,101_STEAM_3,0.0
2030,sc01,01-08 19:00:00+01:00,123_CT_4,0.0
2030,sc01,01-08 19:00:00+01:00,113_CT_1,0.0
2030,sc01,01-08 19:00:00+01:00,123_STEAM_2,0.0
2030,sc01,01-08 19:00:00+01:00,102_CT_1,0.0
2030,sc01,01-08 19:00:00+01:00,113_CT_2,0.0
2030,sc01,01-08 19:00:00+01:00,113_CT_4,0.0
2030,sc01,01-08 19:00:00+01:00,115_STEAM_1,0.0
2030,sc01,01-08 19:00:00+01:00,115_STEAM_2,0.0
2030,sc01,01-08 19:00:00+01:00,121_NUCLEAR_1,0.0
2030,sc01,01-08 19:00:00+01:00,118_CC_1,0.0
2030,sc01,01-08 19:00:00+01:00,107_CC_1,0.31560655996729375
2030,sc01,01-08 20:00:00+01:00,102_CT_2,0.0
2030,sc01,01-08 20:00:00+01:00,101_CT_1,0.0
2030,sc01,01-08 20:00:00+01:00,101_STEAM_4,0.0
2030,sc01,01-08 20:00:00+01:00,115_STEAM_3,0.3357273072766775
2030,sc01,01-08 20:00:00+01:00,101_CT_2,0.0
2030,sc01,01-08 20:00:00+01:00,102_STEAM_4,0.0
2030,sc01,01-08 20:00:00+01:00,123_CT_1,0.0
2030,sc01,01-08 20:00:00+01:00,116_STEAM_1,0.0
2030,sc01,01-08 20:00:00+01:00,123_CT_5,0.0
2030,sc01,01-08 20:00:00+01:00,102_STEAM_3,0.0
2030,sc01,01-08 20:00:00+01:00,123_STEAM_3,0.0
2030,sc01,01-08 20:00:00+01:00,113_CT_3,0.0
2030,sc01,01-08 20:00:00+01:00,101_STEAM_3,0.0
2030,sc01,01-08 20:00:00+01:00,123_CT_4,0.0
2030,sc01,01-08 20:00:00+01:00,113_CT_1,0.0
2030,sc01,01-08 20:00:00+01:00,123_STEAM_2,0.0
2030,sc01,01-08 20:00:00+01:00,102_CT_1,0.0
2030,sc01,01-08 20:00:00+01:00,113_CT_2,0.0
2030,sc01,01-08 20:00:00+01:00,113_CT_4,0.0
2030,sc01,01-08 20:00:00+01:00,115_STEAM_1,0.0
2030,sc01,01-08 20:00:00+01:00,115_STEAM_2,0.0
2030,sc01,01-08 20:00:00+01:00,121_NUCLEAR_1,0.0
2030,sc01,01-08 20:00:00+01:00,118_CC_1,0.0
2030,sc01,01-08 20:00:00+01:00,107_CC_1,0.43468283546385544
2030,sc01,01-09 07:00:00+01:00,102_CT_2,0.0
2030,sc01,01-09 07:00:00+01:00,101_CT_1,0.0
2030,sc01,01-09 07:00:00+01:00,101_STEAM_4,0.0
2030,sc01,01-09 07:00:00+01:00,115_STEAM_3,1.0
2030,sc01,01-09 07:00:00+01:00,101_CT_2,0.0
2030,sc01,01-09 07:00:00+01:00,102_STEAM_4,0.0
2030,sc01,01-09 07:00:00+01:00,123_CT_1,0.0
2030,sc01,01-09 07:00:00+01:00,116_STEAM_1,0.0
2030,sc01,01-09 07:00:00+01:00,123_CT_5,0.0
2030,sc01,01-09 07:00:00+01:00,102_STEAM_3,0.0
2030,sc01,01-09 07:00:00+01:00,123_STEAM_3,0.0
2030,sc01,01-09 07:00:00+01:00,113_CT_3,0.0
2030,sc01,01-09 07:00:00+01:00,101_STEAM_3,0.0
2030,sc01,01-09 07:00:00+01:00,123_CT_4,0.0
2030,sc01,01-09 07:00:00+01:00,113_CT_1,0.0
2030,sc01,01-09 07:00:00+01:00,123_STEAM_2,0.0
2030,sc01,01-09 07:00:00+01:00,102_CT_1,0.0
2030,sc01,01-09 07:00:00+01:00,113_CT_2,0.0
2030,sc01,01-09 07:00:00+01:00,113_CT_4,0.0
2030,sc01,01-09 07:00:00+01:00,115_STEAM_1,0.0
2030,sc01,01-09 07:00:00+01:00,115_STEAM_2,0.0
2030,sc01,01-09 07:00:00+01:00,121_NUCLEAR_1,0.0
2030,sc01,01-09 07:00:00+01:00,118_CC_1,0.0
2030,sc01,01-09 07:00:00+01:00,107_CC_1,0.0
2030,sc01,01-09 09:00:00+01:00,102_CT_2,0.0
2030,sc01,01-09 09:00:00+01:00,101_CT_1,0.0
2030,sc01,01-09 09:00:00+01:00,101_STEAM_4,1.0
2030,sc01,01-09 09:00:00+01:00,115_STEAM_3,1.0
2030,sc01,01-09 09:00:00+01:00,101_CT_2,0.0
2030,sc01,01-09 09:00:00+01:00,102_STEAM_4,1.0
2030,sc01,01-09 09:00:00+01:00,123_CT_1,0.0
2030,sc01,01-09 09:00:00+01:00,116_STEAM_1,0.0
2030,sc01,01-09 09:00:00+01:00,123_CT_5,0.0
2030,sc01,01-09 09:00:00+01:00,102_STEAM_3,1.0
2030,sc01,01-09 09:00:00+01:00,123_STEAM_3,1.0
2030,sc01,01-09 09:00:00+01:00,113_CT_3,0.0
2030,sc01,01-09 09:00:00+01:00,101_STEAM_3,1.0
2030,sc01,01-09 09:00:00+01:00,123_CT_4,0.0
2030,sc01,01-09 09:00:00+01:00,113_CT_1,0.0
2030,sc01,01-09 09:00:00+01:00,123_STEAM_2,1.0
2030,sc01,01-09 09:00:00+01:00,102_CT_1,0.0
2030,sc01,01-09 09:00:00+01:00,113_CT_2,0.0
2030,sc01,01-09 09:00:00+01:00,113_CT_4,0.0
2030,sc01,01-09 09:00:00+01:00,115_STEAM_1,0.0
2030,sc01,01-09 09:00:00+01:00,115_STEAM_2,0.0
2030,sc01,01-09 09:00:00+01:00,121_NUCLEAR_1,0.6206632316601038
2030,sc01,01-09 09:00:00+01:00,118_CC_1,0.0
2030,sc01,01-09 09:00:00+01:00,107_CC_1,1.0
2030,sc01,01-09 16:00:00+01:00,102_CT_2,0.0
2030,sc01,01-09 16:00:00+01:00,101_CT_1,0.0
2030,sc01,01-09 16:00:00+01:00,101_STEAM_4,1.0
2030,sc01,01-09 16:00:00+01:00,115_STEAM_3,1.0
2030,sc01,01-09 16:00:00+01:00,101_CT_2,0.0
2030,sc01,01-09 16:00:00+01:00,102_STEAM_4,1.0
2030,sc01,01-09 16:00:00+01:00,123_CT_1,0.0
2030,sc01,01-09 16:00:00+01:00,116_STEAM_1,0.0
2030,sc01,01-09 16:00:00+01:00,123_CT_5,0.0
2030,sc01,01-09 16:00:00+01:00,102_STEAM_3,1.0
2030,sc01,01-09 16:00:00+01:00,123_STEAM_3,0.39026444255915893
2030,sc01,01-09 16:00:00+01:00,113_CT_3,0.0
2030,sc01,01-09 16:00:00+01:00,101_STEAM_3,1.0
2030,sc01,01-09 16:00:00+01:00,123_CT_4,0.0
2030,sc01,01-09 16:00:00+01:00,113_CT_1,0.0
2030,sc01,01-09 16:00:00+01:00,123_STEAM_2,1.0
2030,sc01,01-09 16:00:00+01:00,102_CT_1,0.0
2030,sc01,01-09 16:00:00+01:00,113_CT_2,0.0
2030,sc01,01-09 16:00:00+01:00,113_CT_4,0.0
2030,sc01,01-09 16:00:00+01:00,115_STEAM_1,0.0
2030,sc01,01-09 16:00:00+01:00,115_STEAM_2,0.0
2030,sc01,01-09 16:00:00+01:00,121_NUCLEAR_1,0.7982695671285701
2030,sc01,01-09 16:00:00+01:00,118_CC_1,0.0
2030,sc01,01-09 16:00:00+01:00,107_CC_1,1.0
2030,sc01,01-09 17:00:00+01:00,102_CT_2,0.0
2030,sc01,01-09 17:00:00+01:00,101_CT_1,0.0
2030,sc01,01-09 17:00:00+01:00,101_STEAM_4,1.0
2030,sc01,01-09 17:00:00+01:00,115_STEAM_3,1.0
2030,sc01,01-09 17:00:00+01:00,101_CT_2,0.0
2030,sc01,01-09 17:00:00+01:00,102_STEAM_4,0.06312365851474452
2030,sc01,01-09 17:00:00+01:00,123_CT_1,0.0
2030,sc01,01-09 17:00:00+01:00,116_STEAM_1,0.0
2030,sc01,01-09 17:00:00+01:00,123_CT_5,0.0
2030,sc01,01-09 17:00:00+01:00,102_STEAM_3,0.0
2030,sc01,01-09 17:00:00+01:00,123_STEAM_3,0.0
2030,sc01,01-09 17:00:00+01:00,113_CT_3,0.0
2030,sc01,01-09 17:00:00+01:00,101_STEAM_3,1.0
2030,sc01,01-09 17:00:00+01:00,123_CT_4,0.0
2030,sc01,01-09 17:00:00+01:00,113_CT_1,0.0
2030,sc01,01-09 17:00:00+01:00,123_STEAM_2,0.0
2030,sc01,01-09 17:00:00+01:00,102_CT_1,0.0
2030,sc01,01-09 17:00:00+01:00,113_CT_2,0.0
2030,sc01,01-09 17:00:00+01:00,113_CT_4,0.0
2030,sc01,01-09 17:00:00+01:00,115_STEAM_1,0.0
2030,sc01,01-09 17:00:00+01:00,115_STEAM_2,0.0
2030,sc01,01-09 17:00:00+01:00,121_NUCLEAR_1,0.02149480725045906
2030,sc01,01-09 17:00:00+01:00,118_CC_1,0.0
2030,sc01,01-09 17:00:00+01:00,107_CC_1,1.0
2030,sc01,01-09 18:00:00+01:00,102_CT_2,0.0
2030,sc01,01-09 18:00:00+01:00,101_CT_1,0.0
2030,sc01,01-09 18:00:00+01:00,101_STEAM_4,0.0
2030,sc01,01-09 18:00:00+01:00,115_STEAM_3,1.0
2030,sc01,01-09 18:00:00+01:00,101_CT_2,0.0
2030,sc01,01-09 18:00:00+01:00,102_STEAM_4,0.0
2030,sc01,01-09 18:00:00+01:00,123_CT_1,0.0
2030,sc01,01-09 18:00:00+01:00,116_STEAM_1,0.0
2030,sc01,01-09 18:00:00+01:00,123_CT_5,0.0
2030,sc01,01-09 18:00:00+01:00,102_STEAM_3,0.0
2030,sc01,01-09 18:00:00+01:00,123_STEAM_3,0.0
2030,sc01,01-09 18:00:00+01:00,113_CT_3,0.0
2030,sc01,01-09 18:00:00+01:00,101_STEAM_3,0.0
2030,sc01,01-09 18:00:00+01:00,123_CT_4,0.0
2030,sc01,01-09 18:00:00+01:00,113_CT_1,0.0
2030,sc01,01-09 18:00:00+01:00,123_STEAM_2,0.0
2030,sc01,01-09 18:00:00+01:00,102_CT_1,0.0
2030,sc01,01-09 18:00:00+01:00,113_CT_2,0.0
2030,sc01,01-09 18:00:00+01:00,113_CT_4,0.0
2030,sc01,01-09 18:00:00+01:00,115_STEAM_1,0.0
2030,sc01,01-09 18:00:00+01:00,115_STEAM_2,0.0
2030,sc01,01-09 18:00:00+01:00,121_NUCLEAR_1,0.0
2030,sc01,01-09 18:00:00+01:00,118_CC_1,0.0
2030,sc01,01-09 18:00:00+01:00,107_CC_1,0.20834483978977217
2030,sc01,01-09 19:00:00+01:00,102_CT_2,0.0
2030,sc01,01-09 19:00:00+01:00,101_CT_1,0.0
2030,sc01,01-09 19:00:00+01:00,101_STEAM_4,0.0
2030,sc01,01-09 19:00:00+01:00,115_STEAM_3,1.0
2030,sc01,01-09 19:00:00+01:00,101_CT_2,0.0
2030,sc01,01-09 19:00:00+01:00,102_STEAM_4,0.0
2030,sc01,01-09 19:00:00+01:00,123_CT_1,0.0
2030,sc01,01-09 19:00:00+01:00,116_STEAM_1,0.0
2030,sc01,01-09 19:00:00+01:00,123_CT_5,0.0
2030,sc01,01-09 19:00:00+01:00,102_STEAM_3,0.0
2030,sc01,01-09 19:00:00+01:00,123_STEAM_3,0.0
2030,sc01,01-09 19:00:00+01:00,113_CT_3,0.0
2030,sc01,01-09 19:00:00+01:00,101_STEAM_3,0.0
2030,sc01,01-09 19:00:00+01:00,123_CT_4,0.0
2030,sc01,01-09 19:00:00+01:00,113_CT_1,0.0
2030,sc01,01-09 19:00:00+01:00,123_STEAM_2,0.0
2030,sc01,01-09 19:00:00+01:00,102_CT_1,0.0
2030,sc01,01-09 19:00:00+01:00,113_CT_2,0.0
2030,sc01,01-09 19:00:00+01:00,113_CT_4,0.0
2030,sc01,01-09 19:00:00+01:00,115_STEAM_1,0.0
2030,sc01,01-09 19:00:00+01:00,115_STEAM_2,0.0
2030,sc01,01-09 19:00:00+01:00,121_NUCLEAR_1,0.0
2030,sc01,01-09 19:00:00+01:00,118_CC_1,0.0
2030,sc01,01-09 19:00:00+01:00,107_CC_1,0.3420300645584081
2030,sc01,01-09 20:00:00+01:00,102_CT_2,0.0
2030,sc01,01-09 20:00:00+01:00,101_CT_1,0.0
2030,sc01,01-09 20:00:00+01:00,101_STEAM_4,0.0
2030,sc01,01-09 20:00:00+01:00,115_STEAM_3,0.6634603215637419
2030,sc01,01-09 20:00:00+01:00,101_CT_2,0.0
2030,sc01,01-09 20:00:00+01:00,102_STEAM_4,0.0
2030,sc01,01-09 20:00:00+01:00,123_CT_1,0.0
2030,sc01,01-09 20:00:00+01:00,116_STEAM_1,0.0
2030,sc01,01-09 20:00:00+01:00,123_CT_5,0.0
2030,sc01,01-09 20:00:00+01:00,102_STEAM_3,0.0
2030,sc01,01-09 20:00:00+01:00,123_STEAM_3,0.0
2030,sc01,01-09 20:00:00+01:00,113_CT_3,0.0
2030,sc01,01-09 20:00:00+01:00,101_STEAM_3,0.0
2030,sc01,01-09 20:00:00+01:00,123_CT_4,0.0
2030,sc01,01-09 20:00:00+01:00,113_CT_1,0.0
2030,sc01,01-09 20:00:00+01:00,123_STEAM_2,0.0
2030,sc01,01-09 20:00:00+01:00,102_CT_1,0.0
2030,sc01,01-09 20:00:00+01:00,113_CT_2,0.0
2030,sc01,01-09 20:00:00+01:00,113_CT_4,0.0
2030,sc01,01-09 20:00:00+01:00,115_STEAM_1,0.0
2030,sc01,01-09 20:00:00+01:00,115_STEAM_2,0.0
2030,sc01,01-09 20:00:00+01:00,121_NUCLEAR_1,0.0
2030,sc01,01-09 20:00:00+01:00,118_CC_1,0.0
2030,sc01,01-09 20:00:00+01:00,107_CC_1,0.43708737332366715
2030,sc01,01-10 08:00:00+01:00,102_CT_2,0.0
2030,sc01,01-10 08:00:00+01:00,101_CT_1,0.0
2030,sc01,01-10 08:00:00+01:00,101_STEAM_4,1.0
2030,sc01,01-10 08:00:00+01:00,115_STEAM_3,1.0
2030,sc01,01-10 08:00:00+01:00,101_CT_2,0.0
2030,sc01,01-10 08:00:00+01:00,102_STEAM_4,1.0
2030,sc01,01-10 08:00:00+01:00,123_CT_1,0.0
2030,sc01,01-10 08:00:00+01:00,116_STEAM_1,1.0
2030,sc01,01-10 08:00:00+01:00,123_CT_5,0.0
2030,sc01,01-10 08:00:00+01:00,102_STEAM_3,1.0
2030,sc01,01-10 08:00:00+01:00,123_STEAM_3,1.0
2030,sc01,01-10 08:00:00+01:00,113_CT_3,0.0
2030,sc01,01-10 08:00:00+01:00,101_STEAM_3,1.0
2030,sc01,01-10 08:00:00+01:00,123_CT_4,0.0
2030,sc01,01-10 08:00:00+01:00,113_CT_1,0.0
2030,sc01,01-10 08:00:00+01:00,123_STEAM_2,1.0
2030,sc01,01-10 08:00:00+01:00,102_CT_1,0.0
2030,sc01,01-10 08:00:00+01:00,113_CT_2,0.0
2030,sc01,01-10 08:00:00+01:00,113_CT_4,0.0
2030,sc01,01-10 08:00:00+01:00,115_STEAM_1,0.0
2030,sc01,01-10 08:00:00+01:00,115_STEAM_2,0.0
2030,sc01,01-10 08:00:00+01:00,121_NUCLEAR_1,1.0
2030,sc01,01-10 08:00:00+01:00,118_CC_1,1.0
2030,sc01,01-10 08:00:00+01:00,107_CC_1,1.0
2030,sc01,01-10 09:00:00+01:00,102_CT_2,0.0
2030,sc01,01-10 09:00:00+01:00,101_CT_1,0.0
2030,sc01,01-10 09:00:00+01:00,101_STEAM_4,1.0
2030,sc01,01-10 09:00:00+01:00,115_STEAM_3,1.0
2030,sc01,01-10 09:00:00+01:00,101_CT_2,0.0
2030,sc01,01-10 09:00:00+01:00,102_STEAM_4,0.632902779339337
2030,sc01,01-10 09:00:00+01:00,123_CT_1,0.0
2030,sc01,01-10 09:00:00+01:00,116_STEAM_1,1.0
2030,sc01,01-10 09:00:00+01:00,123_CT_5,0.0
2030,sc01,01-10 09:00:00+01:00,102_STEAM_3,1.0
2030,sc01,01-10 09:00:00+01:00,123_STEAM_3,1.0
2030,sc01,01-10 09:00:00+01:00,113_CT_3,0.0
2030,sc01,01-10 09:00:00+01:00,101_STEAM_3,1.0
2030,sc01,01-10 09:00:00+01:00,123_CT_4,0.0
2030,sc01,01-10 09:00:00+01:00,113_CT_1,0.0
2030,sc01,01-10 09:00:00+01:00,123_STEAM_2,1.0
2030,sc01,01-10 09:00:00+01:00,102_CT_1,0.0
2030,sc01,01-10 09:00:00+01:00,113_CT_2,0.0
2030,sc01,01-10 09:00:00+01:00,113_CT_4,0.0
2030,sc01,01-10 09:00:00+01:00,115_STEAM_1,0.0
2030,sc01,01-10 09:00:00+01:00,115_STEAM_2,0.0
2030,sc01,01-10 09:00:00+01:00,121_NUCLEAR_1,1.0
2030,sc01,01-10 09:00:00+01:00,118_CC_1,1.0
2030,sc01,01-10 09:00:00+01:00,107_CC_1,1.0
2030,sc01,01-10 10:00:00+01:00,102_CT_2,0.0
2030,sc01,01-10 10:00:00+01:00,101_CT_1,0.0
2030,sc01,01-10 10:00:00+01:00,101_STEAM_4,0.02190962821081894
2030,sc01,01-10 10:00:00+01:00,115_STEAM_3,1.0
2030,sc01,01-10 10:00:00+01:00,101_CT_2,0.0
2030,sc01,01-10 10:00:00+01:00,102_STEAM_4,0.0
2030,sc01,01-10 10:00:00+01:00,123_CT_1,0.0
2030,sc01,01-10 10:00:00+01:00,116_STEAM_1,1.0
2030,sc01,01-10 10:00:00+01:00,123_CT_5,0.0
2030,sc01,01-10 10:00:00+01:00,102_STEAM_3,0.0
2030,sc01,01-10 10:00:00+01:00,123_STEAM_3,1.0
2030,sc01,01-10 10:00:00+01:00,113_CT_3,0.0
2030,sc01,01-10 10:00:00+01:00,101_STEAM_3,0.0
2030,sc01,01-10 10:00:00+01:00,123_CT_4,0.0
2030,sc01,01-10 10:00:00+01:00,113_CT_1,0.0
2030,sc01,01-10 10:00:00+01:00,123_STEAM_2,1.0
2030,sc01,01-10 10:00:00+01:00,102_CT_1,0.0
2030,sc01,01-10 10:00:00+01:00,113_CT_2,0.0
2030,sc01,01-10 10:00:00+01:00,113_CT_4,0.0
2030,sc01,01-10 10:00:00+01:00,115_STEAM_1,0.0
2030,sc01,01-10 10:00:00+01:00,115_STEAM_2,0.0
2030,sc01,01-10 10:00:00+01:00,121_NUCLEAR_1,1.0
2030,sc01,01-10 10:00:00+01:00,118_CC_1,1.0
2030,sc01,01-10 10:00:00+01:00,107_CC_1,1.0
2030,sc01,01-10 11:00:00+01:00,102_CT_2,0.0
2030,sc01,01-10 11:00:00+01:00,101_CT_1,0.0
2030,sc01,01-10 11:00:00+01:00,101_STEAM_4,0.0
2030,sc01,01-10 11:00:00+01:00,115_STEAM_3,1.0
2030,sc01,01-10 11:00:00+01:00,101_CT_2,0.0
2030,sc01,01-10 11:00:00+01:00,102_STEAM_4,0.0
2030,sc01,01-10 11:00:00+01:00,123_CT_1,0.0
2030,sc01,01-10 11:00:00+01:00,116_STEAM_1,1.0
2030,sc01,01-10 11:00:00+01:00,123_CT_5,0.0
2030,sc01,01-10 11:00:00+01:00,102_STEAM_3,0.0
2030,sc01,01-10 11:00:00+01:00,123_STEAM_3,1.0
2030,sc01,01-10 11:00:00+01:00,113_CT_3,0.0
2030,sc01,01-10 11:00:00+01:00,101_STEAM_3,0.0
2030,sc01,01-10 11:00:00+01:00,123_CT_4,0.0
2030,sc01,01-10 11:00:00+01:00,113_CT_1,0.0
2030,sc01,01-10 11:00:00+01:00,123_STEAM_2,1.0
2030,sc01,01-10 11:00:00+01:00,102_CT_1,0.0
2030,sc01,01-10 11:00:00+01:00,113_CT_2,0.0
2030,sc01,01-10 11:00:00+01:00,113_CT_4,0.0
2030,sc01,01-10 11:00:00+01:00,115_STEAM_1,0.0
2030,sc01,01-10 11:00:00+01:00,115_STEAM_2,0.0
2030,sc01,01-10 11:00:00+01:00,121_NUCLEAR_1,1.0
2030,sc01,01-10 11:00:00+01:00,118_CC_1,1.0
2030,sc01,01-10 11:00:00+01:00,107_CC_1,1.0
2030,sc01,01-10 12:00:00+01:00,102_CT_2,0.0
2030,sc01,01-10 12:00:00+01:00,101_CT_1,0.0
2030,sc01,01-10 12:00:00+01:00,101_STEAM_4,0.0
2030,sc01,01-10 12:00:00+01:00,115_STEAM_3,1.0
2030,sc01,01-10 12:00:00+01:00,101_CT_2,0.0
2030,sc01,01-10 12:00:00+01:00,102_STEAM_4,0.0
2030,sc01,01-10 12:00:00+01:00,123_CT_1,0.0
2030,sc01,01-10 12:00:00+01:00,116_STEAM_1,1.0
2030,sc01,01-10 12:00:00+01:00,123_CT_5,0.0
2030,sc01,01-10 12:00:00+01:00,102_STEAM_3,0.0
2030,sc01,01-10 12:00:00+01:00,123_STEAM_3,1.0
2030,sc01,01-10 12:00:00+01:00,113_CT_3,0.0
2030,sc01,01-10 12:00:00+01:00,101_STEAM_3,0.0
2030,sc01,01-10 12:00:00+01:00,123_CT_4,0.0
2030,sc01,01-10 12:00:00+01:00,113_CT_1,0.0
2030,sc01,01-10 12:00:00+01:00,123_STEAM_2,1.0
2030,sc01,01-10 12:00:00+01:00,102_CT_1,0.0
2030,sc01,01-10 12:00:00+01:00,113_CT_2,0.0
2030,sc01,01-10 12:00:00+01:00,113_CT_4,0.0
2030,sc01,01-10 12:00:00+01:00,115_STEAM_1,0.0
2030,sc01,01-10 12:00:00+01:00,115_STEAM_2,0.0
2030,sc01,01-10 12:00:00+01:00,121_NUCLEAR_1,1.0
2030,sc01,01-10 12:00:00+01:00,118_CC_1,1.0
2030,sc01,01-10 12:00:00+01:00,107_CC_1,1.0
2030,sc01,01-10 14:00:00+01:00,102_CT_2,0.0
2030,sc01,01-10 14:00:00+01:00,101_CT_1,0.0
2030,sc01,01-10 14:00:00+01:00,101_STEAM_4,0.0
2030,sc01,01-10 14:00:00+01:00,115_STEAM_3,1.0
2030,sc01,01-10 14:00:00+01:00,101_CT_2,0.0
2030,sc01,01-10 14:00:00+01:00,102_STEAM_4,0.0
2030,sc01,01-10 14:00:00+01:00,123_CT_1,0.0
2030,sc01,01-10 14:00:00+01:00,116_STEAM_1,1.0
2030,sc01,01-10 14:00:00+01:00,123_CT_5,0.0
2030,sc01,01-10 14:00:00+01:00,102_STEAM_3,0.0
2030,sc01,01-10 14:00:00+01:00,123_STEAM_3,1.0
2030,sc01,01-10 14:00:00+01:00,113_CT_3,0.0
2030,sc01,01-10 14:00:00+01:00,101_STEAM_3,0.0
2030,sc01,01-10 14:00:00+01:00,123_CT_4,0.0
2030,sc01,01-10 14:00:00+01:00,113_CT_1,0.0
2030,sc01,01-10 14:00:00+01:00,123_STEAM_2,1.0
2030,sc01,01-10 14:00:00+01:00,102_CT_1,0.0
2030,sc01,01-10 14:00:00+01:00,113_CT_2,0.0
2030,sc01,01-10 14:00:00+01:00,113_CT_4,0.0
2030,sc01,01-10 14:00:00+01:00,115_STEAM_1,0.0
2030,sc01,01-10 14:00:00+01:00,115_STEAM_2,0.0
2030,sc01,01-10 14:00:00+01:00,121_NUCLEAR_1,1.0
2030,sc01,01-10 14:00:00+01:00,118_CC_1,1.0
2030,sc01,01-10 14:00:00+01:00,107_CC_1,1.0
2030,sc01,01-10 16:00:00+01:00,102_CT_2,0.0
2030,sc01,01-10 16:00:00+01:00,101_CT_1,0.0
2030,sc01,01-10 16:00:00+01:00,101_STEAM_4,1.0
2030,sc01,01-10 16:00:00+01:00,115_STEAM_3,1.0
2030,sc01,01-10 16:00:00+01:00,101_CT_2,0.0
2030,sc01,01-10 16:00:00+01:00,102_STEAM_4,0.4364331499578707
2030,sc01,01-10 16:00:00+01:00,123_CT_1,0.0
2030,sc01,01-10 16:00:00+01:00,116_STEAM_1,0.0
2030,sc01,01-10 16:00:00+01:00,123_CT_5,0.0
2030,sc01,01-10 16:00:00+01:00,102_STEAM_3,0.0
2030,sc01,01-10 16:00:00+01:00,123_STEAM_3,1.0
2030,sc01,01-10 16:00:00+01:00,113_CT_3,0.0
2030,sc01,01-10 16:00:00+01:00,101_STEAM_3,1.0
2030,sc01,01-10 16:00:00+01:00,123_CT_4,0.0
2030,sc01,01-10 16:00:00+01:00,113_CT_1,0.0
2030,sc01,01-10 16:00:00+01:00,123_STEAM_2,1.0
2030,sc01,01-10 16:00:00+01:00,102_CT_1,0.0
2030,sc01,01-10 16:00:00+01:00,113_CT_2,0.0
2030,sc01,01-10 16:00:00+01:00,113_CT_4,0.0
2030,sc01,01-10 16:00:00+01:00,115_STEAM_1,0.0
2030,sc01,01-10 16:00:00+01:00,115_STEAM_2,0.0
2030,sc01,01-10 16:00:00+01:00,121_NUCLEAR_1,1.0
2030,sc01,01-10 16:00:00+01:00,118_CC_1,1.0
2030,sc01,01-10 16:00:00+01:00,107_CC_1,1.0
2030,sc01,01-10 17:00:00+01:00,102_CT_2,0.0
2030,sc01,01-10 17:00:00+01:00,101_CT_1,0.0
2030,sc01,01-10 17:00:00+01:00,101_STEAM_4,1.0
2030,sc01,01-10 17:00:00+01:00,115_STEAM_3,1.0
2030,sc01,01-10 17:00:00+01:00,101_CT_2,0.0
2030,sc01,01-10 17:00:00+01:00,102_STEAM_4,0.0
2030,sc01,01-10 17:00:00+01:00,123_CT_1,0.0
2030,sc01,01-10 17:00:00+01:00,116_STEAM_1,0.0
2030,sc01,01-10 17:00:00+01:00,123_CT_5,0.0
2030,sc01,01-10 17:00:00+01:00,102_STEAM_3,0.49963823550020925
2030,sc01,01-10 17:00:00+01:00,123_STEAM_3,0.0
2030,sc01,01-10 17:00:00+01:00,113_CT_3,0.0
2030,sc01,01-10 17:00:00+01:00,101_STEAM_3,1.0
2030,sc01,01-10 17:00:00+01:00,123_CT_4,0.0
2030,sc01,01-10 17:00:00+01:00,113_CT_1,0.0
2030,sc01,01-10 17:00:00+01:00,123_STEAM_2,0.0
2030,sc01,01-10 17:00:00+01:00,102_CT_1,0.0
2030,sc01,01-10 17:00:00+01:00,113_CT_2,0.0
2030,sc01,01-10 17:00:00+01:00,113_CT_4,0.0
2030,sc01,01-10 17:00:00+01:00,115_STEAM_1,0.0
2030,sc01,01-10 17:00:00+01:00,115_STEAM_2,0.0
2030,sc01,01-10 17:00:00+01:00,121_NUCLEAR_1,0.7525709904914017
2030,sc01,01-10 17:00:00+01:00,118_CC_1,0.0
2030,sc01,01-10 17:00:00+01:00,107_CC_1,1.0
2030,sc01,01-10 18:00:00+01:00,102_CT_2,0.0
2030,sc01,01-10 18:00:00+01:00,101_CT_1,0.0
2030,sc01,01-10 18:00:00+01:00,101_STEAM_4,0.0
2030,sc01,01-10 18:00:00+01:00,115_STEAM_3,0.0
2030,sc01,01-10 18:00:00+01:00,101_CT_2,0.0
2030,sc01,01-10 18:00:00+01:00,102_STEAM_4,0.0
2030,sc01,01-10 18:00:00+01:00,123_CT_1,0.0
2030,sc01,01-10 18:00:00+01:00,116_STEAM_1,0.0
2030,sc01,01-10 18:00:00+01:00,123_CT_5,0.0
2030,sc01,01-10 18:00:00+01:00,102_STEAM_3,0.0
2030,sc01,01-10 18:00:00+01:00,123_STEAM_3,0.0
2030,sc01,01-10 18:00:00+01:00,113_CT_3,0.0
2030,sc01,01-10 18:00:00+01:00,101_STEAM_3,0.0
2030,sc01,01-10 18:00:00+01:00,123_CT_4,0.0
2030,sc01,01-10 18:00:00+01:00,113_CT_1,0.0
2030,sc01,01-10 18:00:00+01:00,123_STEAM_2,0.0
2030,sc01,01-10 18:00:00+01:00,102_CT_1,0.0
2030,sc01,01-10 18:00:00+01:00,113_CT_2,0.0
2030,sc01,01-10 18:00:00+01:00,113_CT_4,0.0
2030,sc01,01-10 18:00:00+01:00,115_STEAM_1,0.0
2030,sc01,01-10 18:00:00+01:00,115_STEAM_2,0.0
2030,sc01,01-10 18:00:00+01:00,121_NUCLEAR_1,0.11405832489499132
2030,sc01,01-10 18:00:00+01:00,118_CC_1,0.0
2030,sc01,01-10 18:00:00+01:00,107_CC_1,1.0
2030,sc01,01-10 20:00:00+01:00,102_CT_2,0.0
2030,sc01,01-10 20:00:00+01:00,101_CT_1,0.0
2030,sc01,01-10 20:00:00+01:00,101_STEAM_4,0.0
2030,sc01,01-10 20:00:00+01:00,115_STEAM_3,1.0
2030,sc01,01-10 20:00:00+01:00,101_CT_2,0.0
2030,sc01,01-10 20:00:00+01:00,102_STEAM_4,0.0
2030,sc01,01-10 20:00:00+01:00,123_CT_1,0.0
2030,sc01,01-10 20:00:00+01:00,116_STEAM_1,0.0
2030,sc01,01-10 20:00:00+01:00,123_CT_5,0.0
2030,sc01,01-10 20:00:00+01:00,102_STEAM_3,0.0
2030,sc01,01-10 20:00:00+01:00,123_STEAM_3,0.0
2030,sc01,01-10 20:00:00+01:00,113_CT_3,0.0
2030,sc01,01-10 20:00:00+01:00,101_STEAM_3,0.0
2030,sc01,01-10 20:00:00+01:00,123_CT_4,0.0
2030,sc01,01-10 20:00:00+01:00,113_CT_1,0.0
2030,sc01,01-10 20:00:00+01:00,123_STEAM_2,0.0
2030,sc01,01-10 20:00:00+01:00,102_CT_1,0.0
2030,sc01,01-10 20:00:00+01:00,113_CT_2,0.0
2030,sc01,01-10 20:00:00+01:00,113_CT_4,0.0
2030,sc01,01-10 20:00:00+01:00,115_STEAM_1,0.0
2030,sc01,01-10 20:00:00+01:00,115_STEAM_2,0.0
2030,sc01,01-10 20:00:00+01:00,121_NUCLEAR_1,0.0
2030,sc01,01-10 20:00:00+01:00,118_CC_1,0.0
2030,sc01,01-10 20:00:00+01:00,107_CC_1,0.30046745153024995
2030,sc01,01-11 08:00:00+01:00,102_CT_2,0.0
2030,sc01,01-11 08:00:00+01:00,101_CT_1,0.0
2030,sc01,01-11 08:00:00+01:00,101_STEAM_4,1.0
2030,sc01,01-11 08:00:00+01:00,115_STEAM_3,1.0
2030,sc01,01-11 08:00:00+01:00,101_CT_2,0.0
2030,sc01,01-11 08:00:00+01:00,102_STEAM_4,1.0
2030,sc01,01-11 08:00:00+01:00,123_CT_1,0.0
2030,sc01,01-11 08:00:00+01:00,116_STEAM_1,0.0
2030,sc01,01-11 08:00:00+01:00,123_CT_5,0.0
2030,sc01,01-11 08:00:00+01:00,102_STEAM_3,1.0
2030,sc01,01-11 08:00:00+01:00,123_STEAM_3,1.0
2030,sc01,01-11 08:00:00+01:00,113_CT_3,0.0
2030,sc01,01-11 08:00:00+01:00,101_STEAM_3,1.0
2030,sc01,01-11 08:00:00+01:00,123_CT_4,0.0
2030,sc01,01-11 08:00:00+01:00,113_CT_1,0.0
2030,sc01,01-11 08:00:00+01:00,123_STEAM_2,1.0
2030,sc01,01-11 08:00:00+01:00,102_CT_1,0.0
2030,sc01,01-11 08:00:00+01:00,113_CT_2,0.0
2030,sc01,01-11 08:00:00+01:00,113_CT_4,0.0
2030,sc01,01-11 08:00:00+01:00,115_STEAM_1,0.0
2030,sc01,01-11 08:00:00+01:00,115_STEAM_2,0.0
2030,sc01,01-11 08:00:00+01:00,121_NUCLEAR_1,0.5802657582819483
2030,sc01,01-11 08:00:00+01:00,118_CC_1,0.0
2030,sc01,01-11 08:00:00+01:00,107_CC_1,1.0
2030,sc01,01-11 09:00:00+01:00,102_CT_2,0.0
2030,sc01,01-11 09:00:00+01:00,101_CT_1,0.0
2030,sc01,01-11 09:00:00+01:00,101_STEAM_4,1.0
2030,sc01,01-11 09:00:00+01:00,115_STEAM_3,1.0
2030,sc01,01-11 09:00:00+01:00,101_CT_2,0.0
2030,sc01,01-11 09:00:00+01:00,102_STEAM_4,1.0
2030,sc01,01-11 09:00:00+01:00,123_CT_1,0.0
2030,sc01,01-11 09:00:00+01:00,116_STEAM_1,0.0
2030,sc01,01-11 09:00:00+01:00,123_CT_5,0.0
2030,sc01,01-11 09:00:00+01:00,102_STEAM_3,1.0
2030,sc01,01-11 09:00:00+01:00,123_STEAM_3,1.0
2030,sc01,01-11 09:00:00+01:00,113_CT_3,0.0
2030,sc01,01-11 09:00:00+01:00,101_STEAM_3,1.0
2030,sc01,01-11 09:00:00+01:00,123_CT_4,0.0
2030,sc01,01-11 09:00:00+01:00,113_CT_1,0.0
2030,sc01,01-11 09:00:00+01:00,123_STEAM_2,1.0
2030,sc01,01-11 09:00:00+01:00,102_CT_1,0.0
2030,sc01,01-11 09:00:00+01:00,113_CT_2,0.0
2030,sc01,01-11 09:00:00+01:00,113_CT_4,0.0
2030,sc01,01-11 09:00:00+01:00,115_STEAM_1,0.0
2030,sc01,01-11 09:00:00+01:00,115_STEAM_2,0.0
2030,sc01,01-11 09:00:00+01:00,121_NUCLEAR_1,0.6745247367070586
2030,sc01,01-11 09:00:00+01:00,118_CC_1,0.0
2030,sc01,01-11 09:00:00+01:00,107_CC_1,1.0
2030,sc01,01-11 10:00:00+01:00,102_CT_2,0.0
2030,sc01,01-11 10:00:00+01:00,101_CT_1,0.0
2030,sc01,01-11 10:00:00+01:00,101_STEAM_4,1.0
2030,sc01,01-11 10:00:00+01:00,115_STEAM_3,1.0
2030,sc01,01-11 10:00:00+01:00,101_CT_2,0.0
2030,sc01,01-11 10:00:00+01:00,102_STEAM_4,0.0
2030,sc01,01-11 10:00:00+01:00,123_CT_1,0.0
2030,sc01,01-11 10:00:00+01:00,116_STEAM_1,0.0
2030,sc01,01-11 10:00:00+01:00,123_CT_5,0.0
2030,sc01,01-11 10:00:00+01:00,102_STEAM_3,0.33634891067252043
2030,sc01,01-11 10:00:00+01:00,123_STEAM_3,0.4010957322226959
2030,sc01,01-11 10:00:00+01:00,113_CT_3,0.0
2030,sc01,01-11 10:00:00+01:00,101_STEAM_3,1.0
2030,sc01,01-11 10:00:00+01:00,123_CT_4,0.0
2030,sc01,01-11 10:00:00+01:00,113_CT_1,0.0
2030,sc01,01-11 10:00:00+01:00,123_STEAM_2,1.0
2030,sc01,01-11 10:00:00+01:00,102_CT_1,0.0
2030,sc01,01-11 10:00:00+01:00,113_CT_2,0.0
2030,sc01,01-11 10:00:00+01:00,113_CT_4,0.0
2030,sc01,01-11 10:00:00+01:00,115_STEAM_1,0.0
2030,sc01,01-11 10:00:00+01:00,115_STEAM_2,0.0
2030,sc01,01-11 10:00:00+01:00,121_NUCLEAR_1,0.7870666391555545
2030,sc01,01-11 10:00:00+01:00,118_CC_1,0.0
2030,sc01,01-11 10:00:00+01:00,107_CC_1,1.0
2030,sc01,01-11 16:00:00+01:00,102_CT_2,0.0
2030,sc01,01-11 16:00:00+01:00,101_CT_1,0.0
2030,sc01,01-11 16:00:00+01:00,101_STEAM_4,1.0
2030,sc01,01-11 16:00:00+01:00,115_STEAM_3,1.0
2030,sc01,01-11 16:00:00+01:00,101_CT_2,0.0
2030,sc01,01-11 16:00:00+01:00,102_STEAM_4,0.7423250581920741
2030,sc01,01-11 16:00:00+01:00,123_CT_1,0.0
2030,sc01,01-11 16:00:00+01:00,116_STEAM_1,0.0
2030,sc01,01-11 16:00:00+01:00,123_CT_5,0.0
2030,sc01,01-11 16:00:00+01:00,102_STEAM_3,1.0
2030,sc01,01-11 16:00:00+01:00,123_STEAM_3,0.26347529327843067
2030,sc01,01-11 16:00:00+01:00,113_CT_3,0.0
2030,sc01,01-11 16:00:00+01:00,101_STEAM_3,1.0
2030,sc01,01-11 16:00:00+01:00,123_CT_4,0.0
2030,sc01,01-11 16:00:00+01:00,113_CT_1,0.0
2030,sc01,01-11 16:00:00+01:00,123_STEAM_2,1.0
2030,sc01,01-11 16:00:00+01:00,102_CT_1,0.0
2030,sc01,01-11 16:00:00+01:00,113_CT_2,0.0
2030,sc01,01-11 16:00:00+01:00,113_CT_4,0.0
2030,sc01,01-11 16:00:00+01:00,115_STEAM_1,0.0
2030,sc01,01-11 16:00:00+01:00,115_STEAM_2,0.0
2030,sc01,01-11 16:00:00+01:00,121_NUCLEAR_1,0.8175487121446514
2030,sc01,01-11 16:00:00+01:00,118_CC_1,0.0
2030,sc01,01-11 16:00:00+01:00,107_CC_1,1.0
2030,sc01,01-11 17:00:00+01:00,102_CT_2,0.0
2030,sc01,01-11 17:00:00+01:00,101_CT_1,0.0
2030,sc01,01-11 17:00:00+01:00,101_STEAM_4,1.0
2030,sc01,01-11 17:00:00+01:00,115_STEAM_3,1.0
2030,sc01,01-11 17:00:00+01:00,101_CT_2,0.0
2030,sc01,01-11 17:00:00+01:00,102_STEAM_4,1.0
2030,sc01,01-11 17:00:00+01:00,123_CT_1,0.0
2030,sc01,01-11 17:00:00+01:00,116_STEAM_1,0.0
2030,sc01,01-11 17:00:00+01:00,123_CT_5,0.0
2030,sc01,01-11 17:00:00+01:00,102_STEAM_3,1.0
2030,sc01,01-11 17:00:00+01:00,123_STEAM_3,0.0
2030,sc01,01-11 17:00:00+01:00,113_CT_3,0.0
2030,sc01,01-11 17:00:00+01:00,101_STEAM_3,1.0
2030,sc01,01-11 17:00:00+01:00,123_CT_4,0.0
2030,sc01,01-11 17:00:00+01:00,113_CT_1,0.0
2030,sc01,01-11 17:00:00+01:00,123_STEAM_2,0.0
2030,sc01,01-11 17:00:00+01:00,102_CT_1,0.0
2030,sc01,01-11 17:00:00+01:00,113_CT_2,0.0
2030,sc01,01-11 17:00:00+01:00,113_CT_4,0.0
2030,sc01,01-11 17:00:00+01:00,115_STEAM_1,0.0
2030,sc01,01-11 17:00:00+01:00,115_STEAM_2,0.0
2030,sc01,01-11 17:00:00+01:00,121_NUCLEAR_1,0.0
2030,sc01,01-11 17:00:00+01:00,118_CC_1,0.0
2030,sc01,01-11 17:00:00+01:00,107_CC_1,1.0
2030,sc01,01-11 18:00:00+01:00,102_CT_2,0.0
2030,sc01,01-11 18:00:00+01:00,101_CT_1,0.0
2030,sc01,01-11 18:00:00+01:00,101_STEAM_4,0.0
2030,sc01,01-11 18:00:00+01:00,115_STEAM_3,1.0
2030,sc01,01-11 18:00:00+01:00,101_CT_2,0.0
2030,sc01,01-11 18:00:00+01:00,102_STEAM_4,0.0
2030,sc01,01-11 18:00:00+01:00,123_CT_1,0.0
2030,sc01,01-11 18:00:00+01:00,116_STEAM_1,0.0
2030,sc01,01-11 18:00:00+01:00,123_CT_5,0.0
2030,sc01,01-11 18:00:00+01:00,102_STEAM_3,0.0
2030,sc01,01-11 18:00:00+01:00,123_STEAM_3,0.0
2030,sc01,01-11 18:00:00+01:00,113_CT_3,0.0
2030,sc01,01-11 18:00:00+01:00,101_STEAM_3,0.0
2030,sc01,01-11 18:00:00+01:00,123_CT_4,0.0
2030,sc01,01-11 18:00:00+01:00,113_CT_1,0.0
2030,sc01,01-11 18:00:00+01:00,123_STEAM_2,0.0
2030,sc01,01-11 18:00:00+01:00,102_CT_1,0.0
2030,sc01,01-11 18:00:00+01:00,113_CT_2,0.0
2030,sc01,01-11 18:00:00+01:00,113_CT_4,0.0
2030,sc01,01-11 18:00:00+01:00,115_STEAM_1,0.0
2030,sc01,01-11 18:00:00+01:00,115_STEAM_2,0.0
2030,sc01,01-11 18:00:00+01:00,121_NUCLEAR_1,0.0
2030,sc01,01-11 18:00:00+01:00,118_CC_1,0.0
2030,sc01,01-11 18:00:00+01:00,107_CC_1,0.23364897121047087
2030,sc01,01-11 19:00:00+01:00,102_CT_2,0.0
2030,sc01,01-11 19:00:00+01:00,101_CT_1,0.0
2030,sc01,01-11 19:00:00+01:00,101_STEAM_4,0.0
2030,sc01,01-11 19:00:00+01:00,115_STEAM_3,1.0
2030,sc01,01-11 19:00:00+01:00,101_CT_2,0.0
2030,sc01,01-11 19:00:00+01:00,102_STEAM_4,0.0
2030,sc01,01-11 19:00:00+01:00,123_CT_1,0.0
2030,sc01,01-11 19:00:00+01:00,116_STEAM_1,0.0
2030,sc01,01-11 19:00:00+01:00,123_CT_5,0.0
2030,sc01,01-11 19:00:00+01:00,102_STEAM_3,0.0
2030,sc01,01-11 19:00:00+01:00,123_STEAM_3,0.0
2030,sc01,01-11 19:00:00+01:00,113_CT_3,0.0
2030,sc01,01-11 19:00:00+01:00,101_STEAM_3,0.0
2030,sc01,01-11 19:00:00+01:00,123_CT_4,0.0
2030,sc01,01-11 19:00:00+01:00,113_CT_1,0.0
2030,sc01,01-11 19:00:00+01:00,123_STEAM_2,0.0
2030,sc01,01-11 19:00:00+01:00,102_CT_1,0.0
2030,sc01,01-11 19:00:00+01:00,113_CT_2,0.0
2030,sc01,01-11 19:00:00+01:00,113_CT_4,0.0
2030,sc01,01-11 19:00:00+01:00,115_STEAM_1,0.0
2030,sc01,01-11 19:00:00+01:00,115_STEAM_2,0.0
2030,sc01,01-11 19:00:00+01:00,121_NUCLEAR_1,0.0
2030,sc01,01-11 19:00:00+01:00,118_CC_1,0.0
2030,sc01,01-11 19:00:00+01:00,107_CC_1,0.35536681450291396
2030,sc01,01-11 20:00:00+01:00,102_CT_2,0.0
2030,sc01,01-11 20:00:00+01:00,101_CT_1,0.0
2030,sc01,01-11 20:00:00+01:00,101_STEAM_4,0.0
2030,sc01,01-11 20:00:00+01:00,115_STEAM_3,0.0
2030,sc01,01-11 20:00:00+01:00,101_CT_2,0.0
2030,sc01,01-11 20:00:00+01:00,102_STEAM_4,0.0
2030,sc01,01-11 20:00:00+01:00,123_CT_1,0.0
2030,sc01,01-11 20:00:00+01:00,116_STEAM_1,0.0
2030,sc01,01-11 20:00:00+01:00,123_CT_5,0.0
2030,sc01,01-11 20:00:00+01:00,102_STEAM_3,0.0
2030,sc01,01-11 20:00:00+01:00,123_STEAM_3,0.0
2030,sc01,01-11 20:00:00+01:00,113_CT_3,0.0
2030,sc01,01-11 20:00:00+01:00,101_STEAM_3,0.0
2030,sc01,01-11 20:00:00+01:00,123_CT_4,0.0
2030,sc01,01-11 20:00:00+01:00,113_CT_1,0.0
2030,sc01,01-11 20:00:00+01:00,123_STEAM_2,0.0
2030,sc01,01-11 20:00:00+01:00,102_CT_1,0.0
2030,sc01,01-11 20:00:00+01:00,113_CT_2,0.0
2030,sc01,01-11 20:00:00+01:00,113_CT_4,0.0
2030,sc01,01-11 20:00:00+01:00,115_STEAM_1,0.0
2030,sc01,01-11 20:00:00+01:00,115_STEAM_2,0.0
2030,sc01,01-11 20:00:00+01:00,121_NUCLEAR_1,0.0
2030,sc01,01-11 20:00:00+01:00,118_CC_1,0.0
2030,sc01,01-11 20:00:00+01:00,107_CC_1,0.43525625769380033
2030,sc01,01-13 00:00:00+01:00,102_CT_2,0.0
2030,sc01,01-13 00:00:00+01:00,101_CT_1,0.0
2030,sc01,01-13 00:00:00+01:00,101_STEAM_4,0.0
2030,sc01,01-13 00:00:00+01:00,115_STEAM_3,0.0
2030,sc01,01-13 00:00:00+01:00,101_CT_2,0.0
2030,sc01,01-13 00:00:00+01:00,102_STEAM_4,0.0
2030,sc01,01-13 00:00:00+01:00,123_CT_1,0.0
2030,sc01,01-13 00:00:00+01:00,116_STEAM_1,0.0
2030,sc01,01-13 00:00:00+01:00,123_CT_5,0.0
2030,sc01,01-13 00:00:00+01:00,102_STEAM_3,0.0
2030,sc01,01-13 00:00:00+01:00,123_STEAM_3,0.0
2030,sc01,01-13 00:00:00+01:00,113_CT_3,0.0
2030,sc01,01-13 00:00:00+01:00,101_STEAM_3,0.0
2030,sc01,01-13 00:00:00+01:00,123_CT_4,0.0
2030,sc01,01-13 00:00:00+01:00,113_CT_1,0.0
2030,sc01,01-13 00:00:00+01:00,123_STEAM_2,0.0
2030,sc01,01-13 00:00:00+01:00,102_CT_1,0.0
2030,sc01,01-13 00:00:00+01:00,113_CT_2,0.0
2030,sc01,01-13 00:00:00+01:00,113_CT_4,0.0
2030,sc01,01-13 00:00:00+01:00,115_STEAM_1,0.0
2030,sc01,01-13 00:00:00+01:00,115_STEAM_2,0.0
2030,sc01,01-13 00:00:00+01:00,121_NUCLEAR_1,0.0
2030,sc01,01-13 00:00:00+01:00,118_CC_1,0.0
2030,sc01,01-13 00:00:00+01:00,107_CC_1,0.0
2030,sc01,01-14 16:00:00+01:00,102_CT_2,0.0
2030,sc01,01-14 16:00:00+01:00,101_CT_1,0.0
2030,sc01,01-14 16:00:00+01:00,101_STEAM_4,1.0
2030,sc01,01-14 16:00:00+01:00,115_STEAM_3,1.0
2030,sc01,01-14 16:00:00+01:00,101_CT_2,0.0
2030,sc01,01-14 16:00:00+01:00,102_STEAM_4,0.0
2030,sc01,01-14 16:00:00+01:00,123_CT_1,0.0
2030,sc01,01-14 16:00:00+01:00,116_STEAM_1,0.0
2030,sc01,01-14 16:00:00+01:00,123_CT_5,0.0
2030,sc01,01-14 16:00:00+01:00,102_STEAM_3,0.38091843414077664
2030,sc01,01-14 16:00:00+01:00,123_STEAM_3,0.41622010794198655
2030,sc01,01-14 16:00:00+01:00,113_CT_3,0.0
2030,sc01,01-14 16:00:00+01:00,101_STEAM_3,1.0
2030,sc01,01-14 16:00:00+01:00,123_CT_4,0.0
2030,sc01,01-14 16:00:00+01:00,113_CT_1,0.0
2030,sc01,01-14 16:00:00+01:00,123_STEAM_2,1.0
2030,sc01,01-14 16:00:00+01:00,102_CT_1,0.0
2030,sc01,01-14 16:00:00+01:00,113_CT_2,0.0
2030,sc01,01-14 16:00:00+01:00,113_CT_4,0.0
2030,sc01,01-14 16:00:00+01:00,115_STEAM_1,0.0
2030,sc01,01-14 16:00:00+01:00,115_STEAM_2,0.0
2030,sc01,01-14 16:00:00+01:00,121_NUCLEAR_1,0.7702951285175731
2030,sc01,01-14 16:00:00+01:00,118_CC_1,0.0
2030,sc01,01-14 16:00:00+01:00,107_CC_1,1.0
2030,sc01,01-14 17:00:00+01:00,102_CT_2,0.0
2030,sc01,01-14 17:00:00+01:00,101_CT_1,0.0
2030,sc01,01-14 17:00:00+01:00,101_STEAM_4,1.0
2030,sc01,01-14 17:00:00+01:00,115_STEAM_3,1.0
2030,sc01,01-14 17:00:00+01:00,101_CT_2,0.0
2030,sc01,01-14 17:00:00+01:00,102_STEAM_4,1.0
2030,sc01,01-14 17:00:00+01:00,123_CT_1,0.0
2030,sc01,01-14 17:00:00+01:00,116_STEAM_1,0.0
2030,sc01,01-14 17:00:00+01:00,123_CT_5,0.0
2030,sc01,01-14 17:00:00+01:00,102_STEAM_3,1.0
2030,sc01,01-14 17:00:00+01:00,123_STEAM_3,0.8851000120926277
2030,sc01,01-14 17:00:00+01:00,113_CT_3,0.0
2030,sc01,01-14 17:00:00+01:00,101_STEAM_3,1.0
2030,sc01,01-14 17:00:00+01:00,123_CT_4,0.0
2030,sc01,01-14 17:00:00+01:00,113_CT_1,0.0
2030,sc01,01-14 17:00:00+01:00,123_STEAM_2,1.0
2030,sc01,01-14 17:00:00+01:00,102_CT_1,0.0
2030,sc01,01-14 17:00:00+01:00,113_CT_2,0.0
2030,sc01,01-14 17:00:00+01:00,113_CT_4,0.0
2030,sc01,01-14 17:00:00+01:00,115_STEAM_1,0.0
2030,sc01,01-14 17:00:00+01:00,115_STEAM_2,0.0
2030,sc01,01-14 17:00:00+01:00,121_NUCLEAR_1,0.9017688443101127
2030,sc01,01-14 17:00:00+01:00,118_CC_1,0.0
2030,sc01,01-14 17:00:00+01:00,107_CC_1,1.0
2030,sc01,01-14 19:00:00+01:00,102_CT_2,0.0
2030,sc01,01-14 19:00:00+01:00,101_CT_1,0.0
2030,sc01,01-14 19:00:00+01:00,101_STEAM_4,0.0
2030,sc01,01-14 19:00:00+01:00,115_STEAM_3,1.0
2030,sc01,01-14 19:00:00+01:00,101_CT_2,0.0
2030,sc01,01-14 19:00:00+01:00,102_STEAM_4,0.0
2030,sc01,01-14 19:00:00+01:00,123_CT_1,0.0
2030,sc01,01-14 19:00:00+01:00,116_STEAM_1,0.0
2030,sc01,01-14 19:00:00+01:00,123_CT_5,0.0
2030,sc01,01-14 19:00:00+01:00,102_STEAM_3,0.0
2030,sc01,01-14 19:00:00+01:00,123_STEAM_3,0.0
2030,sc01,01-14 19:00:00+01:00,113_CT_3,0.0
2030,sc01,01-14 19:00:00+01:00,101_STEAM_3,0.0
2030,sc01,01-14 19:00:00+01:00,123_CT_4,0.0
2030,sc01,01-14 19:00:00+01:00,113_CT_1,0.0
2030,sc01,01-14 19:00:00+01:00,123_STEAM_2,0.0
2030,sc01,01-14 19:00:00+01:00,102_CT_1,0.0
2030,sc01,01-14 19:00:00+01:00,113_CT_2,0.0
2030,sc01,01-14 19:00:00+01:00,113_CT_4,0.0
2030,sc01,01-14 19:00:00+01:00,115_STEAM_1,0.0
2030,sc01,01-14 19:00:00+01:00,115_STEAM_2,0.0
2030,sc01,01-14 19:00:00+01:00,121_NUCLEAR_1,0.0
2030,sc01,01-14 19:00:00+01:00,118_CC_1,0.0
2030,sc01,01-14 19:00:00+01:00,107_CC_1,0.35482558764691463
2030,sc01,01-14 20:00:00+01:00,102_CT_2,0.0
2030,sc01,01-14 20:00:00+01:00,101_CT_1,0.0
2030,sc01,01-14 20:00:00+01:00,101_STEAM_4,0.0
2030,sc01,01-14 20:00:00+01:00,115_STEAM_3,0.02468571557015764
2030,sc01,01-14 20:00:00+01:00,101_CT_2,0.0
2030,sc01,01-14 20:00:00+01:00,102_STEAM_4,0.0
2030,sc01,01-14 20:00:00+01:00,123_CT_1,0.0
2030,sc01,01-14 20:00:00+01:00,116_STEAM_1,0.0
2030,sc01,01-14 20:00:00+01:00,123_CT_5,0.0
2030,sc01,01-14 20:00:00+01:00,102_STEAM_3,0.0
2030,sc01,01-14 20:00:00+01:00,123_STEAM_3,0.0
2030,sc01,01-14 20:00:00+01:00,113_CT_3,0.0
2030,sc01,01-14 20:00:00+01:00,101_STEAM_3,0.0
2030,sc01,01-14 20:00:00+01:00,123_CT_4,0.0
2030,sc01,01-14 20:00:00+01:00,113_CT_1,0.0
2030,sc01,01-14 20:00:00+01:00,123_STEAM_2,0.0
2030,sc01,01-14 20:00:00+01:00,102_CT_1,0.0
2030,sc01,01-14 20:00:00+01:00,113_CT_2,0.0
2030,sc01,01-14 20:00:00+01:00,113_CT_4,0.0
2030,sc01,01-14 20:00:00+01:00,115_STEAM_1,0.0
2030,sc01,01-14 20:00:00+01:00,115_STEAM_2,0.0
2030,sc01,01-14 20:00:00+01:00,121_NUCLEAR_1,0.0
2030,sc01,01-14 20:00:00+01:00,118_CC_1,0.0
2030,sc01,01-14 20:00:00+01:00,107_CC_1,0.4433327829944445
2030,sc01,01-15 07:00:00+01:00,102_CT_2,0.0
2030,sc01,01-15 07:00:00+01:00,101_CT_1,0.0
2030,sc01,01-15 07:00:00+01:00,101_STEAM_4,0.0
2030,sc01,01-15 07:00:00+01:00,115_STEAM_3,1.0
2030,sc01,01-15 07:00:00+01:00,101_CT_2,0.0
2030,sc01,01-15 07:00:00+01:00,102_STEAM_4,0.0
2030,sc01,01-15 07:00:00+01:00,123_CT_1,0.0
2030,sc01,01-15 07:00:00+01:00,116_STEAM_1,0.0
2030,sc01,01-15 07:00:00+01:00,123_CT_5,0.0
2030,sc01,01-15 07:00:00+01:00,102_STEAM_3,0.0
2030,sc01,01-15 07:00:00+01:00,123_STEAM_3,0.0
2030,sc01,01-15 07:00:00+01:00,113_CT_3,0.0
2030,sc01,01-15 07:00:00+01:00,101_STEAM_3,0.0
2030,sc01,01-15 07:00:00+01:00,123_CT_4,0.0
2030,sc01,01-15 07:00:00+01:00,113_CT_1,0.0
2030,sc01,01-15 07:00:00+01:00,123_STEAM_2,0.0
2030,sc01,01-15 07:00:00+01:00,102_CT_1,0.0
2030,sc01,01-15 07:00:00+01:00,113_CT_2,0.0
2030,sc01,01-15 07:00:00+01:00,113_CT_4,0.0
2030,sc01,01-15 07:00:00+01:00,115_STEAM_1,0.0
2030,sc01,01-15 07:00:00+01:00,115_STEAM_2,0.0
2030,sc01,01-15 07:00:00+01:00,121_NUCLEAR_1,0.0
2030,sc01,01-15 07:00:00+01:00,118_CC_1,0.0
2030,sc01,01-15 07:00:00+01:00,107_CC_1,0.0
2030,sc01,01-15 09:00:00+01:00,102_CT_2,0.0
2030,sc01,01-15 09:00:00+01:00,101_CT_1,0.0
2030,sc01,01-15 09:00:00+01:00,101_STEAM_4,1.0
2030,sc01,01-15 09:00:00+01:00,115_STEAM_3,1.0
2030,sc01,01-15 09:00:00+01:00,101_CT_2,0.0
2030,sc01,01-15 09:00:00+01:00,102_STEAM_4,1.0
2030,sc01,01-15 09:00:00+01:00,123_CT_1,0.0
2030,sc01,01-15 09:00:00+01:00,116_STEAM_1,0.0
2030,sc01,01-15 09:00:00+01:00,123_CT_5,0.0
2030,sc01,01-15 09:00:00+01:00,102_STEAM_3,1.0
2030,sc01,01-15 09:00:00+01:00,123_STEAM_3,0.7521524983297525
2030,sc01,01-15 09:00:00+01:00,113_CT_3,0.0
2030,sc01,01-15 09:00:00+01:00,101_STEAM_3,1.0
2030,sc01,01-15 09:00:00+01:00,123_CT_4,0.0
2030,sc01,01-15 09:00:00+01:00,113_CT_1,0.0
2030,sc01,01-15 09:00:00+01:00,123_STEAM_2,1.0
2030,sc01,01-15 09:00:00+01:00,102_CT_1,0.0
2030,sc01,01-15 09:00:00+01:00,113_CT_2,0.0
2030,sc01,01-15 09:00:00+01:00,113_CT_4,0.0
2030,sc01,01-15 09:00:00+01:00,115_STEAM_1,0.0
2030,sc01,01-15 09:00:00+01:00,115_STEAM_2,0.0
2030,sc01,01-15 09:00:00+01:00,121_NUCLEAR_1,0.7609513880129705
2030,sc01,01-15 09:00:00+01:00,118_CC_1,0.0
2030,sc01,01-15 09:00:00+01:00,107_CC_1,1.0
2030,sc01,01-15 16:00:00+01:00,102_CT_2,0.0
2030,sc01,01-15 16:00:00+01:00,101_CT_1,0.0
2030,sc01,01-15 16:00:00+01:00,101_STEAM_4,1.0
2030,sc01,01-15 16:00:00+01:00,115_STEAM_3,1.0
2030,sc01,01-15 16:00:00+01:00,101_CT_2,0.0
2030,sc01,01-15 16:00:00+01:00,102_STEAM_4,0.0328560427056609
2030,sc01,01-15 16:00:00+01:00,123_CT_1,0.0
2030,sc01,01-15 16:00:00+01:00,116_STEAM_1,0.0
2030,sc01,01-15 16:00:00+01:00,123_CT_5,0.0
2030,sc01,01-15 16:00:00+01:00,102_STEAM_3,0.0
2030,sc01,01-15 16:00:00+01:00,123_STEAM_3,0.9351053637806186
2030,sc01,01-15 16:00:00+01:00,113_CT_3,0.0
2030,sc01,01-15 16:00:00+01:00,101_STEAM_3,1.0
2030,sc01,01-15 16:00:00+01:00,123_CT_4,0.0
2030,sc01,01-15 16:00:00+01:00,113_CT_1,0.0
2030,sc01,01-15 16:00:00+01:00,123_STEAM_2,1.0
2030,sc01,01-15 16:00:00+01:00,102_CT_1,0.0
2030,sc01,01-15 16:00:00+01:00,113_CT_2,0.0
2030,sc01,01-15 16:00:00+01:00,113_CT_4,0.0
2030,sc01,01-15 16:00:00+01:00,115_STEAM_1,0.0
2030,sc01,01-15 16:00:00+01:00,115_STEAM_2,0.0
2030,sc01,01-15 16:00:00+01:00,121_NUCLEAR_1,0.8076569175575221
2030,sc01,01-15 16:00:00+01:00,118_CC_1,0.0
2030,sc01,01-15 16:00:00+01:00,107_CC_1,1.0
2030,sc01,01-15 18:00:00+01:00,102_CT_2,0.0
2030,sc01,01-15 18:00:00+01:00,101_CT_1,0.0
2030,sc01,01-15 18:00:00+01:00,101_STEAM_4,0.0
2030,sc01,01-15 18:00:00+01:00,115_STEAM_3,1.0
2030,sc01,01-15 18:00:00+01:00,101_CT_2,0.0
2030,sc01,01-15 18:00:00+01:00,102_STEAM_4,0.0
2030,sc01,01-15 18:00:00+01:00,123_CT_1,0.0
2030,sc01,01-15 18:00:00+01:00,116_STEAM_1,0.0
2030,sc01,01-15 18:00:00+01:00,123_CT_5,0.0
2030,sc01,01-15 18:00:00+01:00,102_STEAM_3,0.0
2030,sc01,01-15 18:00:00+01:00,123_STEAM_3,0.0
2030,sc01,01-15 18:00:00+01:00,113_CT_3,0.0
2030,sc01,01-15 18:00:00+01:00,101_STEAM_3,0.0
2030,sc01,01-15 18:00:00+01:00,123_CT_4,0.0
2030,sc01,01-15 18:00:00+01:00,113_CT_1,0.0
2030,sc01,01-15 18:00:00+01:00,123_STEAM_2,0.0
2030,sc01,01-15 18:00:00+01:00,102_CT_1,0.0
2030,sc01,01-15 18:00:00+01:00,113_CT_2,0.0
2030,sc01,01-15 18:00:00+01:00,113_CT_4,0.0
2030,sc01,01-15 18:00:00+01:00,115_STEAM_1,0.0
2030,sc01,01-15 18:00:00+01:00,115_STEAM_2,0.0
2030,sc01,01-15 18:00:00+01:00,121_NUCLEAR_1,0.0
2030,sc01,01-15 18:00:00+01:00,118_CC_1,0.0
2030,sc01,01-15 18:00:00+01:00,107_CC_1,0.25944578508034777
2030,sc01,01-15 20:00:00+01:00,102_CT_2,0.0
2030,sc01,01-15 20:00:00+01:00,101_CT_1,0.0
2030,sc01,01-15 20:00:00+01:00,101_STEAM_4,0.0
2030,sc01,01-15 20:00:00+01:00,115_STEAM_3,0.41012914170291265
2030,sc01,01-15 20:00:00+01:00,101_CT_2,0.0
2030,sc01,01-15 20:00:00+01:00,102_STEAM_4,0.0
2030,sc01,01-15 20:00:00+01:00,123_CT_1,0.0
2030,sc01,01-15 20:00:00+01:00,116_STEAM_1,0.0
2030,sc01,01-15 20:00:00+01:00,123_CT_5,0.0
2030,sc01,01-15 20:00:00+01:00,102_STEAM_3,0.0
2030,sc01,01-15 20:00:00+01:00,123_STEAM_3,0.0
2030,sc01,01-15 20:00:00+01:00,113_CT_3,0.0
2030,sc01,01-15 20:00:00+01:00,101_STEAM_3,0.0
2030,sc01,01-15 20:00:00+01:00,123_CT_4,0.0
2030,sc01,01-15 20:00:00+01:00,113_CT_1,0.0
2030,sc01,01-15 20:00:00+01:00,123_STEAM_2,0.0
2030,sc01,01-15 20:00:00+01:00,102_CT_1,0.0
2030,sc01,01-15 20:00:00+01:00,113_CT_2,0.0
2030,sc01,01-15 20:00:00+01:00,113_CT_4,0.0
2030,sc01,01-15 20:00:00+01:00,115_STEAM_1,0.0
2030,sc01,01-15 20:00:00+01:00,115_STEAM_2,0.0
2030,sc01,01-15 20:00:00+01:00,121_NUCLEAR_1,0.0
2030,sc01,01-15 20:00:00+01:00,118_CC_1,0.0
2030,sc01,01-15 20:00:00+01:00,107_CC_1,0.45661092909657197
2030,sc01,01-16 07:00:00+01:00,102_CT_2,0.0
2030,sc01,01-16 07:00:00+01:00,101_CT_1,0.0
2030,sc01,01-16 07:00:00+01:00,101_STEAM_4,0.0
2030,sc01,01-16 07:00:00+01:00,115_STEAM_3,1.0
2030,sc01,01-16 07:00:00+01:00,101_CT_2,0.0
2030,sc01,01-16 07:00:00+01:00,102_STEAM_4,0.0
2030,sc01,01-16 07:00:00+01:00,123_CT_1,0.0
2030,sc01,01-16 07:00:00+01:00,116_STEAM_1,0.0
2030,sc01,01-16 07:00:00+01:00,123_CT_5,0.0
2030,sc01,01-16 07:00:00+01:00,102_STEAM_3,0.0
2030,sc01,01-16 07:00:00+01:00,123_STEAM_3,0.0
2030,sc01,01-16 07:00:00+01:00,113_CT_3,0.0
2030,sc01,01-16 07:00:00+01:00,101_STEAM_3,0.0
2030,sc01,01-16 07:00:00+01:00,123_CT_4,0.0
2030,sc01,01-16 07:00:00+01:00,113_CT_1,0.0
2030,sc01,01-16 07:00:00+01:00,123_STEAM_2,0.0
2030,sc01,01-16 07:00:00+01:00,102_CT_1,0.0
2030,sc01,01-16 07:00:00+01:00,113_CT_2,0.0
2030,sc01,01-16 07:00:00+01:00,113_CT_4,0.0
2030,sc01,01-16 07:00:00+01:00,115_STEAM_1,0.0
2030,sc01,01-16 07:00:00+01:00,115_STEAM_2,0.0
2030,sc01,01-16 07:00:00+01:00,121_NUCLEAR_1,0.0
2030,sc01,01-16 07:00:00+01:00,118_CC_1,0.0
2030,sc01,01-16 07:00:00+01:00,107_CC_1,0.0
2030,sc01,01-16 08:00:00+01:00,102_CT_2,0.0
2030,sc01,01-16 08:00:00+01:00,101_CT_1,0.0
2030,sc01,01-16 08:00:00+01:00,101_STEAM_4,1.0
2030,sc01,01-16 08:00:00+01:00,115_STEAM_3,1.0
2030,sc01,01-16 08:00:00+01:00,101_CT_2,0.0
2030,sc01,01-16 08:00:00+01:00,102_STEAM_4,1.0
2030,sc01,01-16 08:00:00+01:00,123_CT_1,0.0
2030,sc01,01-16 08:00:00+01:00,116_STEAM_1,0.0
2030,sc01,01-16 08:00:00+01:00,123_CT_5,0.0
2030,sc01,01-16 08:00:00+01:00,102_STEAM_3,1.0
2030,sc01,01-16 08:00:00+01:00,123_STEAM_3,1.0
2030,sc01,01-16 08:00:00+01:00,113_CT_3,0.0
2030,sc01,01-16 08:00:00+01:00,101_STEAM_3,1.0
2030,sc01,01-16 08:00:00+01:00,123_CT_4,0.0
2030,sc01,01-16 08:00:00+01:00,113_CT_1,0.0
2030,sc01,01-16 08:00:00+01:00,123_STEAM_2,1.0
2030,sc01,01-16 08:00:00+01:00,102_CT_1,0.0
2030,sc01,01-16 08:00:00+01:00,113_CT_2,0.0
2030,sc01,01-16 08:00:00+01:00,113_CT_4,0.0
2030,sc01,01-16 08:00:00+01:00,115_STEAM_1,0.0
2030,sc01,01-16 08:00:00+01:00,115_STEAM_2,0.0
2030,sc01,01-16 08:00:00+01:00,121_NUCLEAR_1,0.6657712858412961
2030,sc01,01-16 08:00:00+01:00,118_CC_1,0.0
2030,sc01,01-16 08:00:00+01:00,107_CC_1,1.0
2030,sc01,01-16 16:00:00+01:00,102_CT_2,0.0
2030,sc01,01-16 16:00:00+01:00,101_CT_1,0.0
2030,sc01,01-16 16:00:00+01:00,101_STEAM_4,1.0
2030,sc01,01-16 16:00:00+01:00,115_STEAM_3,1.0
2030,sc01,01-16 16:00:00+01:00,101_CT_2,0.0
2030,sc01,01-16 16:00:00+01:00,102_STEAM_4,1.0
2030,sc01,01-16 16:00:00+01:00,123_CT_1,0.0
2030,sc01,01-16 16:00:00+01:00,116_STEAM_1,0.0
2030,sc01,01-16 16:00:00+01:00,123_CT_5,0.0
2030,sc01,01-16 16:00:00+01:00,102_STEAM_3,1.0
2030,sc01,01-16 16:00:00+01:00,123_STEAM_3,0.6125281650093294
2030,sc01,01-16 16:00:00+01:00,113_CT_3,0.0
2030,sc01,01-16 16:00:00+01:00,101_STEAM_3,1.0
2030,sc01,01-16 16:00:00+01:00,123_CT_4,0.0
2030,sc01,01-16 16:00:00+01:00,113_CT_1,0.0
2030,sc01,01-16 16:00:00+01:00,123_STEAM_2,1.0
2030,sc01,01-16 16:00:00+01:00,102_CT_1,0.0
2030,sc01,01-16 16:00:00+01:00,113_CT_2,0.0
2030,sc01,01-16 16:00:00+01:00,113_CT_4,0.0
2030,sc01,01-16 16:00:00+01:00,115_STEAM_1,0.0
2030,sc01,01-16 16:00:00+01:00,115_STEAM_2,0.0
2030,sc01,01-16 16:00:00+01:00,121_NUCLEAR_1,0.7770393064709646
2030,sc01,01-16 16:00:00+01:00,118_CC_1,0.0
2030,sc01,01-16 16:00:00+01:00,107_CC_1,1.0
2030,sc01,01-16 20:00:00+01:00,102_CT_2,0.0
2030,sc01,01-16 20:00:00+01:00,101_CT_1,0.0
2030,sc01,01-16 20:00:00+01:00,101_STEAM_4,0.0
2030,sc01,01-16 20:00:00+01:00,115_STEAM_3,1.0
2030,sc01,01-16 20:00:00+01:00,101_CT_2,0.0
2030,sc01,01-16 20:00:00+01:00,102_STEAM_4,0.0
2030,sc01,01-16 20:00:00+01:00,123_CT_1,0.0
2030,sc01,01-16 20:00:00+01:00,116_STEAM_1,0.0
2030,sc01,01-16 20:00:00+01:00,123_CT_5,0.0
2030,sc01,01-16 20:00:00+01:00,102_STEAM_3,0.0
2030,sc01,01-16 20:00:00+01:00,123_STEAM_3,0.0
2030,sc01,01-16 20:00:00+01:00,113_CT_3,0.0
2030,sc01,01-16 20:00:00+01:00,101_STEAM_3,0.0
2030,sc01,01-16 20:00:00+01:00,123_CT_4,0.0
2030,sc01,01-16 20:00:00+01:00,113_CT_1,0.0
2030,sc01,01-16 20:00:00+01:00,123_STEAM_2,0.0
2030,sc01,01-16 20:00:00+01:00,102_CT_1,0.0
2030,sc01,01-16 20:00:00+01:00,113_CT_2,0.0
2030,sc01,01-16 20:00:00+01:00,113_CT_4,0.0
2030,sc01,01-16 20:00:00+01:00,115_STEAM_1,0.0
2030,sc01,01-16 20:00:00+01:00,115_STEAM_2,0.0
2030,sc01,01-16 20:00:00+01:00,121_NUCLEAR_1,0.0
2030,sc01,01-16 20:00:00+01:00,118_CC_1,0.0
2030,sc01,01-16 20:00:00+01:00,107_CC_1,0.4440207764654268
2030,sc01,01-17 16:00:00+01:00,102_CT_2,0.0
2030,sc01,01-17 16:00:00+01:00,101_CT_1,0.0
2030,sc01,01-17 16:00:00+01:00,101_STEAM_4,1.0
2030,sc01,01-17 16:00:00+01:00,115_STEAM_3,1.0
2030,sc01,01-17 16:00:00+01:00,101_CT_2,0.0
2030,sc01,01-17 16:00:00+01:00,102_STEAM_4,1.0
2030,sc01,01-17 16:00:00+01:00,123_CT_1,0.0
2030,sc01,01-17 16:00:00+01:00,116_STEAM_1,0.0
2030,sc01,01-17 16:00:00+01:00,123_CT_5,0.0
2030,sc01,01-17 16:00:00+01:00,102_STEAM_3,1.0
2030,sc01,01-17 16:00:00+01:00,123_STEAM_3,0.789408045218078
2030,sc01,01-17 16:00:00+01:00,113_CT_3,0.0
2030,sc01,01-17 16:00:00+01:00,101_STEAM_3,1.0
2030,sc01,01-17 16:00:00+01:00,123_CT_4,0.0
2030,sc01,01-17 16:00:00+01:00,113_CT_1,0.0
2030,sc01,01-17 16:00:00+01:00,123_STEAM_2,1.0
2030,sc01,01-17 16:00:00+01:00,102_CT_1,0.0
2030,sc01,01-17 16:00:00+01:00,113_CT_2,0.0
2030,sc01,01-17 16:00:00+01:00,113_CT_4,0.0
2030,sc01,01-17 16:00:00+01:00,115_STEAM_1,0.0
2030,sc01,01-17 16:00:00+01:00,115_STEAM_2,0.0
2030,sc01,01-17 16:00:00+01:00,121_NUCLEAR_1,0.7697305778050458
2030,sc01,01-17 16:00:00+01:00,118_CC_1,0.0
2030,sc01,01-17 16:00:00+01:00,107_CC_1,1.0
2030,sc01,01-17 17:00:00+01:00,102_CT_2,0.0
2030,sc01,01-17 17:00:00+01:00,101_CT_1,0.0
2030,sc01,01-17 17:00:00+01:00,101_STEAM_4,1.0
2030,sc01,01-17 17:00:00+01:00,115_STEAM_3,1.0
2030,sc01,01-17 17:00:00+01:00,101_CT_2,0.0
2030,sc01,01-17 17:00:00+01:00,102_STEAM_4,1.0
2030,sc01,01-17 17:00:00+01:00,123_CT_1,0.0
2030,sc01,01-17 17:00:00+01:00,116_STEAM_1,0.0
2030,sc01,01-17 17:00:00+01:00,123_CT_5,0.0
2030,sc01,01-17 17:00:00+01:00,102_STEAM_3,1.0
2030,sc01,01-17 17:00:00+01:00,123_STEAM_3,1.0
2030,sc01,01-17 17:00:00+01:00,113_CT_3,0.0
2030,sc01,01-17 17:00:00+01:00,101_STEAM_3,1.0
2030,sc01,01-17 17:00:00+01:00,123_CT_4,0.0
2030,sc01,01-17 17:00:00+01:00,113_CT_1,0.0
2030,sc01,01-17 17:00:00+01:00,123_STEAM_2,1.0
2030,sc01,01-17 17:00:00+01:00,102_CT_1,0.0
2030,sc01,01-17 17:00:00+01:00,113_CT_2,0.0
2030,sc01,01-17 17:00:00+01:00,113_CT_4,0.0
2030,sc01,01-17 17:00:00+01:00,115_STEAM_1,0.0
2030,sc01,01-17 17:00:00+01:00,115_STEAM_2,0.0
2030,sc01,01-17 17:00:00+01:00,121_NUCLEAR_1,0.7343251245049593
2030,sc01,01-17 17:00:00+01:00,118_CC_1,0.0
2030,sc01,01-17 17:00:00+01:00,107_CC_1,1.0
2030,sc01,01-17 19:00:00+01:00,102_CT_2,0.0
2030,sc01,01-17 19:00:00+01:00,101_CT_1,0.0
2030,sc01,01-17 19:00:00+01:00,101_STEAM_4,0.0
2030,sc01,01-17 19:00:00+01:00,115_STEAM_3,1.0
2030,sc01,01-17 19:00:00+01:00,101_CT_2,0.0
2030,sc01,01-17 19:00:00+01:00,102_STEAM_4,0.0
2030,sc01,01-17 19:00:00+01:00,123_CT_1,0.0
2030,sc01,01-17 19:00:00+01:00,116_STEAM_1,0.0
2030,sc01,01-17 19:00:00+01:00,123_CT_5,0.0
2030,sc01,01-17 19:00:00+01:00,102_STEAM_3,0.0
2030,sc01,01-17 19:00:00+01:00,123_STEAM_3,0.0
2030,sc01,01-17 19:00:00+01:00,113_CT_3,0.0
2030,sc01,01-17 19:00:00+01:00,101_STEAM_3,0.0
2030,sc01,01-17 19:00:00+01:00,123_CT_4,0.0
2030,sc01,01-17 19:00:00+01:00,113_CT_1,0.0
2030,sc01,01-17 19:00:00+01:00,123_STEAM_2,0.0
2030,sc01,01-17 19:00:00+01:00,102_CT_1,0.0
2030,sc01,01-17 19:00:00+01:00,113_CT_2,0.0
2030,sc01,01-17 19:00:00+01:00,113_CT_4,0.0
2030,sc01,01-17 19:00:00+01:00,115_STEAM_1,0.0
2030,sc01,01-17 19:00:00+01:00,115_STEAM_2,0.0
2030,sc01,01-17 19:00:00+01:00,121_NUCLEAR_1,0.0
2030,sc01,01-17 19:00:00+01:00,118_CC_1,0.0
2030,sc01,01-17 19:00:00+01:00,107_CC_1,0.3033222237377823
2030,sc01,01-17 20:00:00+01:00,102_CT_2,0.0
2030,sc01,01-17 20:00:00+01:00,101_CT_1,0.0
2030,sc01,01-17 20:00:00+01:00,101_STEAM_4,0.0
2030,sc01,01-17 20:00:00+01:00,115_STEAM_3,0.5171170390283995
2030,sc01,01-17 20:00:00+01:00,101_CT_2,0.0
2030,sc01,01-17 20:00:00+01:00,102_STEAM_4,0.0
2030,sc01,01-17 20:00:00+01:00,123_CT_1,0.0
2030,sc01,01-17 20:00:00+01:00,116_STEAM_1,0.0
2030,sc01,01-17 20:00:00+01:00,123_CT_5,0.0
2030,sc01,01-17 20:00:00+01:00,102_STEAM_3,0.0
2030,sc01,01-17 20:00:00+01:00,123_STEAM_3,0.0
2030,sc01,01-17 20:00:00+01:00,113_CT_3,0.0
2030,sc01,01-17 20:00:00+01:00,101_STEAM_3,0.0
2030,sc01,01-17 20:00:00+01:00,123_CT_4,0.0
2030,sc01,01-17 20:00:00+01:00,113_CT_1,0.0
2030,sc01,01-17 20:00:00+01:00,123_STEAM_2,0.0
2030,sc01,01-17 20:00:00+01:00,102_CT_1,0.0
2030,sc01,01-17 20:00:00+01:00,113_CT_2,0.0
2030,sc01,01-17 20:00:00+01:00,113_CT_4,0.0
2030,sc01,01-17 20:00:00+01:00,115_STEAM_1,0.0
2030,sc01,01-17 20:00:00+01:00,115_STEAM_2,0.0
2030,sc01,01-17 20:00:00+01:00,121_NUCLEAR_1,0.0
2030,sc01,01-17 20:00:00+01:00,118_CC_1,0.0
2030,sc01,01-17 20:00:00+01:00,107_CC_1,0.4168512777187856
2030,sc01,01-18 08:00:00+01:00,102_CT_2,0.0
2030,sc01,01-18 08:00:00+01:00,101_CT_1,0.0
2030,sc01,01-18 08:00:00+01:00,101_STEAM_4,1.0
2030,sc01,01-18 08:00:00+01:00,115_STEAM_3,1.0
2030,sc01,01-18 08:00:00+01:00,101_CT_2,0.0
2030,sc01,01-18 08:00:00+01:00,102_STEAM_4,1.0
2030,sc01,01-18 08:00:00+01:00,123_CT_1,0.0
2030,sc01,01-18 08:00:00+01:00,116_STEAM_1,0.0
2030,sc01,01-18 08:00:00+01:00,123_CT_5,0.0
2030,sc01,01-18 08:00:00+01:00,102_STEAM_3,1.0
2030,sc01,01-18 08:00:00+01:00,123_STEAM_3,1.0
2030,sc01,01-18 08:00:00+01:00,113_CT_3,0.0
2030,sc01,01-18 08:00:00+01:00,101_STEAM_3,1.0
2030,sc01,01-18 08:00:00+01:00,123_CT_4,0.0
2030,sc01,01-18 08:00:00+01:00,113_CT_1,0.0
2030,sc01,01-18 08:00:00+01:00,123_STEAM_2,1.0
2030,sc01,01-18 08:00:00+01:00,102_CT_1,0.0
2030,sc01,01-18 08:00:00+01:00,113_CT_2,0.0
2030,sc01,01-18 08:00:00+01:00,113_CT_4,0.0
2030,sc01,01-18 08:00:00+01:00,115_STEAM_1,0.0
2030,sc01,01-18 08:00:00+01:00,115_STEAM_2,0.0
2030,sc01,01-18 08:00:00+01:00,121_NUCLEAR_1,1.0
2030,sc01,01-18 08:00:00+01:00,118_CC_1,1.0
2030,sc01,01-18 08:00:00+01:00,107_CC_1,1.0
2030,sc01,01-18 16:00:00+01:00,102_CT_2,0.0
2030,sc01,01-18 16:00:00+01:00,101_CT_1,0.0
2030,sc01,01-18 16:00:00+01:00,101_STEAM_4,1.0
2030,sc01,01-18 16:00:00+01:00,115_STEAM_3,1.0
2030,sc01,01-18 16:00:00+01:00,101_CT_2,0.0
2030,sc01,01-18 16:00:00+01:00,102_STEAM_4,1.0
2030,sc01,01-18 16:00:00+01:00,123_CT_1,0.0
2030,sc01,01-18 16:00:00+01:00,116_STEAM_1,0.0
2030,sc01,01-18 16:00:00+01:00,123_CT_5,0.0
2030,sc01,01-18 16:00:00+01:00,102_STEAM_3,1.0
2030,sc01,01-18 16:00:00+01:00,123_STEAM_3,0.35814723896410194
2030,sc01,01-18 16:00:00+01:00,113_CT_3,0.0
2030,sc01,01-18 16:00:00+01:00,101_STEAM_3,1.0
2030,sc01,01-18 16:00:00+01:00,123_CT_4,0.0
2030,sc01,01-18 16:00:00+01:00,113_CT_1,0.0
2030,sc01,01-18 16:00:00+01:00,123_STEAM_2,1.0
2030,sc01,01-18 16:00:00+01:00,102_CT_1,0.0
2030,sc01,01-18 16:00:00+01:00,113_CT_2,0.0
2030,sc01,01-18 16:00:00+01:00,113_CT_4,0.0
2030,sc01,01-18 16:00:00+01:00,115_STEAM_1,0.0
2030,sc01,01-18 16:00:00+01:00,115_STEAM_2,0.0
2030,sc01,01-18 16:00:00+01:00,121_NUCLEAR_1,1.0
2030,sc01,01-18 16:00:00+01:00,118_CC_1,1.0
2030,sc01,01-18 16:00:00+01:00,107_CC_1,1.0
2030,sc01,01-18 17:00:00+01:00,102_CT_2,0.0
2030,sc01,01-18 17:00:00+01:00,101_CT_1,0.0
2030,sc01,01-18 17:00:00+01:00,101_STEAM_4,1.0
2030,sc01,01-18 17:00:00+01:00,115_STEAM_3,1.0
2030,sc01,01-18 17:00:00+01:00,101_CT_2,0.0
2030,sc01,01-18 17:00:00+01:00,102_STEAM_4,1.0
2030,sc01,01-18 17:00:00+01:00,123_CT_1,0.0
2030,sc01,01-18 17:00:00+01:00,116_STEAM_1,0.0
2030,sc01,01-18 17:00:00+01:00,123_CT_5,0.0
2030,sc01,01-18 17:00:00+01:00,102_STEAM_3,1.0
2030,sc01,01-18 17:00:00+01:00,123_STEAM_3,1.0
2030,sc01,01-18 17:00:00+01:00,113_CT_3,0.0
2030,sc01,01-18 17:00:00+01:00,101_STEAM_3,1.0
2030,sc01,01-18 17:00:00+01:00,123_CT_4,0.0
2030,sc01,01-18 17:00:00+01:00,113_CT_1,0.0
2030,sc01,01-18 17:00:00+01:00,123_STEAM_2,1.0
2030,sc01,01-18 17:00:00+01:00,102_CT_1,0.0
2030,sc01,01-18 17:00:00+01:00,113_CT_2,0.0
2030,sc01,01-18 17:00:00+01:00,113_CT_4,0.0
2030,sc01,01-18 17:00:00+01:00,115_STEAM_1,0.0
2030,sc01,01-18 17:00:00+01:00,115_STEAM_2,0.0
2030,sc01,01-18 17:00:00+01:00,121_NUCLEAR_1,1.0
2030,sc01,01-18 17:00:00+01:00,118_CC_1,1.0
2030,sc01,01-18 17:00:00+01:00,107_CC_1,1.0
2030,sc01,01-18 19:00:00+01:00,102_CT_2,0.0
2030,sc01,01-18 19:00:00+01:00,101_CT_1,0.0
2030,sc01,01-18 19:00:00+01:00,101_STEAM_4,0.0
2030,sc01,01-18 19:00:00+01:00,115_STEAM_3,0.0
2030,sc01,01-18 19:00:00+01:00,101_CT_2,0.0
2030,sc01,01-18 19:00:00+01:00,102_STEAM_4,0.0
2030,sc01,01-18 19:00:00+01:00,123_CT_1,0.0
2030,sc01,01-18 19:00:00+01:00,116_STEAM_1,0.0
2030,sc01,01-18 19:00:00+01:00,123_CT_5,0.0
2030,sc01,01-18 19:00:00+01:00,102_STEAM_3,0.0
2030,sc01,01-18 19:00:00+01:00,123_STEAM_3,0.0
2030,sc01,01-18 19:00:00+01:00,113_CT_3,0.0
2030,sc01,01-18 19:00:00+01:00,101_STEAM_3,0.0
2030,sc01,01-18 19:00:00+01:00,123_CT_4,0.0
2030,sc01,01-18 19:00:00+01:00,113_CT_1,0.0
2030,sc01,01-18 19:00:00+01:00,123_STEAM_2,0.0
2030,sc01,01-18 19:00:00+01:00,102_CT_1,0.0
2030,sc01,01-18 19:00:00+01:00,113_CT_2,0.0
2030,sc01,01-18 19:00:00+01:00,113_CT_4,0.0
2030,sc01,01-18 19:00:00+01:00,115_STEAM_1,0.0
2030,sc01,01-18 19:00:00+01:00,115_STEAM_2,0.0
2030,sc01,01-18 19:00:00+01:00,121_NUCLEAR_1,0.35981520217168916
2030,sc01,01-18 19:00:00+01:00,118_CC_1,0.0
2030,sc01,01-18 19:00:00+01:00,107_CC_1,1.0
2030,sc01,01-18 20:00:00+01:00,102_CT_2,0.0
2030,sc01,01-18 20:00:00+01:00,101_CT_1,0.0
2030,sc01,01-18 20:00:00+01:00,101_STEAM_4,0.0
2030,sc01,01-18 20:00:00+01:00,115_STEAM_3,0.0
2030,sc01,01-18 20:00:00+01:00,101_CT_2,0.0
2030,sc01,01-18 20:00:00+01:00,102_STEAM_4,0.0
2030,sc01,01-18 20:00:00+01:00,123_CT_1,0.0
2030,sc01,01-18 20:00:00+01:00,116_STEAM_1,0.0
2030,sc01,01-18 20:00:00+01:00,123_CT_5,0.0
2030,sc01,01-18 20:00:00+01:00,102_STEAM_3,0.0
2030,sc01,01-18 20:00:00+01:00,123_STEAM_3,0.0
2030,sc01,01-18 20:00:00+01:00,113_CT_3,0.0
2030,sc01,01-18 20:00:00+01:00,101_STEAM_3,0.0
2030,sc01,01-18 20:00:00+01:00,123_CT_4,0.0
2030,sc01,01-18 20:00:00+01:00,113_CT_1,0.0
2030,sc01,01-18 20:00:00+01:00,123_STEAM_2,0.0
2030,sc01,01-18 20:00:00+01:00,102_CT_1,0.0
2030,sc01,01-18 20:00:00+01:00,113_CT_2,0.0
2030,sc01,01-18 20:00:00+01:00,113_CT_4,0.0
2030,sc01,01-18 20:00:00+01:00,115_STEAM_1,0.0
2030,sc01,01-18 20:00:00+01:00,115_STEAM_2,0.0
2030,sc01,01-18 20:00:00+01:00,121_NUCLEAR_1,0.28923407277451774
2030,sc01,01-18 20:00:00+01:00,118_CC_1,0.0
2030,sc01,01-18 20:00:00+01:00,107_CC_1,0.38206691884021277
2030,sc01,01-20 10:00:00+01:00,102_CT_2,0.0
2030,sc01,01-20 10:00:00+01:00,101_CT_1,0.0
2030,sc01,01-20 10:00:00+01:00,101_STEAM_4,0.0
2030,sc01,01-20 10:00:00+01:00,115_STEAM_3,1.0
2030,sc01,01-20 10:00:00+01:00,101_CT_2,0.0
2030,sc01,01-20 10:00:00+01:00,102_STEAM_4,0.0
2030,sc01,01-20 10:00:00+01:00,123_CT_1,0.0
2030,sc01,01-20 10:00:00+01:00,116_STEAM_1,0.0
2030,sc01,01-20 10:00:00+01:00,123_CT_5,0.0
2030,sc01,01-20 10:00:00+01:00,102_STEAM_3,0.0
2030,sc01,01-20 10:00:00+01:00,123_STEAM_3,0.281643503333421
2030,sc01,01-20 10:00:00+01:00,113_CT_3,0.0
2030,sc01,01-20 10:00:00+01:00,101_STEAM_3,0.0
2030,sc01,01-20 10:00:00+01:00,123_CT_4,0.0
2030,sc01,01-20 10:00:00+01:00,113_CT_1,0.0
2030,sc01,01-20 10:00:00+01:00,123_STEAM_2,0.0
2030,sc01,01-20 10:00:00+01:00,102_CT_1,0.0
2030,sc01,01-20 10:00:00+01:00,113_CT_2,0.0
2030,sc01,01-20 10:00:00+01:00,113_CT_4,0.0
2030,sc01,01-20 10:00:00+01:00,115_STEAM_1,0.0
2030,sc01,01-20 10:00:00+01:00,115_STEAM_2,0.0
2030,sc01,01-20 10:00:00+01:00,121_NUCLEAR_1,1.0
2030,sc01,01-20 10:00:00+01:00,118_CC_1,1.0
2030,sc01,01-20 10:00:00+01:00,107_CC_1,1.0
2030,sc01,01-21 07:00:00+01:00,102_CT_2,0.0
2030,sc01,01-21 07:00:00+01:00,101_CT_1,0.0
2030,sc01,01-21 07:00:00+01:00,101_STEAM_4,0.0
2030,sc01,01-21 07:00:00+01:00,115_STEAM_3,1.0
2030,sc01,01-21 07:00:00+01:00,101_CT_2,0.0
2030,sc01,01-21 07:00:00+01:00,102_STEAM_4,0.0
2030,sc01,01-21 07:00:00+01:00,123_CT_1,0.0
2030,sc01,01-21 07:00:00+01:00,116_STEAM_1,0.0
2030,sc01,01-21 07:00:00+01:00,123_CT_5,0.0
2030,sc01,01-21 07:00:00+01:00,102_STEAM_3,0.0
2030,sc01,01-21 07:00:00+01:00,123_STEAM_3,0.0
2030,sc01,01-21 07:00:00+01:00,113_CT_3,0.0
2030,sc01,01-21 07:00:00+01:00,101_STEAM_3,0.0
2030,sc01,01-21 07:00:00+01:00,123_CT_4,0.0
2030,sc01,01-21 07:00:00+01:00,113_CT_1,0.0
2030,sc01,01-21 07:00:00+01:00,123_STEAM_2,0.0
2030,sc01,01-21 07:00:00+01:00,102_CT_1,0.0
2030,sc01,01-21 07:00:00+01:00,113_CT_2,0.0
2030,sc01,01-21 07:00:00+01:00,113_CT_4,0.0
2030,sc01,01-21 07:00:00+01:00,115_STEAM_1,0.0
2030,sc01,01-21 07:00:00+01:00,115_STEAM_2,0.0
2030,sc01,01-21 07:00:00+01:00,121_NUCLEAR_1,0.0
2030,sc01,01-21 07:00:00+01:00,118_CC_1,0.0
2030,sc01,01-21 07:00:00+01:00,107_CC_1,0.0
2030,sc01,01-21 09:00:00+01:00,102_CT_2,0.0
2030,sc01,01-21 09:00:00+01:00,101_CT_1,0.0
2030,sc01,01-21 09:00:00+01:00,101_STEAM_4,1.0
2030,sc01,01-21 09:00:00+01:00,115_STEAM_3,1.0
2030,sc01,01-21 09:00:00+01:00,101_CT_2,0.0
2030,sc01,01-21 09:00:00+01:00,102_STEAM_4,1.0
2030,sc01,01-21 09:00:00+01:00,123_CT_1,0.0
2030,sc01,01-21 09:00:00+01:00,116_STEAM_1,0.0
2030,sc01,01-21 09:00:00+01:00,123_CT_5,0.0
2030,sc01,01-21 09:00:00+01:00,102_STEAM_3,1.0
2030,sc01,01-21 09:00:00+01:00,123_STEAM_3,0.23765052510466864
2030,sc01,01-21 09:00:00+01:00,113_CT_3,0.0
2030,sc01,01-21 09:00:00+01:00,101_STEAM_3,1.0
2030,sc01,01-21 09:00:00+01:00,123_CT_4,0.0
2030,sc01,01-21 09:00:00+01:00,113_CT_1,0.0
2030,sc01,01-21 09:00:00+01:00,123_STEAM_2,1.0
2030,sc01,01-21 09:00:00+01:00,102_CT_1,0.0
2030,sc01,01-21 09:00:00+01:00,113_CT_2,0.0
2030,sc01,01-21 09:00:00+01:00,113_CT_4,0.0
2030,sc01,01-21 09:00:00+01:00,115_STEAM_1,0.0
2030,sc01,01-21 09:00:00+01:00,115_STEAM_2,0.0
2030,sc01,01-21 09:00:00+01:00,121_NUCLEAR_1,0.7407520955499728
2030,sc01,01-21 09:00:00+01:00,118_CC_1,0.0
2030,sc01,01-21 09:00:00+01:00,107_CC_1,1.0
2030,sc01,01-21 16:00:00+01:00,102_CT_2,0.0
2030,sc01,01-21 16:00:00+01:00,101_CT_1,0.0
2030,sc01,01-21 16:00:00+01:00,101_STEAM_4,1.0
2030,sc01,01-21 16:00:00+01:00,115_STEAM_3,1.0
2030,sc01,01-21 16:00:00+01:00,101_CT_2,0.0
2030,sc01,01-21 16:00:00+01:00,102_STEAM_4,0.0
2030,sc01,01-21 16:00:00+01:00,123_CT_1,0.0
2030,sc01,01-21 16:00:00+01:00,116_STEAM_1,0.0
2030,sc01,01-21 16:00:00+01:00,123_CT_5,0.0
2030,sc01,01-21 16:00:00+01:00,102_STEAM_3,0.0
2030,sc01,01-21 16:00:00+01:00,123_STEAM_3,0.5198638789887294
2030,sc01,01-21 16:00:00+01:00,113_CT_3,0.0
2030,sc01,01-21 16:00:00+01:00,101_STEAM_3,1.0
2030,sc01,01-21 16:00:00+01:00,123_CT_4,0.0
2030,sc01,01-21 16:00:00+01:00,113_CT_1,0.0
2030,sc01,01-21 16:00:00+01:00,123_STEAM_2,1.0
2030,sc01,01-21 16:00:00+01:00,102_CT_1,0.0
2030,sc01,01-21 16:00:00+01:00,113_CT_2,0.0
2030,sc01,01-21 16:00:00+01:00,113_CT_4,0.0
2030,sc01,01-21 16:00:00+01:00,115_STEAM_1,0.0
2030,sc01,01-21 16:00:00+01:00,115_STEAM_2,0.0
2030,sc01,01-21 16:00:00+01:00,121_NUCLEAR_1,1.0
2030,sc01,01-21 16:00:00+01:00,118_CC_1,0.4265441511263702
2030,sc01,01-21 16:00:00+01:00,107_CC_1,1.0
2030,sc01,01-21 17:00:00+01:00,102_CT_2,0.0
2030,sc01,01-21 17:00:00+01:00,101_CT_1,0.0
2030,sc01,01-21 17:00:00+01:00,101_STEAM_4,1.0
2030,sc01,01-21 17:00:00+01:00,115_STEAM_3,1.0
2030,sc01,01-21 17:00:00+01:00,101_CT_2,0.0
2030,sc01,01-21 17:00:00+01:00,102_STEAM_4,1.0
2030,sc01,01-21 17:00:00+01:00,123_CT_1,0.0
2030,sc01,01-21 17:00:00+01:00,116_STEAM_1,0.0
2030,sc01,01-21 17:00:00+01:00,123_CT_5,0.0
2030,sc01,01-21 17:00:00+01:00,102_STEAM_3,1.0
2030,sc01,01-21 17:00:00+01:00,123_STEAM_3,0.5262916094728805
2030,sc01,01-21 17:00:00+01:00,113_CT_3,0.0
2030,sc01,01-21 17:00:00+01:00,101_STEAM_3,1.0
2030,sc01,01-21 17:00:00+01:00,123_CT_4,0.0
2030,sc01,01-21 17:00:00+01:00,113_CT_1,0.0
2030,sc01,01-21 17:00:00+01:00,123_STEAM_2,1.0
2030,sc01,01-21 17:00:00+01:00,102_CT_1,0.0
2030,sc01,01-21 17:00:00+01:00,113_CT_2,0.0
2030,sc01,01-21 17:00:00+01:00,113_CT_4,0.0
2030,sc01,01-21 17:00:00+01:00,115_STEAM_1,0.0
2030,sc01,01-21 17:00:00+01:00,115_STEAM_2,0.0
2030,sc01,01-21 17:00:00+01:00,121_NUCLEAR_1,1.0
2030,sc01,01-21 17:00:00+01:00,118_CC_1,1.0
2030,sc01,01-21 17:00:00+01:00,107_CC_1,1.0
2030,sc01,01-21 18:00:00+01:00,102_CT_2,0.0
2030,sc01,01-21 18:00:00+01:00,101_CT_1,0.0
2030,sc01,01-21 18:00:00+01:00,101_STEAM_4,0.0
2030,sc01,01-21 18:00:00+01:00,115_STEAM_3,0.0
2030,sc01,01-21 18:00:00+01:00,101_CT_2,0.0
2030,sc01,01-21 18:00:00+01:00,102_STEAM_4,0.0
2030,sc01,01-21 18:00:00+01:00,123_CT_1,0.0
2030,sc01,01-21 18:00:00+01:00,116_STEAM_1,0.0
2030,sc01,01-21 18:00:00+01:00,123_CT_5,0.0
2030,sc01,01-21 18:00:00+01:00,102_STEAM_3,0.0
2030,sc01,01-21 18:00:00+01:00,123_STEAM_3,0.0
2030,sc01,01-21 18:00:00+01:00,113_CT_3,0.0
2030,sc01,01-21 18:00:00+01:00,101_STEAM_3,0.0
2030,sc01,01-21 18:00:00+01:00,123_CT_4,0.0
2030,sc01,01-21 18:00:00+01:00,113_CT_1,0.0
2030,sc01,01-21 18:00:00+01:00,123_STEAM_2,0.0
2030,sc01,01-21 18:00:00+01:00,102_CT_1,0.0
2030,sc01,01-21 18:00:00+01:00,113_CT_2,0.0
2030,sc01,01-21 18:00:00+01:00,113_CT_4,0.0
2030,sc01,01-21 18:00:00+01:00,115_STEAM_1,0.0
2030,sc01,01-21 18:00:00+01:00,115_STEAM_2,0.0
2030,sc01,01-21 18:00:00+01:00,121_NUCLEAR_1,0.5418264510531315
2030,sc01,01-21 18:00:00+01:00,118_CC_1,0.0
2030,sc01,01-21 18:00:00+01:00,107_CC_1,1.0
2030,sc01,01-21 20:00:00+01:00,102_CT_2,0.0
2030,sc01,01-21 20:00:00+01:00,101_CT_1,0.0
2030,sc01,01-21 20:00:00+01:00,101_STEAM_4,0.0
2030,sc01,01-21 20:00:00+01:00,115_STEAM_3,0.0
2030,sc01,01-21 20:00:00+01:00,101_CT_2,0.0
2030,sc01,01-21 20:00:00+01:00,102_STEAM_4,0.0
2030,sc01,01-21 20:00:00+01:00,123_CT_1,0.0
2030,sc01,01-21 20:00:00+01:00,116_STEAM_1,0.0
2030,sc01,01-21 20:00:00+01:00,123_CT_5,0.0
2030,sc01,01-21 20:00:00+01:00,102_STEAM_3,0.0
2030,sc01,01-21 20:00:00+01:00,123_STEAM_3,0.0
2030,sc01,01-21 20:00:00+01:00,113_CT_3,0.0
2030,sc01,01-21 20:00:00+01:00,101_STEAM_3,0.0
2030,sc01,01-21 20:00:00+01:00,123_CT_4,0.0
2030,sc01,01-21 20:00:00+01:00,113_CT_1,0.0
2030,sc01,01-21 20:00:00+01:00,123_STEAM_2,0.0
2030,sc01,01-21 20:00:00+01:00,102_CT_1,0.0
2030,sc01,01-21 20:00:00+01:00,113_CT_2,0.0
2030,sc01,01-21 20:00:00+01:00,113_CT_4,0.0
2030,sc01,01-21 20:00:00+01:00,115_STEAM_1,0.0
2030,sc01,01-21 20:00:00+01:00,115_STEAM_2,0.0
2030,sc01,01-21 20:00:00+01:00,121_NUCLEAR_1,0.9808004742855349
2030,sc01,01-21 20:00:00+01:00,118_CC_1,0.0
2030,sc01,01-21 20:00:00+01:00,107_CC_1,1.0
2030,sc01,01-22 08:00:00+01:00,102_CT_2,0.0
2030,sc01,01-22 08:00:00+01:00,101_CT_1,0.0
2030,sc01,01-22 08:00:00+01:00,101_STEAM_4,1.0
2030,sc01,01-22 08:00:00+01:00,115_STEAM_3,1.0
2030,sc01,01-22 08:00:00+01:00,101_CT_2,0.0
2030,sc01,01-22 08:00:00+01:00,102_STEAM_4,1.0
2030,sc01,01-22 08:00:00+01:00,123_CT_1,0.0
2030,sc01,01-22 08:00:00+01:00,116_STEAM_1,0.0
2030,sc01,01-22 08:00:00+01:00,123_CT_5,0.0
2030,sc01,01-22 08:00:00+01:00,102_STEAM_3,1.0
2030,sc01,01-22 08:00:00+01:00,123_STEAM_3,1.0
2030,sc01,01-22 08:00:00+01:00,113_CT_3,0.0
2030,sc01,01-22 08:00:00+01:00,101_STEAM_3,1.0
2030,sc01,01-22 08:00:00+01:00,123_CT_4,0.0
2030,sc01,01-22 08:00:00+01:00,113_CT_1,0.0
2030,sc01,01-22 08:00:00+01:00,123_STEAM_2,1.0
2030,sc01,01-22 08:00:00+01:00,102_CT_1,0.0
2030,sc01,01-22 08:00:00+01:00,113_CT_2,0.0
2030,sc01,01-22 08:00:00+01:00,113_CT_4,0.0
2030,sc01,01-22 08:00:00+01:00,115_STEAM_1,0.0
2030,sc01,01-22 08:00:00+01:00,115_STEAM_2,0.0
2030,sc01,01-22 08:00:00+01:00,121_NUCLEAR_1,1.0
2030,sc01,01-22 08:00:00+01:00,118_CC_1,1.0
2030,sc01,01-22 08:00:00+01:00,107_CC_1,1.0
2030,sc01,01-22 09:00:00+01:00,102_CT_2,0.0
2030,sc01,01-22 09:00:00+01:00,101_CT_1,0.0
2030,sc01,01-22 09:00:00+01:00,101_STEAM_4,1.0
2030,sc01,01-22 09:00:00+01:00,115_STEAM_3,1.0
2030,sc01,01-22 09:00:00+01:00,101_CT_2,0.0
2030,sc01,01-22 09:00:00+01:00,102_STEAM_4,1.0
2030,sc01,01-22 09:00:00+01:00,123_CT_1,0.0
2030,sc01,01-22 09:00:00+01:00,116_STEAM_1,0.0
2030,sc01,01-22 09:00:00+01:00,123_CT_5,0.0
2030,sc01,01-22 09:00:00+01:00,102_STEAM_3,1.0
2030,sc01,01-22 09:00:00+01:00,123_STEAM_3,1.0
2030,sc01,01-22 09:00:00+01:00,113_CT_3,0.0
2030,sc01,01-22 09:00:00+01:00,101_STEAM_3,1.0
2030,sc01,01-22 09:00:00+01:00,123_CT_4,0.0
2030,sc01,01-22 09:00:00+01:00,113_CT_1,0.0
2030,sc01,01-22 09:00:00+01:00,123_STEAM_2,1.0
2030,sc01,01-22 09:00:00+01:00,102_CT_1,0.0
2030,sc01,01-22 09:00:00+01:00,113_CT_2,0.0
2030,sc01,01-22 09:00:00+01:00,113_CT_4,0.0
2030,sc01,01-22 09:00:00+01:00,115_STEAM_1,0.0
2030,sc01,01-22 09:00:00+01:00,115_STEAM_2,0.0
2030,sc01,01-22 09:00:00+01:00,121_NUCLEAR_1,1.0
2030,sc01,01-22 09:00:00+01:00,118_CC_1,1.0
2030,sc01,01-22 09:00:00+01:00,107_CC_1,1.0
2030,sc01,01-22 10:00:00+01:00,102_CT_2,0.0
2030,sc01,01-22 10:00:00+01:00,101_CT_1,0.0
2030,sc01,01-22 10:00:00+01:00,101_STEAM_4,1.0
2030,sc01,01-22 10:00:00+01:00,115_STEAM_3,1.0
2030,sc01,01-22 10:00:00+01:00,101_CT_2,0.0
2030,sc01,01-22 10:00:00+01:00,102_STEAM_4,1.0
2030,sc01,01-22 10:00:00+01:00,123_CT_1,0.0
2030,sc01,01-22 10:00:00+01:00,116_STEAM_1,0.0
2030,sc01,01-22 10:00:00+01:00,123_CT_5,0.0
2030,sc01,01-22 10:00:00+01:00,102_STEAM_3,1.0
2030,sc01,01-22 10:00:00+01:00,123_STEAM_3,0.1656189892041445
2030,sc01,01-22 10:00:00+01:00,113_CT_3,0.0
2030,sc01,01-22 10:00:00+01:00,101_STEAM_3,1.0
2030,sc01,01-22 10:00:00+01:00,123_CT_4,0.0
2030,sc01,01-22 10:00:00+01:00,113_CT_1,0.0
2030,sc01,01-22 10:00:00+01:00,123_STEAM_2,1.0
2030,sc01,01-22 10:00:00+01:00,102_CT_1,0.0
2030,sc01,01-22 10:00:00+01:00,113_CT_2,0.0
2030,sc01,01-22 10:00:00+01:00,113_CT_4,0.0
2030,sc01,01-22 10:00:00+01:00,115_STEAM_1,0.0
2030,sc01,01-22 10:00:00+01:00,115_STEAM_2,0.0
2030,sc01,01-22 10:00:00+01:00,121_NUCLEAR_1,1.0
2030,sc01,01-22 10:00:00+01:00,118_CC_1,1.0
2030,sc01,01-22 10:00:00+01:00,107_CC_1,1.0
2030,sc01,01-22 11:00:00+01:00,102_CT_2,0.0
2030,sc01,01-22 11:00:00+01:00,101_CT_1,0.0
2030,sc01,01-22 11:00:00+01:00,101_STEAM_4,1.0
2030,sc01,01-22 11:00:00+01:00,115_STEAM_3,1.0
2030,sc01,01-22 11:00:00+01:00,101_CT_2,0.0
2030,sc01,01-22 11:00:00+01:00,102_STEAM_4,0.0
2030,sc01,01-22 11:00:00+01:00,123_CT_1,0.0
2030,sc01,01-22 11:00:00+01:00,116_STEAM_1,0.0
2030,sc01,01-22 11:00:00+01:00,123_CT_5,0.0
2030,sc01,01-22 11:00:00+01:00,102_STEAM_3,0.9239498878578539
2030,sc01,01-22 11:00:00+01:00,123_STEAM_3,0.37613809020598277
2030,sc01,01-22 11:00:00+01:00,113_CT_3,0.0
2030,sc01,01-22 11:00:00+01:00,101_STEAM_3,1.0
2030,sc01,01-22 11:00:00+01:00,123_CT_4,0.0
2030,sc01,01-22 11:00:00+01:00,113_CT_1,0.0
2030,sc01,01-22 11:00:00+01:00,123_STEAM_2,1.0
2030,sc01,01-22 11:00:00+01:00,102_CT_1,0.0
2030,sc01,01-22 11:00:00+01:00,113_CT_2,0.0
2030,sc01,01-22 11:00:00+01:00,113_CT_4,0.0
2030,sc01,01-22 11:00:00+01:00,115_STEAM_1,0.0
2030,sc01,01-22 11:00:00+01:00,115_STEAM_2,0.0
2030,sc01,01-22 11:00:00+01:00,121_NUCLEAR_1,1.0
2030,sc01,01-22 11:00:00+01:00,118_CC_1,0.8523391724341328
2030,sc01,01-22 11:00:00+01:00,107_CC_1,1.0
2030,sc01,01-22 12:00:00+01:00,102_CT_2,0.0
2030,sc01,01-22 12:00:00+01:00,101_CT_1,0.0
2030,sc01,01-22 12:00:00+01:00,101_STEAM_4,1.0
2030,sc01,01-22 12:00:00+01:00,115_STEAM_3,1.0
2030,sc01,01-22 12:00:00+01:00,101_CT_2,0.0
2030,sc01,01-22 12:00:00+01:00,102_STEAM_4,0.0
2030,sc01,01-22 12:00:00+01:00,123_CT_1,0.0
2030,sc01,01-22 12:00:00+01:00,116_STEAM_1,0.0
2030,sc01,01-22 12:00:00+01:00,123_CT_5,0.0
2030,sc01,01-22 12:00:00+01:00,102_STEAM_3,0.0
2030,sc01,01-22 12:00:00+01:00,123_STEAM_3,0.6975399008115643
2030,sc01,01-22 12:00:00+01:00,113_CT_3,0.0
2030,sc01,01-22 12:00:00+01:00,101_STEAM_3,1.0
2030,sc01,01-22 12:00:00+01:00,123_CT_4,0.0
2030,sc01,01-22 12:00:00+01:00,113_CT_1,0.0
2030,sc01,01-22 12:00:00+01:00,123_STEAM_2,1.0
2030,sc01,01-22 12:00:00+01:00,102_CT_1,0.0
2030,sc01,01-22 12:00:00+01:00,113_CT_2,0.0
2030,sc01,01-22 12:00:00+01:00,113_CT_4,0.0
2030,sc01,01-22 12:00:00+01:00,115_STEAM_1,0.0
2030,sc01,01-22 12:00:00+01:00,115_STEAM_2,0.0
2030,sc01,01-22 12:00:00+01:00,121_NUCLEAR_1,1.0
2030,sc01,01-22 12:00:00+01:00,118_CC_1,0.13918680375847461
2030,sc01,01-22 12:00:00+01:00,107_CC_1,1.0
2030,sc01,01-22 14:00:00+01:00,102_CT_2,0.0
2030,sc01,01-22 14:00:00+01:00,101_CT_1,0.0
2030,sc01,01-22 14:00:00+01:00,101_STEAM_4,1.0
2030,sc01,01-22 14:00:00+01:00,115_STEAM_3,1.0
2030,sc01,01-22 14:00:00+01:00,101_CT_2,0.0
2030,sc01,01-22 14:00:00+01:00,102_STEAM_4,0.0
2030,sc01,01-22 14:00:00+01:00,123_CT_1,0.0
2030,sc01,01-22 14:00:00+01:00,116_STEAM_1,0.0
2030,sc01,01-22 14:00:00+01:00,123_CT_5,0.0
2030,sc01,01-22 14:00:00+01:00,102_STEAM_3,0.0
2030,sc01,01-22 14:00:00+01:00,123_STEAM_3,0.6977671753336726
2030,sc01,01-22 14:00:00+01:00,113_CT_3,0.0
2030,sc01,01-22 14:00:00+01:00,101_STEAM_3,1.0
2030,sc01,01-22 14:00:00+01:00,123_CT_4,0.0
2030,sc01,01-22 14:00:00+01:00,113_CT_1,0.0
2030,sc01,01-22 14:00:00+01:00,123_STEAM_2,1.0
2030,sc01,01-22 14:00:00+01:00,102_CT_1,0.0
2030,sc01,01-22 14:00:00+01:00,113_CT_2,0.0
2030,sc01,01-22 14:00:00+01:00,113_CT_4,0.0
2030,sc01,01-22 14:00:00+01:00,115_STEAM_1,0.0
2030,sc01,01-22 14:00:00+01:00,115_STEAM_2,0.0
2030,sc01,01-22 14:00:00+01:00,121_NUCLEAR_1,0.7925993993085934
2030,sc01,01-22 14:00:00+01:00,118_CC_1,0.0
2030,sc01,01-22 14:00:00+01:00,107_CC_1,1.0
2030,sc01,01-22 15:00:00+01:00,102_CT_2,0.0
2030,sc01,01-22 15:00:00+01:00,101_CT_1,0.0
2030,sc01,01-22 15:00:00+01:00,101_STEAM_4,1.0
2030,sc01,01-22 15:00:00+01:00,115_STEAM_3,1.0
2030,sc01,01-22 15:00:00+01:00,101_CT_2,0.0
2030,sc01,01-22 15:00:00+01:00,102_STEAM_4,1.0
2030,sc01,01-22 15:00:00+01:00,123_CT_1,0.0
2030,sc01,01-22 15:00:00+01:00,116_STEAM_1,0.0
2030,sc01,01-22 15:00:00+01:00,123_CT_5,0.0
2030,sc01,01-22 15:00:00+01:00,102_STEAM_3,1.0
2030,sc01,01-22 15:00:00+01:00,123_STEAM_3,0.7677407704042675
2030,sc01,01-22 15:00:00+01:00,113_CT_3,0.0
2030,sc01,01-22 15:00:00+01:00,101_STEAM_3,1.0
2030,sc01,01-22 15:00:00+01:00,123_CT_4,0.0
2030,sc01,01-22 15:00:00+01:00,113_CT_1,0.0
2030,sc01,01-22 15:00:00+01:00,123_STEAM_2,1.0
2030,sc01,01-22 15:00:00+01:00,102_CT_1,0.0
2030,sc01,01-22 15:00:00+01:00,113_CT_2,0.0
2030,sc01,01-22 15:00:00+01:00,113_CT_4,0.0
2030,sc01,01-22 15:00:00+01:00,115_STEAM_1,0.0
2030,sc01,01-22 15:00:00+01:00,115_STEAM_2,0.0
2030,sc01,01-22 15:00:00+01:00,121_NUCLEAR_1,0.7851367376262237
2030,sc01,01-22 15:00:00+01:00,118_CC_1,0.0
2030,sc01,01-22 15:00:00+01:00,107_CC_1,1.0
2030,sc01,01-22 16:00:00+01:00,102_CT_2,0.0
2030,sc01,01-22 16:00:00+01:00,101_CT_1,0.0
2030,sc01,01-22 16:00:00+01:00,101_STEAM_4,1.0
2030,sc01,01-22 16:00:00+01:00,115_STEAM_3,1.0
2030,sc01,01-22 16:00:00+01:00,101_CT_2,0.0
2030,sc01,01-22 16:00:00+01:00,102_STEAM_4,1.0
2030,sc01,01-22 16:00:00+01:00,123_CT_1,0.0
2030,sc01,01-22 16:00:00+01:00,116_STEAM_1,0.0
2030,sc01,01-22 16:00:00+01:00,123_CT_5,0.0
2030,sc01,01-22 16:00:00+01:00,102_STEAM_3,1.0
2030,sc01,01-22 16:00:00+01:00,123_STEAM_3,1.0
2030,sc01,01-22 16:00:00+01:00,113_CT_3,0.0
2030,sc01,01-22 16:00:00+01:00,101_STEAM_3,1.0
2030,sc01,01-22 16:00:00+01:00,123_CT_4,0.0
2030,sc01,01-22 16:00:00+01:00,113_CT_1,0.0
2030,sc01,01-22 16:00:00+01:00,123_STEAM_2,1.0
2030,sc01,01-22 16:00:00+01:00,102_CT_1,0.0
2030,sc01,01-22 16:00:00+01:00,113_CT_2,0.0
2030,sc01,01-22 16:00:00+01:00,113_CT_4,0.0
2030,sc01,01-22 16:00:00+01:00,115_STEAM_1,0.0
2030,sc01,01-22 16:00:00+01:00,115_STEAM_2,0.0
2030,sc01,01-22 16:00:00+01:00,121_NUCLEAR_1,0.6592389795334589
2030,sc01,01-22 16:00:00+01:00,118_CC_1,0.0
2030,sc01,01-22 16:00:00+01:00,107_CC_1,1.0
2030,sc01,01-22 17:00:00+01:00,102_CT_2,0.0
2030,sc01,01-22 17:00:00+01:00,101_CT_1,1.0
2030,sc01,01-22 17:00:00+01:00,101_STEAM_4,1.0
2030,sc01,01-22 17:00:00+01:00,115_STEAM_3,1.0
2030,sc01,01-22 17:00:00+01:00,101_CT_2,1.0
2030,sc01,01-22 17:00:00+01:00,102_STEAM_4,1.0
2030,sc01,01-22 17:00:00+01:00,123_CT_1,0.0
2030,sc01,01-22 17:00:00+01:00,116_STEAM_1,0.0
2030,sc01,01-22 17:00:00+01:00,123_CT_5,0.0
2030,sc01,01-22 17:00:00+01:00,102_STEAM_3,1.0
2030,sc01,01-22 17:00:00+01:00,123_STEAM_3,1.0
2030,sc01,01-22 17:00:00+01:00,113_CT_3,0.0
2030,sc01,01-22 17:00:00+01:00,101_STEAM_3,1.0
2030,sc01,01-22 17:00:00+01:00,123_CT_4,0.0
2030,sc01,01-22 17:00:00+01:00,113_CT_1,0.0
2030,sc01,01-22 17:00:00+01:00,123_STEAM_2,1.0
2030,sc01,01-22 17:00:00+01:00,102_CT_1,0.0
2030,sc01,01-22 17:00:00+01:00,113_CT_2,0.0
2030,sc01,01-22 17:00:00+01:00,113_CT_4,0.0
2030,sc01,01-22 17:00:00+01:00,115_STEAM_1,0.0
2030,sc01,01-22 17:00:00+01:00,115_STEAM_2,0.0
2030,sc01,01-22 17:00:00+01:00,121_NUCLEAR_1,0.6933333251100003
2030,sc01,01-22 17:00:00+01:00,118_CC_1,0.0
2030,sc01,01-22 17:00:00+01:00,107_CC_1,1.0
2030,sc01,01-22 19:00:00+01:00,102_CT_2,0.0
2030,sc01,01-22 19:00:00+01:00,101_CT_1,0.0
2030,sc01,01-22 19:00:00+01:00,101_STEAM_4,0.0
2030,sc01,01-22 19:00:00+01:00,115_STEAM_3,1.0
2030,sc01,01-22 19:00:00+01:00,101_CT_2,0.0
2030,sc01,01-22 19:00:00+01:00,102_STEAM_4,0.0
2030,sc01,01-22 19:00:00+01:00,123_CT_1,0.0
2030,sc01,01-22 19:00:00+01:00,116_STEAM_1,0.0
2030,sc01,01-22 19:00:00+01:00,123_CT_5,0.0
2030,sc01,01-22 19:00:00+01:00,102_STEAM_3,0.0
2030,sc01,01-22 19:00:00+01:00,123_STEAM_3,0.0
2030,sc01,01-22 19:00:00+01:00,113_CT_3,0.0
2030,sc01,01-22 19:00:00+01:00,101_STEAM_3,0.0
2030,sc01,01-22 19:00:00+01:00,123_CT_4,0.0
2030,sc01,01-22 19:00:00+01:00,113_CT_1,0.0
2030,sc01,01-22 19:00:00+01:00,123_STEAM_2,0.0
2030,sc01,01-22 19:00:00+01:00,102_CT_1,0.0
2030,sc01,01-22 19:00:00+01:00,113_CT_2,0.0
2030,sc01,01-22 19:00:00+01:00,113_CT_4,0.0
2030,sc01,01-22 19:00:00+01:00,115_STEAM_1,0.0
2030,sc01,01-22 19:00:00+01:00,115_STEAM_2,0.0
2030,sc01,01-22 19:00:00+01:00,121_NUCLEAR_1,0.0
2030,sc01,01-22 19:00:00+01:00,118_CC_1,0.0
2030,sc01,01-22 19:00:00+01:00,107_CC_1,0.26036266178370326
2030,sc01,01-22 20:00:00+01:00,102_CT_2,0.0
2030,sc01,01-22 20:00:00+01:00,101_CT_1,0.0
2030,sc01,01-22 20:00:00+01:00,101_STEAM_4,0.0
2030,sc01,01-22 20:00:00+01:00,115_STEAM_3,1.0
2030,sc01,01-22 20:00:00+01:00,101_CT_2,0.0
2030,sc01,01-22 20:00:00+01:00,102_STEAM_4,0.0
2030,sc01,01-22 20:00:00+01:00,123_CT_1,0.0
2030,sc01,01-22 20:00:00+01:00,116_STEAM_1,0.0
2030,sc01,01-22 20:00:00+01:00,123_CT_5,0.0
2030,sc01,01-22 20:00:00+01:00,102_STEAM_3,0.0
2030,sc01,01-22 20:00:00+01:00,123_STEAM_3,0.0
2030,sc01,01-22 20:00:00+01:00,113_CT_3,0.0
2030,sc01,01-22 20:00:00+01:00,101_STEAM_3,0.0
2030,sc01,01-22 20:00:00+01:00,123_CT_4,0.0
2030,sc01,01-22 20:00:00+01:00,113_CT_1,0.0
2030,sc01,01-22 20:00:00+01:00,123_STEAM_2,0.0
2030,sc01,01-22 20:00:00+01:00,102_CT_1,0.0
2030,sc01,01-22 20:00:00+01:00,113_CT_2,0.0
2030,sc01,01-22 20:00:00+01:00,113_CT_4,0.0
2030,sc01,01-22 20:00:00+01:00,115_STEAM_1,0.0
2030,sc01,01-22 20:00:00+01:00,115_STEAM_2,0.0
2030,sc01,01-22 20:00:00+01:00,121_NUCLEAR_1,0.0
2030,sc01,01-22 20:00:00+01:00,118_CC_1,0.0
2030,sc01,01-22 20:00:00+01:00,107_CC_1,0.3456489987845962
2030,sc01,01-23 07:00:00+01:00,102_CT_2,0.0
2030,sc01,01-23 07:00:00+01:00,101_CT_1,0.0
2030,sc01,01-23 07:00:00+01:00,101_STEAM_4,0.0
2030,sc01,01-23 07:00:00+01:00,115_STEAM_3,1.0
2030,sc01,01-23 07:00:00+01:00,101_CT_2,0.0
2030,sc01,01-23 07:00:00+01:00,102_STEAM_4,0.0
2030,sc01,01-23 07:00:00+01:00,123_CT_1,0.0
2030,sc01,01-23 07:00:00+01:00,116_STEAM_1,0.0
2030,sc01,01-23 07:00:00+01:00,123_CT_5,0.0
2030,sc01,01-23 07:00:00+01:00,102_STEAM_3,0.0
2030,sc01,01-23 07:00:00+01:00,123_STEAM_3,0.0
2030,sc01,01-23 07:00:00+01:00,113_CT_3,0.0
2030,sc01,01-23 07:00:00+01:00,101_STEAM_3,0.0
2030,sc01,01-23 07:00:00+01:00,123_CT_4,0.0
2030,sc01,01-23 07:00:00+01:00,113_CT_1,0.0
2030,sc01,01-23 07:00:00+01:00,123_STEAM_2,0.0
2030,sc01,01-23 07:00:00+01:00,102_CT_1,0.0
2030,sc01,01-23 07:00:00+01:00,113_CT_2,0.0
2030,sc01,01-23 07:00:00+01:00,113_CT_4,0.0
2030,sc01,01-23 07:00:00+01:00,115_STEAM_1,0.0
2030,sc01,01-23 07:00:00+01:00,115_STEAM_2,0.0
2030,sc01,01-23 07:00:00+01:00,121_NUCLEAR_1,0.0
2030,sc01,01-23 07:00:00+01:00,118_CC_1,0.0
2030,sc01,01-23 07:00:00+01:00,107_CC_1,0.46293649391758435
2030,sc01,01-23 08:00:00+01:00,102_CT_2,0.0
2030,sc01,01-23 08:00:00+01:00,101_CT_1,0.0
2030,sc01,01-23 08:00:00+01:00,101_STEAM_4,1.0
2030,sc01,01-23 08:00:00+01:00,115_STEAM_3,1.0
2030,sc01,01-23 08:00:00+01:00,101_CT_2,0.0
2030,sc01,01-23 08:00:00+01:00,102_STEAM_4,1.0
2030,sc01,01-23 08:00:00+01:00,123_CT_1,0.0
2030,sc01,01-23 08:00:00+01:00,116_STEAM_1,0.0
2030,sc01,01-23 08:00:00+01:00,123_CT_5,0.0
2030,sc01,01-23 08:00:00+01:00,102_STEAM_3,1.0
2030,sc01,01-23 08:00:00+01:00,123_STEAM_3,1.0
2030,sc01,01-23 08:00:00+01:00,113_CT_3,0.0
2030,sc01,01-23 08:00:00+01:00,101_STEAM_3,1.0
2030,sc01,01-23 08:00:00+01:00,123_CT_4,0.0
2030,sc01,01-23 08:00:00+01:00,113_CT_1,0.0
2030,sc01,01-23 08:00:00+01:00,123_STEAM_2,1.0
2030,sc01,01-23 08:00:00+01:00,102_CT_1,0.0
2030,sc01,01-23 08:00:00+01:00,113_CT_2,0.0
2030,sc01,01-23 08:00:00+01:00,113_CT_4,0.0
2030,sc01,01-23 08:00:00+01:00,115_STEAM_1,0.0
2030,sc01,01-23 08:00:00+01:00,115_STEAM_2,0.0
2030,sc01,01-23 08:00:00+01:00,121_NUCLEAR_1,1.0
2030,sc01,01-23 08:00:00+01:00,118_CC_1,0.28455732654191834
2030,sc01,01-23 08:00:00+01:00,107_CC_1,1.0
2030,sc01,01-23 09:00:00+01:00,102_CT_2,0.0
2030,sc01,01-23 09:00:00+01:00,101_CT_1,0.0
2030,sc01,01-23 09:00:00+01:00,101_STEAM_4,1.0
2030,sc01,01-23 09:00:00+01:00,115_STEAM_3,1.0
2030,sc01,01-23 09:00:00+01:00,101_CT_2,0.0
2030,sc01,01-23 09:00:00+01:00,102_STEAM_4,1.0
2030,sc01,01-23 09:00:00+01:00,123_CT_1,0.0
2030,sc01,01-23 09:00:00+01:00,116_STEAM_1,0.0
2030,sc01,01-23 09:00:00+01:00,123_CT_5,0.0
2030,sc01,01-23 09:00:00+01:00,102_STEAM_3,1.0
2030,sc01,01-23 09:00:00+01:00,123_STEAM_3,1.0
2030,sc01,01-23 09:00:00+01:00,113_CT_3,0.0
2030,sc01,01-23 09:00:00+01:00,101_STEAM_3,1.0
2030,sc01,01-23 09:00:00+01:00,123_CT_4,0.0
2030,sc01,01-23 09:00:00+01:00,113_CT_1,0.0
2030,sc01,01-23 09:00:00+01:00,123_STEAM_2,1.0
2030,sc01,01-23 09:00:00+01:00,102_CT_1,0.0
2030,sc01,01-23 09:00:00+01:00,113_CT_2,0.0
2030,sc01,01-23 09:00:00+01:00,113_CT_4,0.0
2030,sc01,01-23 09:00:00+01:00,115_STEAM_1,0.0
2030,sc01,01-23 09:00:00+01:00,115_STEAM_2,0.0
2030,sc01,01-23 09:00:00+01:00,121_NUCLEAR_1,1.0
2030,sc01,01-23 09:00:00+01:00,118_CC_1,0.7772690836457334
2030,sc01,01-23 09:00:00+01:00,107_CC_1,1.0
2030,sc01,01-23 10:00:00+01:00,102_CT_2,0.0
2030,sc01,01-23 10:00:00+01:00,101_CT_1,0.0
2030,sc01,01-23 10:00:00+01:00,101_STEAM_4,1.0
2030,sc01,01-23 10:00:00+01:00,115_STEAM_3,1.0
2030,sc01,01-23 10:00:00+01:00,101_CT_2,0.0
2030,sc01,01-23 10:00:00+01:00,102_STEAM_4,1.0
2030,sc01,01-23 10:00:00+01:00,123_CT_1,0.0
2030,sc01,01-23 10:00:00+01:00,116_STEAM_1,0.0
2030,sc01,01-23 10:00:00+01:00,123_CT_5,0.0
2030,sc01,01-23 10:00:00+01:00,102_STEAM_3,1.0
2030,sc01,01-23 10:00:00+01:00,123_STEAM_3,0.24923310363158047
2030,sc01,01-23 10:00:00+01:00,113_CT_3,0.0
2030,sc01,01-23 10:00:00+01:00,101_STEAM_3,1.0
2030,sc01,01-23 10:00:00+01:00,123_CT_4,0.0
2030,sc01,01-23 10:00:00+01:00,113_CT_1,0.0
2030,sc01,01-23 10:00:00+01:00,123_STEAM_2,1.0
2030,sc01,01-23 10:00:00+01:00,102_CT_1,0.0
2030,sc01,01-23 10:00:00+01:00,113_CT_2,0.0
2030,sc01,01-23 10:00:00+01:00,113_CT_4,0.0
2030,sc01,01-23 10:00:00+01:00,115_STEAM_1,0.0
2030,sc01,01-23 10:00:00+01:00,115_STEAM_2,0.0
2030,sc01,01-23 10:00:00+01:00,121_NUCLEAR_1,1.0
2030,sc01,01-23 10:00:00+01:00,118_CC_1,1.0
2030,sc01,01-23 10:00:00+01:00,107_CC_1,1.0
2030,sc01,01-23 11:00:00+01:00,102_CT_2,0.0
2030,sc01,01-23 11:00:00+01:00,101_CT_1,0.0
2030,sc01,01-23 11:00:00+01:00,101_STEAM_4,1.0
2030,sc01,01-23 11:00:00+01:00,115_STEAM_3,1.0
2030,sc01,01-23 11:00:00+01:00,101_CT_2,0.0
2030,sc01,01-23 11:00:00+01:00,102_STEAM_4,1.0
2030,sc01,01-23 11:00:00+01:00,123_CT_1,0.0
2030,sc01,01-23 11:00:00+01:00,116_STEAM_1,0.0
2030,sc01,01-23 11:00:00+01:00,123_CT_5,0.0
2030,sc01,01-23 11:00:00+01:00,102_STEAM_3,1.0
2030,sc01,01-23 11:00:00+01:00,123_STEAM_3,0.0
2030,sc01,01-23 11:00:00+01:00,113_CT_3,0.0
2030,sc01,01-23 11:00:00+01:00,101_STEAM_3,1.0
2030,sc01,01-23 11:00:00+01:00,123_CT_4,0.0
2030,sc01,01-23 11:00:00+01:00,113_CT_1,0.0
2030,sc01,01-23 11:00:00+01:00,123_STEAM_2,0.6687260428498503
2030,sc01,01-23 11:00:00+01:00,102_CT_1,0.0
2030,sc01,01-23 11:00:00+01:00,113_CT_2,0.0
2030,sc01,01-23 11:00:00+01:00,113_CT_4,0.0
2030,sc01,01-23 11:00:00+01:00,115_STEAM_1,0.0
2030,sc01,01-23 11:00:00+01:00,115_STEAM_2,0.0
2030,sc01,01-23 11:00:00+01:00,121_NUCLEAR_1,1.0
2030,sc01,01-23 11:00:00+01:00,118_CC_1,1.0
2030,sc01,01-23 11:00:00+01:00,107_CC_1,1.0
2030,sc01,01-23 12:00:00+01:00,102_CT_2,0.0
2030,sc01,01-23 12:00:00+01:00,101_CT_1,0.0
2030,sc01,01-23 12:00:00+01:00,101_STEAM_4,1.0
2030,sc01,01-23 12:00:00+01:00,115_STEAM_3,1.0
2030,sc01,01-23 12:00:00+01:00,101_CT_2,0.0
2030,sc01,01-23 12:00:00+01:00,102_STEAM_4,0.0
2030,sc01,01-23 12:00:00+01:00,123_CT_1,0.0
2030,sc01,01-23 12:00:00+01:00,116_STEAM_1,0.0
2030,sc01,01-23 12:00:00+01:00,123_CT_5,0.0
2030,sc01,01-23 12:00:00+01:00,102_STEAM_3,0.0
2030,sc01,01-23 12:00:00+01:00,123_STEAM_3,0.0
2030,sc01,01-23 12:00:00+01:00,113_CT_3,0.0
2030,sc01,01-23 12:00:00+01:00,101_STEAM_3,1.0
2030,sc01,01-23 12:00:00+01:00,123_CT_4,0.0
2030,sc01,01-23 12:00:00+01:00,113_CT_1,0.0
2030,sc01,01-23 12:00:00+01:00,123_STEAM_2,0.5938643170930399
2030,sc01,01-23 12:00:00+01:00,102_CT_1,0.0
2030,sc01,01-23 12:00:00+01:00,113_CT_2,0.0
2030,sc01,01-23 12:00:00+01:00,113_CT_4,0.0
2030,sc01,01-23 12:00:00+01:00,115_STEAM_1,0.0
2030,sc01,01-23 12:00:00+01:00,115_STEAM_2,0.0
2030,sc01,01-23 12:00:00+01:00,121_NUCLEAR_1,1.0
2030,sc01,01-23 12:00:00+01:00,118_CC_1,1.0
2030,sc01,01-23 12:00:00+01:00,107_CC_1,1.0
2030,sc01,01-23 14:00:00+01:00,102_CT_2,0.0
2030,sc01,01-23 14:00:00+01:00,101_CT_1,0.0
2030,sc01,01-23 14:00:00+01:00,101_STEAM_4,1.0
2030,sc01,01-23 14:00:00+01:00,115_STEAM_3,1.0
2030,sc01,01-23 14:00:00+01:00,101_CT_2,0.0
2030,sc01,01-23 14:00:00+01:00,102_STEAM_4,0.0
2030,sc01,01-23 14:00:00+01:00,123_CT_1,0.0
2030,sc01,01-23 14:00:00+01:00,116_STEAM_1,0.0
2030,sc01,01-23 14:00:00+01:00,123_CT_5,0.0
2030,sc01,01-23 14:00:00+01:00,102_STEAM_3,0.0
2030,sc01,01-23 14:00:00+01:00,123_STEAM_3,0.4437397706365575
2030,sc01,01-23 14:00:00+01:00,113_CT_3,0.0
2030,sc01,01-23 14:00:00+01:00,101_STEAM_3,1.0
2030,sc01,01-23 14:00:00+01:00,123_CT_4,0.0
2030,sc01,01-23 14:00:00+01:00,113_CT_1,0.0
2030,sc01,01-23 14:00:00+01:00,123_STEAM_2,1.0
2030,sc01,01-23 14:00:00+01:00,102_CT_1,0.0
2030,sc01,01-23 14:00:00+01:00,113_CT_2,0.0
2030,sc01,01-23 14:00:00+01:00,113_CT_4,0.0
2030,sc01,01-23 14:00:00+01:00,115_STEAM_1,0.0
2030,sc01,01-23 14:00:00+01:00,115_STEAM_2,0.0
2030,sc01,01-23 14:00:00+01:00,121_NUCLEAR_1,1.0
2030,sc01,01-23 14:00:00+01:00,118_CC_1,1.0
2030,sc01,01-23 14:00:00+01:00,107_CC_1,1.0
2030,sc01,01-23 15:00:00+01:00,102_CT_2,0.0
2030,sc01,01-23 15:00:00+01:00,101_CT_1,0.0
2030,sc01,01-23 15:00:00+01:00,101_STEAM_4,1.0
2030,sc01,01-23 15:00:00+01:00,115_STEAM_3,1.0
2030,sc01,01-23 15:00:00+01:00,101_CT_2,0.0
2030,sc01,01-23 15:00:00+01:00,102_STEAM_4,0.0
2030,sc01,01-23 15:00:00+01:00,123_CT_1,0.0
2030,sc01,01-23 15:00:00+01:00,116_STEAM_1,0.0
2030,sc01,01-23 15:00:00+01:00,123_CT_5,0.0
2030,sc01,01-23 15:00:00+01:00,102_STEAM_3,0.0
2030,sc01,01-23 15:00:00+01:00,123_STEAM_3,1.0
2030,sc01,01-23 15:00:00+01:00,113_CT_3,0.0
2030,sc01,01-23 15:00:00+01:00,101_STEAM_3,1.0
2030,sc01,01-23 15:00:00+01:00,123_CT_4,0.0
2030,sc01,01-23 15:00:00+01:00,113_CT_1,0.0
2030,sc01,01-23 15:00:00+01:00,123_STEAM_2,1.0
2030,sc01,01-23 15:00:00+01:00,102_CT_1,0.0
2030,sc01,01-23 15:00:00+01:00,113_CT_2,0.0
2030,sc01,01-23 15:00:00+01:00,113_CT_4,0.0
2030,sc01,01-23 15:00:00+01:00,115_STEAM_1,0.0
2030,sc01,01-23 15:00:00+01:00,115_STEAM_2,0.0
2030,sc01,01-23 15:00:00+01:00,121_NUCLEAR_1,1.0
2030,sc01,01-23 15:00:00+01:00,118_CC_1,1.0
2030,sc01,01-23 15:00:00+01:00,107_CC_1,1.0
2030,sc01,01-23 16:00:00+01:00,102_CT_2,0.0
2030,sc01,01-23 16:00:00+01:00,101_CT_1,0.0
2030,sc01,01-23 16:00:00+01:00,101_STEAM_4,1.0
2030,sc01,01-23 16:00:00+01:00,115_STEAM_3,1.0
2030,sc01,01-23 16:00:00+01:00,101_CT_2,0.0
2030,sc01,01-23 16:00:00+01:00,102_STEAM_4,0.0
2030,sc01,01-23 16:00:00+01:00,123_CT_1,0.0
2030,sc01,01-23 16:00:00+01:00,116_STEAM_1,0.006180735414697249
2030,sc01,01-23 16:00:00+01:00,123_CT_5,0.0
2030,sc01,01-23 16:00:00+01:00,102_STEAM_3,0.043744159169705615
2030,sc01,01-23 16:00:00+01:00,123_STEAM_3,1.0
2030,sc01,01-23 16:00:00+01:00,113_CT_3,0.0
2030,sc01,01-23 16:00:00+01:00,101_STEAM_3,1.0
2030,sc01,01-23 16:00:00+01:00,123_CT_4,0.0
2030,sc01,01-23 16:00:00+01:00,113_CT_1,0.0
2030,sc01,01-23 16:00:00+01:00,123_STEAM_2,1.0
2030,sc01,01-23 16:00:00+01:00,102_CT_1,0.0
2030,sc01,01-23 16:00:00+01:00,113_CT_2,0.0
2030,sc01,01-23 16:00:00+01:00,113_CT_4,0.0
2030,sc01,01-23 16:00:00+01:00,115_STEAM_1,0.0
2030,sc01,01-23 16:00:00+01:00,115_STEAM_2,0.0
2030,sc01,01-23 16:00:00+01:00,121_NUCLEAR_1,1.0
2030,sc01,01-23 16:00:00+01:00,118_CC_1,1.0
2030,sc01,01-23 16:00:00+01:00,107_CC_1,1.0
2030,sc01,01-23 18:00:00+01:00,102_CT_2,0.0
2030,sc01,01-23 18:00:00+01:00,101_CT_1,0.0
2030,sc01,01-23 18:00:00+01:00,101_STEAM_4,0.0
2030,sc01,01-23 18:00:00+01:00,115_STEAM_3,1.0
2030,sc01,01-23 18:00:00+01:00,101_CT_2,0.0
2030,sc01,01-23 18:00:00+01:00,102_STEAM_4,0.0
2030,sc01,01-23 18:00:00+01:00,123_CT_1,0.0
2030,sc01,01-23 18:00:00+01:00,116_STEAM_1,0.0
2030,sc01,01-23 18:00:00+01:00,123_CT_5,0.0
2030,sc01,01-23 18:00:00+01:00,102_STEAM_3,0.0
2030,sc01,01-23 18:00:00+01:00,123_STEAM_3,0.0
2030,sc01,01-23 18:00:00+01:00,113_CT_3,0.0
2030,sc01,01-23 18:00:00+01:00,101_STEAM_3,0.0
2030,sc01,01-23 18:00:00+01:00,123_CT_4,0.0
2030,sc01,01-23 18:00:00+01:00,113_CT_1,0.0
2030,sc01,01-23 18:00:00+01:00,123_STEAM_2,0.0
2030,sc01,01-23 18:00:00+01:00,102_CT_1,0.0
2030,sc01,01-23 18:00:00+01:00,113_CT_2,0.0
2030,sc01,01-23 18:00:00+01:00,113_CT_4,0.0
2030,sc01,01-23 18:00:00+01:00,115_STEAM_1,0.0
2030,sc01,01-23 18:00:00+01:00,115_STEAM_2,0.0
2030,sc01,01-23 18:00:00+01:00,121_NUCLEAR_1,1.0
2030,sc01,01-23 18:00:00+01:00,118_CC_1,0.04855435648395718
2030,sc01,01-23 18:00:00+01:00,107_CC_1,1.0
2030,sc01,01-23 20:00:00+01:00,102_CT_2,0.0
2030,sc01,01-23 20:00:00+01:00,101_CT_1,0.0
2030,sc01,01-23 20:00:00+01:00,101_STEAM_4,0.0
2030,sc01,01-23 20:00:00+01:00,115_STEAM_3,0.5778482624865433
2030,sc01,01-23 20:00:00+01:00,101_CT_2,0.0
2030,sc01,01-23 20:00:00+01:00,102_STEAM_4,0.0
2030,sc01,01-23 20:00:00+01:00,123_CT_1,0.0
2030,sc01,01-23 20:00:00+01:00,116_STEAM_1,0.0
2030,sc01,01-23 20:00:00+01:00,123_CT_5,0.0
2030,sc01,01-23 20:00:00+01:00,102_STEAM_3,0.0
2030,sc01,01-23 20:00:00+01:00,123_STEAM_3,0.0
2030,sc01,01-23 20:00:00+01:00,113_CT_3,0.0
2030,sc01,01-23 20:00:00+01:00,101_STEAM_3,0.0
2030,sc01,01-23 20:00:00+01:00,123_CT_4,0.0
2030,sc01,01-23 20:00:00+01:00,113_CT_1,0.0
2030,sc01,01-23 20:00:00+01:00,123_STEAM_2,0.0
2030,sc01,01-23 20:00:00+01:00,102_CT_1,0.0
2030,sc01,01-23 20:00:00+01:00,113_CT_2,0.0
2030,sc01,01-23 20:00:00+01:00,113_CT_4,0.0
2030,sc01,01-23 20:00:00+01:00,115_STEAM_1,0.0
2030,sc01,01-23 20:00:00+01:00,115_STEAM_2,0.0
2030,sc01,01-23 20:00:00+01:00,121_NUCLEAR_1,0.8114037196159137
2030,sc01,01-23 20:00:00+01:00,118_CC_1,0.0
2030,sc01,01-23 20:00:00+01:00,107_CC_1,1.0
2030,sc01,01-24 08:00:00+01:00,102_CT_2,0.0
2030,sc01,01-24 08:00:00+01:00,101_CT_1,0.0
2030,sc01,01-24 08:00:00+01:00,101_STEAM_4,1.0
2030,sc01,01-24 08:00:00+01:00,115_STEAM_3,1.0
2030,sc01,01-24 08:00:00+01:00,101_CT_2,0.0
2030,sc01,01-24 08:00:00+01:00,102_STEAM_4,1.0
2030,sc01,01-24 08:00:00+01:00,123_CT_1,0.0
2030,sc01,01-24 08:00:00+01:00,116_STEAM_1,1.0
2030,sc01,01-24 08:00:00+01:00,123_CT_5,0.0
2030,sc01,01-24 08:00:00+01:00,102_STEAM_3,1.0
2030,sc01,01-24 08:00:00+01:00,123_STEAM_3,1.0
2030,sc01,01-24 08:00:00+01:00,113_CT_3,0.0
2030,sc01,01-24 08:00:00+01:00,101_STEAM_3,1.0
2030,sc01,01-24 08:00:00+01:00,123_CT_4,0.0
2030,sc01,01-24 08:00:00+01:00,113_CT_1,0.0
2030,sc01,01-24 08:00:00+01:00,123_STEAM_2,1.0
2030,sc01,01-24 08:00:00+01:00,102_CT_1,0.0
2030,sc01,01-24 08:00:00+01:00,113_CT_2,0.0
2030,sc01,01-24 08:00:00+01:00,113_CT_4,0.0
2030,sc01,01-24 08:00:00+01:00,115_STEAM_1,0.0
2030,sc01,01-24 08:00:00+01:00,115_STEAM_2,0.0
2030,sc01,01-24 08:00:00+01:00,121_NUCLEAR_1,1.0
2030,sc01,01-24 08:00:00+01:00,118_CC_1,1.0
2030,sc01,01-24 08:00:00+01:00,107_CC_1,1.0
2030,sc01,01-24 09:00:00+01:00,102_CT_2,0.0
2030,sc01,01-24 09:00:00+01:00,101_CT_1,0.0
2030,sc01,01-24 09:00:00+01:00,101_STEAM_4,0.0
2030,sc01,01-24 09:00:00+01:00,115_STEAM_3,1.0
2030,sc01,01-24 09:00:00+01:00,101_CT_2,0.0
2030,sc01,01-24 09:00:00+01:00,102_STEAM_4,1.0
2030,sc01,01-24 09:00:00+01:00,123_CT_1,0.0
2030,sc01,01-24 09:00:00+01:00,116_STEAM_1,1.0
2030,sc01,01-24 09:00:00+01:00,123_CT_5,0.0
2030,sc01,01-24 09:00:00+01:00,102_STEAM_3,1.0
2030,sc01,01-24 09:00:00+01:00,123_STEAM_3,1.0
2030,sc01,01-24 09:00:00+01:00,113_CT_3,0.0
2030,sc01,01-24 09:00:00+01:00,101_STEAM_3,0.06781770462065088
2030,sc01,01-24 09:00:00+01:00,123_CT_4,0.0
2030,sc01,01-24 09:00:00+01:00,113_CT_1,0.0
2030,sc01,01-24 09:00:00+01:00,123_STEAM_2,1.0
2030,sc01,01-24 09:00:00+01:00,102_CT_1,0.0
2030,sc01,01-24 09:00:00+01:00,113_CT_2,0.0
2030,sc01,01-24 09:00:00+01:00,113_CT_4,0.0
2030,sc01,01-24 09:00:00+01:00,115_STEAM_1,0.0
2030,sc01,01-24 09:00:00+01:00,115_STEAM_2,0.0
2030,sc01,01-24 09:00:00+01:00,121_NUCLEAR_1,1.0
2030,sc01,01-24 09:00:00+01:00,118_CC_1,1.0
2030,sc01,01-24 09:00:00+01:00,107_CC_1,1.0
2030,sc01,01-24 10:00:00+01:00,102_CT_2,0.0
2030,sc01,01-24 10:00:00+01:00,101_CT_1,0.0
2030,sc01,01-24 10:00:00+01:00,101_STEAM_4,0.0
2030,sc01,01-24 10:00:00+01:00,115_STEAM_3,1.0
2030,sc01,01-24 10:00:00+01:00,101_CT_2,0.0
2030,sc01,01-24 10:00:00+01:00,102_STEAM_4,0.06164427342741615
2030,sc01,01-24 10:00:00+01:00,123_CT_1,0.0
2030,sc01,01-24 10:00:00+01:00,116_STEAM_1,1.0
2030,sc01,01-24 10:00:00+01:00,123_CT_5,0.0
2030,sc01,01-24 10:00:00+01:00,102_STEAM_3,0.0
2030,sc01,01-24 10:00:00+01:00,123_STEAM_3,1.0
2030,sc01,01-24 10:00:00+01:00,113_CT_3,0.0
2030,sc01,01-24 10:00:00+01:00,101_STEAM_3,0.0
2030,sc01,01-24 10:00:00+01:00,123_CT_4,0.0
2030,sc01,01-24 10:00:00+01:00,113_CT_1,0.0
2030,sc01,01-24 10:00:00+01:00,123_STEAM_2,1.0
2030,sc01,01-24 10:00:00+01:00,102_CT_1,0.0
2030,sc01,01-24 10:00:00+01:00,113_CT_2,0.0
2030,sc01,01-24 10:00:00+01:00,113_CT_4,0.0
2030,sc01,01-24 10:00:00+01:00,115_STEAM_1,0.0
2030,sc01,01-24 10:00:00+01:00,115_STEAM_2,0.0
2030,sc01,01-24 10:00:00+01:00,121_NUCLEAR_1,1.0
2030,sc01,01-24 10:00:00+01:00,118_CC_1,1.0
2030,sc01,01-24 10:00:00+01:00,107_CC_1,1.0
2030,sc01,01-24 11:00:00+01:00,102_CT_2,0.0
2030,sc01,01-24 11:00:00+01:00,101_CT_1,0.0
2030,sc01,01-24 11:00:00+01:00,101_STEAM_4,0.0
2030,sc01,01-24 11:00:00+01:00,115_STEAM_3,1.0
2030,sc01,01-24 11:00:00+01:00,101_CT_2,0.0
2030,sc01,01-24 11:00:00+01:00,102_STEAM_4,0.0
2030,sc01,01-24 11:00:00+01:00,123_CT_1,0.0
2030,sc01,01-24 11:00:00+01:00,116_STEAM_1,1.0
2030,sc01,01-24 11:00:00+01:00,123_CT_5,0.0
2030,sc01,01-24 11:00:00+01:00,102_STEAM_3,0.0
2030,sc01,01-24 11:00:00+01:00,123_STEAM_3,1.0
2030,sc01,01-24 11:00:00+01:00,113_CT_3,0.0
2030,sc01,01-24 11:00:00+01:00,101_STEAM_3,0.0
2030,sc01,01-24 11:00:00+01:00,123_CT_4,0.0
2030,sc01,01-24 11:00:00+01:00,113_CT_1,0.0
2030,sc01,01-24 11:00:00+01:00,123_STEAM_2,1.0
2030,sc01,01-24 11:00:00+01:00,102_CT_1,0.0
2030,sc01,01-24 11:00:00+01:00,113_CT_2,0.0
2030,sc01,01-24 11:00:00+01:00,113_CT_4,0.0
2030,sc01,01-24 11:00:00+01:00,115_STEAM_1,0.0
2030,sc01,01-24 11:00:00+01:00,115_STEAM_2,0.0
2030,sc01,01-24 11:00:00+01:00,121_NUCLEAR_1,1.0
2030,sc01,01-24 11:00:00+01:00,118_CC_1,1.0
2030,sc01,01-24 11:00:00+01:00,107_CC_1,1.0
2030,sc01,01-24 16:00:00+01:00,102_CT_2,0.0
2030,sc01,01-24 16:00:00+01:00,101_CT_1,0.0
2030,sc01,01-24 16:00:00+01:00,101_STEAM_4,0.0
2030,sc01,01-24 16:00:00+01:00,115_STEAM_3,1.0
2030,sc01,01-24 16:00:00+01:00,101_CT_2,0.0
2030,sc01,01-24 16:00:00+01:00,102_STEAM_4,0.9156277377960627
2030,sc01,01-24 16:00:00+01:00,123_CT_1,0.0
2030,sc01,01-24 16:00:00+01:00,116_STEAM_1,1.0
2030,sc01,01-24 16:00:00+01:00,123_CT_5,0.0
2030,sc01,01-24 16:00:00+01:00,102_STEAM_3,0.0
2030,sc01,01-24 16:00:00+01:00,123_STEAM_3,1.0
2030,sc01,01-24 16:00:00+01:00,113_CT_3,0.0
2030,sc01,01-24 16:00:00+01:00,101_STEAM_3,0.0
2030,sc01,01-24 16:00:00+01:00,123_CT_4,0.0
2030,sc01,01-24 16:00:00+01:00,113_CT_1,0.0
2030,sc01,01-24 16:00:00+01:00,123_STEAM_2,1.0
2030,sc01,01-24 16:00:00+01:00,102_CT_1,0.0
2030,sc01,01-24 16:00:00+01:00,113_CT_2,0.0
2030,sc01,01-24 16:00:00+01:00,113_CT_4,0.0
2030,sc01,01-24 16:00:00+01:00,115_STEAM_1,0.0
2030,sc01,01-24 16:00:00+01:00,115_STEAM_2,0.0
2030,sc01,01-24 16:00:00+01:00,121_NUCLEAR_1,1.0
2030,sc01,01-24 16:00:00+01:00,118_CC_1,1.0
2030,sc01,01-24 16:00:00+01:00,107_CC_1,1.0
2030,sc01,01-24 17:00:00+01:00,102_CT_2,0.0
2030,sc01,01-24 17:00:00+01:00,101_CT_1,0.0
2030,sc01,01-24 17:00:00+01:00,101_STEAM_4,1.0
2030,sc01,01-24 17:00:00+01:00,115_STEAM_3,1.0
2030,sc01,01-24 17:00:00+01:00,101_CT_2,0.0
2030,sc01,01-24 17:00:00+01:00,102_STEAM_4,1.0
2030,sc01,01-24 17:00:00+01:00,123_CT_1,0.0
2030,sc01,01-24 17:00:00+01:00,116_STEAM_1,1.0
2030,sc01,01-24 17:00:00+01:00,123_CT_5,0.0
2030,sc01,01-24 17:00:00+01:00,102_STEAM_3,1.0
2030,sc01,01-24 17:00:00+01:00,123_STEAM_3,1.0
2030,sc01,01-24 17:00:00+01:00,113_CT_3,0.0
2030,sc01,01-24 17:00:00+01:00,101_STEAM_3,1.0
2030,sc01,01-24 17:00:00+01:00,123_CT_4,0.0
2030,sc01,01-24 17:00:00+01:00,113_CT_1,0.0
2030,sc01,01-24 17:00:00+01:00,123_STEAM_2,1.0
2030,sc01,01-24 17:00:00+01:00,102_CT_1,0.0
2030,sc01,01-24 17:00:00+01:00,113_CT_2,0.0
2030,sc01,01-24 17:00:00+01:00,113_CT_4,0.0
2030,sc01,01-24 17:00:00+01:00,115_STEAM_1,0.0
2030,sc01,01-24 17:00:00+01:00,115_STEAM_2,0.0
2030,sc01,01-24 17:00:00+01:00,121_NUCLEAR_1,1.0
2030,sc01,01-24 17:00:00+01:00,118_CC_1,1.0
2030,sc01,01-24 17:00:00+01:00,107_CC_1,1.0
2030,sc01,01-24 20:00:00+01:00,102_CT_2,0.0
2030,sc01,01-24 20:00:00+01:00,101_CT_1,0.0
2030,sc01,01-24 20:00:00+01:00,101_STEAM_4,0.0
2030,sc01,01-24 20:00:00+01:00,115_STEAM_3,0.0
2030,sc01,01-24 20:00:00+01:00,101_CT_2,0.0
2030,sc01,01-24 20:00:00+01:00,102_STEAM_4,0.0
2030,sc01,01-24 20:00:00+01:00,123_CT_1,0.0
2030,sc01,01-24 20:00:00+01:00,116_STEAM_1,0.0
2030,sc01,01-24 20:00:00+01:00,123_CT_5,0.0
2030,sc01,01-24 20:00:00+01:00,102_STEAM_3,0.0
2030,sc01,01-24 20:00:00+01:00,123_STEAM_3,0.0
2030,sc01,01-24 20:00:00+01:00,113_CT_3,0.0
2030,sc01,01-24 20:00:00+01:00,101_STEAM_3,0.0
2030,sc01,01-24 20:00:00+01:00,123_CT_4,0.0
2030,sc01,01-24 20:00:00+01:00,113_CT_1,0.0
2030,sc01,01-24 20:00:00+01:00,123_STEAM_2,0.0
2030,sc01,01-24 20:00:00+01:00,102_CT_1,0.0
2030,sc01,01-24 20:00:00+01:00,113_CT_2,0.0
2030,sc01,01-24 20:00:00+01:00,113_CT_4,0.0
2030,sc01,01-24 20:00:00+01:00,115_STEAM_1,0.0
2030,sc01,01-24 20:00:00+01:00,115_STEAM_2,0.0
2030,sc01,01-24 20:00:00+01:00,121_NUCLEAR_1,1.0
2030,sc01,01-24 20:00:00+01:00,118_CC_1,0.6365796746425739
2030,sc01,01-24 20:00:00+01:00,107_CC_1,1.0
2030,sc01,01-25 07:00:00+01:00,102_CT_2,0.0
2030,sc01,01-25 07:00:00+01:00,101_CT_1,0.0
2030,sc01,01-25 07:00:00+01:00,101_STEAM_4,0.0
2030,sc01,01-25 07:00:00+01:00,115_STEAM_3,1.0
2030,sc01,01-25 07:00:00+01:00,101_CT_2,0.0
2030,sc01,01-25 07:00:00+01:00,102_STEAM_4,0.0
2030,sc01,01-25 07:00:00+01:00,123_CT_1,0.0
2030,sc01,01-25 07:00:00+01:00,116_STEAM_1,0.0
2030,sc01,01-25 07:00:00+01:00,123_CT_5,0.0
2030,sc01,01-25 07:00:00+01:00,102_STEAM_3,0.0
2030,sc01,01-25 07:00:00+01:00,123_STEAM_3,0.0
2030,sc01,01-25 07:00:00+01:00,113_CT_3,0.0
2030,sc01,01-25 07:00:00+01:00,101_STEAM_3,0.0
2030,sc01,01-25 07:00:00+01:00,123_CT_4,0.0
2030,sc01,01-25 07:00:00+01:00,113_CT_1,0.0
2030,sc01,01-25 07:00:00+01:00,123_STEAM_2,0.0
2030,sc01,01-25 07:00:00+01:00,102_CT_1,0.0
2030,sc01,01-25 07:00:00+01:00,113_CT_2,0.0
2030,sc01,01-25 07:00:00+01:00,113_CT_4,0.0
2030,sc01,01-25 07:00:00+01:00,115_STEAM_1,0.0
2030,sc01,01-25 07:00:00+01:00,115_STEAM_2,0.0
2030,sc01,01-25 07:00:00+01:00,121_NUCLEAR_1,1.0
2030,sc01,01-25 07:00:00+01:00,118_CC_1,1.0
2030,sc01,01-25 07:00:00+01:00,107_CC_1,1.0
2030,sc01,01-25 08:00:00+01:00,102_CT_2,0.0
2030,sc01,01-25 08:00:00+01:00,101_CT_1,0.0
2030,sc01,01-25 08:00:00+01:00,101_STEAM_4,1.0
2030,sc01,01-25 08:00:00+01:00,115_STEAM_3,1.0
2030,sc01,01-25 08:00:00+01:00,101_CT_2,0.0
2030,sc01,01-25 08:00:00+01:00,102_STEAM_4,1.0
2030,sc01,01-25 08:00:00+01:00,123_CT_1,0.0
2030,sc01,01-25 08:00:00+01:00,116_STEAM_1,1.0
2030,sc01,01-25 08:00:00+01:00,123_CT_5,0.0
2030,sc01,01-25 08:00:00+01:00,102_STEAM_3,1.0
2030,sc01,01-25 08:00:00+01:00,123_STEAM_3,1.0
2030,sc01,01-25 08:00:00+01:00,113_CT_3,0.0
2030,sc01,01-25 08:00:00+01:00,101_STEAM_3,1.0
2030,sc01,01-25 08:00:00+01:00,123_CT_4,0.0
2030,sc01,01-25 08:00:00+01:00,113_CT_1,0.0
2030,sc01,01-25 08:00:00+01:00,123_STEAM_2,1.0
2030,sc01,01-25 08:00:00+01:00,102_CT_1,0.0
2030,sc01,01-25 08:00:00+01:00,113_CT_2,0.0
2030,sc01,01-25 08:00:00+01:00,113_CT_4,0.0
2030,sc01,01-25 08:00:00+01:00,115_STEAM_1,0.0
2030,sc01,01-25 08:00:00+01:00,115_STEAM_2,0.0
2030,sc01,01-25 08:00:00+01:00,121_NUCLEAR_1,1.0
2030,sc01,01-25 08:00:00+01:00,118_CC_1,1.0
2030,sc01,01-25 08:00:00+01:00,107_CC_1,1.0
2030,sc01,01-25 09:00:00+01:00,102_CT_2,0.0
2030,sc01,01-25 09:00:00+01:00,101_CT_1,0.0
2030,sc01,01-25 09:00:00+01:00,101_STEAM_4,0.0
2030,sc01,01-25 09:00:00+01:00,115_STEAM_3,1.0
2030,sc01,01-25 09:00:00+01:00,101_CT_2,0.0
2030,sc01,01-25 09:00:00+01:00,102_STEAM_4,1.0
2030,sc01,01-25 09:00:00+01:00,123_CT_1,0.0
2030,sc01,01-25 09:00:00+01:00,116_STEAM_1,1.0
2030,sc01,01-25 09:00:00+01:00,123_CT_5,0.0
2030,sc01,01-25 09:00:00+01:00,102_STEAM_3,1.0
2030,sc01,01-25 09:00:00+01:00,123_STEAM_3,1.0
2030,sc01,01-25 09:00:00+01:00,113_CT_3,0.0
2030,sc01,01-25 09:00:00+01:00,101_STEAM_3,0.048109073803970066
2030,sc01,01-25 09:00:00+01:00,123_CT_4,0.0
2030,sc01,01-25 09:00:00+01:00,113_CT_1,0.0
2030,sc01,01-25 09:00:00+01:00,123_STEAM_2,1.0
2030,sc01,01-25 09:00:00+01:00,102_CT_1,0.0
2030,sc01,01-25 09:00:00+01:00,113_CT_2,0.0
2030,sc01,01-25 09:00:00+01:00,113_CT_4,0.0
2030,sc01,01-25 09:00:00+01:00,115_STEAM_1,0.0
2030,sc01,01-25 09:00:00+01:00,115_STEAM_2,0.0
2030,sc01,01-25 09:00:00+01:00,121_NUCLEAR_1,1.0
2030,sc01,01-25 09:00:00+01:00,118_CC_1,1.0
2030,sc01,01-25 09:00:00+01:00,107_CC_1,1.0
2030,sc01,01-25 10:00:00+01:00,102_CT_2,0.0
2030,sc01,01-25 10:00:00+01:00,101_CT_1,0.0
2030,sc01,01-25 10:00:00+01:00,101_STEAM_4,0.0
2030,sc01,01-25 10:00:00+01:00,115_STEAM_3,1.0
2030,sc01,01-25 10:00:00+01:00,101_CT_2,0.0
2030,sc01,01-25 10:00:00+01:00,102_STEAM_4,0.08988778925176531
2030,sc01,01-25 10:00:00+01:00,123_CT_1,0.0
2030,sc01,01-25 10:00:00+01:00,116_STEAM_1,1.0
2030,sc01,01-25 10:00:00+01:00,123_CT_5,0.0
2030,sc01,01-25 10:00:00+01:00,102_STEAM_3,0.0
2030,sc01,01-25 10:00:00+01:00,123_STEAM_3,1.0
2030,sc01,01-25 10:00:00+01:00,113_CT_3,0.0
2030,sc01,01-25 10:00:00+01:00,101_STEAM_3,0.0
2030,sc01,01-25 10:00:00+01:00,123_CT_4,0.0
2030,sc01,01-25 10:00:00+01:00,113_CT_1,0.0
2030,sc01,01-25 10:00:00+01:00,123_STEAM_2,1.0
2030,sc01,01-25 10:00:00+01:00,102_CT_1,0.0
2030,sc01,01-25 10:00:00+01:00,113_CT_2,0.0
2030,sc01,01-25 10:00:00+01:00,113_CT_4,0.0
2030,sc01,01-25 10:00:00+01:00,115_STEAM_1,0.0
2030,sc01,01-25 10:00:00+01:00,115_STEAM_2,0.0
2030,sc01,01-25 10:00:00+01:00,121_NUCLEAR_1,1.0
2030,sc01,01-25 10:00:00+01:00,118_CC_1,1.0
2030,sc01,01-25 10:00:00+01:00,107_CC_1,1.0
2030,sc01,01-25 17:00:00+01:00,102_CT_2,0.0
2030,sc01,01-25 17:00:00+01:00,101_CT_1,0.0
2030,sc01,01-25 17:00:00+01:00,101_STEAM_4,1.0
2030,sc01,01-25 17:00:00+01:00,115_STEAM_3,1.0
2030,sc01,01-25 17:00:00+01:00,101_CT_2,0.0
2030,sc01,01-25 17:00:00+01:00,102_STEAM_4,1.0
2030,sc01,01-25 17:00:00+01:00,123_CT_1,0.0
2030,sc01,01-25 17:00:00+01:00,116_STEAM_1,0.0
2030,sc01,01-25 17:00:00+01:00,123_CT_5,0.0
2030,sc01,01-25 17:00:00+01:00,102_STEAM_3,1.0
2030,sc01,01-25 17:00:00+01:00,123_STEAM_3,0.9328390413969548
2030,sc01,01-25 17:00:00+01:00,113_CT_3,0.0
2030,sc01,01-25 17:00:00+01:00,101_STEAM_3,1.0
2030,sc01,01-25 17:00:00+01:00,123_CT_4,0.0
2030,sc01,01-25 17:00:00+01:00,113_CT_1,0.0
2030,sc01,01-25 17:00:00+01:00,123_STEAM_2,1.0
2030,sc01,01-25 17:00:00+01:00,102_CT_1,0.0
2030,sc01,01-25 17:00:00+01:00,113_CT_2,0.0
2030,sc01,01-25 17:00:00+01:00,113_CT_4,0.0
2030,sc01,01-25 17:00:00+01:00,115_STEAM_1,0.0
2030,sc01,01-25 17:00:00+01:00,115_STEAM_2,0.0
2030,sc01,01-25 17:00:00+01:00,121_NUCLEAR_1,0.8910366936204406
2030,sc01,01-25 17:00:00+01:00,118_CC_1,0.0
2030,sc01,01-25 17:00:00+01:00,107_CC_1,1.0
2030,sc01,01-25 18:00:00+01:00,102_CT_2,0.0
2030,sc01,01-25 18:00:00+01:00,101_CT_1,0.0
2030,sc01,01-25 18:00:00+01:00,101_STEAM_4,0.0
2030,sc01,01-25 18:00:00+01:00,115_STEAM_3,1.0
2030,sc01,01-25 18:00:00+01:00,101_CT_2,0.0
2030,sc01,01-25 18:00:00+01:00,102_STEAM_4,0.0
2030,sc01,01-25 18:00:00+01:00,123_CT_1,0.0
2030,sc01,01-25 18:00:00+01:00,116_STEAM_1,0.0
2030,sc01,01-25 18:00:00+01:00,123_CT_5,0.0
2030,sc01,01-25 18:00:00+01:00,102_STEAM_3,0.0
2030,sc01,01-25 18:00:00+01:00,123_STEAM_3,0.0
2030,sc01,01-25 18:00:00+01:00,113_CT_3,0.0
2030,sc01,01-25 18:00:00+01:00,101_STEAM_3,0.0
2030,sc01,01-25 18:00:00+01:00,123_CT_4,0.0
2030,sc01,01-25 18:00:00+01:00,113_CT_1,0.0
2030,sc01,01-25 18:00:00+01:00,123_STEAM_2,0.0
2030,sc01,01-25 18:00:00+01:00,102_CT_1,0.0
2030,sc01,01-25 18:00:00+01:00,113_CT_2,0.0
2030,sc01,01-25 18:00:00+01:00,113_CT_4,0.0
2030,sc01,01-25 18:00:00+01:00,115_STEAM_1,0.0
2030,sc01,01-25 18:00:00+01:00,115_STEAM_2,0.0
2030,sc01,01-25 18:00:00+01:00,121_NUCLEAR_1,0.0
2030,sc01,01-25 18:00:00+01:00,118_CC_1,0.0
2030,sc01,01-25 18:00:00+01:00,107_CC_1,0.012015310899122129
2030,sc01,01-25 19:00:00+01:00,102_CT_2,0.0
2030,sc01,01-25 19:00:00+01:00,101_CT_1,0.0
2030,sc01,01-25 19:00:00+01:00,101_STEAM_4,0.0
2030,sc01,01-25 19:00:00+01:00,115_STEAM_3,1.0
2030,sc01,01-25 19:00:00+01:00,101_CT_2,0.0
2030,sc01,01-25 19:00:00+01:00,102_STEAM_4,0.0
2030,sc01,01-25 19:00:00+01:00,123_CT_1,0.0
2030,sc01,01-25 19:00:00+01:00,116_STEAM_1,0.0
2030,sc01,01-25 19:00:00+01:00,123_CT_5,0.0
2030,sc01,01-25 19:00:00+01:00,102_STEAM_3,0.0
2030,sc01,01-25 19:00:00+01:00,123_STEAM_3,0.0
2030,sc01,01-25 19:00:00+01:00,113_CT_3,0.0
2030,sc01,01-25 19:00:00+01:00,101_STEAM_3,0.0
2030,sc01,01-25 19:00:00+01:00,123_CT_4,0.0
2030,sc01,01-25 19:00:00+01:00,113_CT_1,0.0
2030,sc01,01-25 19:00:00+01:00,123_STEAM_2,0.0
2030,sc01,01-25 19:00:00+01:00,102_CT_1,0.0
2030,sc01,01-25 19:00:00+01:00,113_CT_2,0.0
2030,sc01,01-25 19:00:00+01:00,113_CT_4,0.0
2030,sc01,01-25 19:00:00+01:00,115_STEAM_1,0.0
2030,sc01,01-25 19:00:00+01:00,115_STEAM_2,0.0
2030,sc01,01-25 19:00:00+01:00,121_NUCLEAR_1,0.0
2030,sc01,01-25 19:00:00+01:00,118_CC_1,0.0
2030,sc01,01-25 19:00:00+01:00,107_CC_1,0.058307759685368596
2030,sc01,01-28 07:00:00+01:00,102_CT_2,0.0
2030,sc01,01-28 07:00:00+01:00,101_CT_1,0.0
2030,sc01,01-28 07:00:00+01:00,101_STEAM_4,0.0
2030,sc01,01-28 07:00:00+01:00,115_STEAM_3,0.28117251050419567
2030,sc01,01-28 07:00:00+01:00,101_CT_2,0.0
2030,sc01,01-28 07:00:00+01:00,102_STEAM_4,0.0
2030,sc01,01-28 07:00:00+01:00,123_CT_1,0.0
2030,sc01,01-28 07:00:00+01:00,116_STEAM_1,0.0
2030,sc01,01-28 07:00:00+01:00,123_CT_5,0.0
2030,sc01,01-28 07:00:00+01:00,102_STEAM_3,0.0
2030,sc01,01-28 07:00:00+01:00,123_STEAM_3,0.0
2030,sc01,01-28 07:00:00+01:00,113_CT_3,0.0
2030,sc01,01-28 07:00:00+01:00,101_STEAM_3,0.0
2030,sc01,01-28 07:00:00+01:00,123_CT_4,0.0
2030,sc01,01-28 07:00:00+01:00,113_CT_1,0.0
2030,sc01,01-28 07:00:00+01:00,123_STEAM_2,0.0
2030,sc01,01-28 07:00:00+01:00,102_CT_1,0.0
2030,sc01,01-28 07:00:00+01:00,113_CT_2,0.0
2030,sc01,01-28 07:00:00+01:00,113_CT_4,0.0
2030,sc01,01-28 07:00:00+01:00,115_STEAM_1,0.0
2030,sc01,01-28 07:00:00+01:00,115_STEAM_2,0.0
2030,sc01,01-28 07:00:00+01:00,121_NUCLEAR_1,0.5800807115254067
2030,sc01,01-28 07:00:00+01:00,118_CC_1,0.0
2030,sc01,01-28 07:00:00+01:00,107_CC_1,1.0
2030,sc01,01-28 08:00:00+01:00,102_CT_2,0.0
2030,sc01,01-28 08:00:00+01:00,101_CT_1,0.0
2030,sc01,01-28 08:00:00+01:00,101_STEAM_4,1.0
2030,sc01,01-28 08:00:00+01:00,115_STEAM_3,1.0
2030,sc01,01-28 08:00:00+01:00,101_CT_2,0.0
2030,sc01,01-28 08:00:00+01:00,102_STEAM_4,1.0
2030,sc01,01-28 08:00:00+01:00,123_CT_1,0.0
2030,sc01,01-28 08:00:00+01:00,116_STEAM_1,0.0
2030,sc01,01-28 08:00:00+01:00,123_CT_5,0.0
2030,sc01,01-28 08:00:00+01:00,102_STEAM_3,1.0
2030,sc01,01-28 08:00:00+01:00,123_STEAM_3,1.0
2030,sc01,01-28 08:00:00+01:00,113_CT_3,0.0
2030,sc01,01-28 08:00:00+01:00,101_STEAM_3,1.0
2030,sc01,01-28 08:00:00+01:00,123_CT_4,0.0
2030,sc01,01-28 08:00:00+01:00,113_CT_1,0.0
2030,sc01,01-28 08:00:00+01:00,123_STEAM_2,1.0
2030,sc01,01-28 08:00:00+01:00,102_CT_1,0.0
2030,sc01,01-28 08:00:00+01:00,113_CT_2,0.0
2030,sc01,01-28 08:00:00+01:00,113_CT_4,0.0
2030,sc01,01-28 08:00:00+01:00,115_STEAM_1,0.0
2030,sc01,01-28 08:00:00+01:00,115_STEAM_2,0.0
2030,sc01,01-28 08:00:00+01:00,121_NUCLEAR_1,1.0
2030,sc01,01-28 08:00:00+01:00,118_CC_1,1.0
2030,sc01,01-28 08:00:00+01:00,107_CC_1,1.0
2030,sc01,01-28 09:00:00+01:00,102_CT_2,0.0
2030,sc01,01-28 09:00:00+01:00,101_CT_1,0.0
2030,sc01,01-28 09:00:00+01:00,101_STEAM_4,1.0
2030,sc01,01-28 09:00:00+01:00,115_STEAM_3,1.0
2030,sc01,01-28 09:00:00+01:00,101_CT_2,0.0
2030,sc01,01-28 09:00:00+01:00,102_STEAM_4,1.0
2030,sc01,01-28 09:00:00+01:00,123_CT_1,0.0
2030,sc01,01-28 09:00:00+01:00,116_STEAM_1,0.0
2030,sc01,01-28 09:00:00+01:00,123_CT_5,0.0
2030,sc01,01-28 09:00:00+01:00,102_STEAM_3,1.0
2030,sc01,01-28 09:00:00+01:00,123_STEAM_3,0.8795415573412194
2030,sc01,01-28 09:00:00+01:00,113_CT_3,0.0
2030,sc01,01-28 09:00:00+01:00,101_STEAM_3,1.0
2030,sc01,01-28 09:00:00+01:00,123_CT_4,0.0
2030,sc01,01-28 09:00:00+01:00,113_CT_1,0.0
2030,sc01,01-28 09:00:00+01:00,123_STEAM_2,1.0
2030,sc01,01-28 09:00:00+01:00,102_CT_1,0.0
2030,sc01,01-28 09:00:00+01:00,113_CT_2,0.0
2030,sc01,01-28 09:00:00+01:00,113_CT_4,0.0
2030,sc01,01-28 09:00:00+01:00,115_STEAM_1,0.0
2030,sc01,01-28 09:00:00+01:00,115_STEAM_2,0.0
2030,sc01,01-28 09:00:00+01:00,121_NUCLEAR_1,1.0
2030,sc01,01-28 09:00:00+01:00,118_CC_1,1.0
2030,sc01,01-28 09:00:00+01:00,107_CC_1,1.0
2030,sc01,01-28 17:00:00+01:00,102_CT_2,0.0
2030,sc01,01-28 17:00:00+01:00,101_CT_1,0.0
2030,sc01,01-28 17:00:00+01:00,101_STEAM_4,1.0
2030,sc01,01-28 17:00:00+01:00,115_STEAM_3,1.0
2030,sc01,01-28 17:00:00+01:00,101_CT_2,0.0
2030,sc01,01-28 17:00:00+01:00,102_STEAM_4,1.0
2030,sc01,01-28 17:00:00+01:00,123_CT_1,0.0
2030,sc01,01-28 17:00:00+01:00,116_STEAM_1,0.0
2030,sc01,01-28 17:00:00+01:00,123_CT_5,0.0
2030,sc01,01-28 17:00:00+01:00,102_STEAM_3,1.0
2030,sc01,01-28 17:00:00+01:00,123_STEAM_3,1.0
2030,sc01,01-28 17:00:00+01:00,113_CT_3,0.0
2030,sc01,01-28 17:00:00+01:00,101_STEAM_3,1.0
2030,sc01,01-28 17:00:00+01:00,123_CT_4,0.0
2030,sc01,01-28 17:00:00+01:00,113_CT_1,0.0
2030,sc01,01-28 17:00:00+01:00,123_STEAM_2,1.0
2030,sc01,01-28 17:00:00+01:00,102_CT_1,0.0
2030,sc01,01-28 17:00:00+01:00,113_CT_2,0.0
2030,sc01,01-28 17:00:00+01:00,113_CT_4,0.0
2030,sc01,01-28 17:00:00+01:00,115_STEAM_1,0.0
2030,sc01,01-28 17:00:00+01:00,115_STEAM_2,0.0
2030,sc01,01-28 17:00:00+01:00,121_NUCLEAR_1,1.0
2030,sc01,01-28 17:00:00+01:00,118_CC_1,0.5104818564245839
2030,sc01,01-28 17:00:00+01:00,107_CC_1,1.0
2030,sc01,01-28 18:00:00+01:00,102_CT_2,0.0
2030,sc01,01-28 18:00:00+01:00,101_CT_1,0.0
2030,sc01,01-28 18:00:00+01:00,101_STEAM_4,0.0
2030,sc01,01-28 18:00:00+01:00,115_STEAM_3,0.0
2030,sc01,01-28 18:00:00+01:00,101_CT_2,0.0
2030,sc01,01-28 18:00:00+01:00,102_STEAM_4,0.0
2030,sc01,01-28 18:00:00+01:00,123_CT_1,0.0
2030,sc01,01-28 18:00:00+01:00,116_STEAM_1,0.0
2030,sc01,01-28 18:00:00+01:00,123_CT_5,0.0
2030,sc01,01-28 18:00:00+01:00,102_STEAM_3,0.0
2030,sc01,01-28 18:00:00+01:00,123_STEAM_3,0.0
2030,sc01,01-28 18:00:00+01:00,113_CT_3,0.0
2030,sc01,01-28 18:00:00+01:00,101_STEAM_3,0.0
2030,sc01,01-28 18:00:00+01:00,123_CT_4,0.0
2030,sc01,01-28 18:00:00+01:00,113_CT_1,0.0
2030,sc01,01-28 18:00:00+01:00,123_STEAM_2,0.0
2030,sc01,01-28 18:00:00+01:00,102_CT_1,0.0
2030,sc01,01-28 18:00:00+01:00,113_CT_2,0.0
2030,sc01,01-28 18:00:00+01:00,113_CT_4,0.0
2030,sc01,01-28 18:00:00+01:00,115_STEAM_1,0.0
2030,sc01,01-28 18:00:00+01:00,115_STEAM_2,0.0
2030,sc01,01-28 18:00:00+01:00,121_NUCLEAR_1,0.035838208448228215
2030,sc01,01-28 18:00:00+01:00,118_CC_1,0.0
2030,sc01,01-28 18:00:00+01:00,107_CC_1,0.9671630395277143
2030,sc01,01-28 20:00:00+01:00,102_CT_2,0.0
2030,sc01,01-28 20:00:00+01:00,101_CT_1,0.0
2030,sc01,01-28 20:00:00+01:00,101_STEAM_4,0.0
2030,sc01,01-28 20:00:00+01:00,115_STEAM_3,0.0
2030,sc01,01-28 20:00:00+01:00,101_CT_2,0.0
2030,sc01,01-28 20:00:00+01:00,102_STEAM_4,0.0
2030,sc01,01-28 20:00:00+01:00,123_CT_1,0.0
2030,sc01,01-28 20:00:00+01:00,116_STEAM_1,0.0
2030,sc01,01-28 20:00:00+01:00,123_CT_5,0.0
2030,sc01,01-28 20:00:00+01:00,102_STEAM_3,0.0
2030,sc01,01-28 20:00:00+01:00,123_STEAM_3,0.0
2030,sc01,01-28 20:00:00+01:00,113_CT_3,0.0
2030,sc01,01-28 20:00:00+01:00,101_STEAM_3,0.0
2030,sc01,01-28 20:00:00+01:00,123_CT_4,0.0
2030,sc01,01-28 20:00:00+01:00,113_CT_1,0.0
2030,sc01,01-28 20:00:00+01:00,123_STEAM_2,0.0
2030,sc01,01-28 20:00:00+01:00,102_CT_1,0.0
2030,sc01,01-28 20:00:00+01:00,113_CT_2,0.0
2030,sc01,01-28 20:00:00+01:00,113_CT_4,0.0
2030,sc01,01-28 20:00:00+01:00,115_STEAM_1,0.0
2030,sc01,01-28 20:00:00+01:00,115_STEAM_2,0.0
2030,sc01,01-28 20:00:00+01:00,121_NUCLEAR_1,0.14441469313786956
2030,sc01,01-28 20:00:00+01:00,118_CC_1,0.0
2030,sc01,01-28 20:00:00+01:00,107_CC_1,1.0
2030,sc01,01-29 08:00:00+01:00,102_CT_2,0.0
2030,sc01,01-29 08:00:00+01:00,101_CT_1,0.0
2030,sc01,01-29 08:00:00+01:00,101_STEAM_4,1.0
2030,sc01,01-29 08:00:00+01:00,115_STEAM_3,1.0
2030,sc01,01-29 08:00:00+01:00,101_CT_2,0.0
2030,sc01,01-29 08:00:00+01:00,102_STEAM_4,1.0
2030,sc01,01-29 08:00:00+01:00,123_CT_1,0.0
2030,sc01,01-29 08:00:00+01:00,116_STEAM_1,1.0
2030,sc01,01-29 08:00:00+01:00,123_CT_5,0.0
2030,sc01,01-29 08:00:00+01:00,102_STEAM_3,1.0
2030,sc01,01-29 08:00:00+01:00,123_STEAM_3,1.0
2030,sc01,01-29 08:00:00+01:00,113_CT_3,0.0
2030,sc01,01-29 08:00:00+01:00,101_STEAM_3,1.0
2030,sc01,01-29 08:00:00+01:00,123_CT_4,0.0
2030,sc01,01-29 08:00:00+01:00,113_CT_1,0.0
2030,sc01,01-29 08:00:00+01:00,123_STEAM_2,1.0
2030,sc01,01-29 08:00:00+01:00,102_CT_1,0.0
2030,sc01,01-29 08:00:00+01:00,113_CT_2,0.0
2030,sc01,01-29 08:00:00+01:00,113_CT_4,0.0
2030,sc01,01-29 08:00:00+01:00,115_STEAM_1,0.0
2030,sc01,01-29 08:00:00+01:00,115_STEAM_2,0.0
2030,sc01,01-29 08:00:00+01:00,121_NUCLEAR_1,1.0
2030,sc01,01-29 08:00:00+01:00,118_CC_1,1.0
2030,sc01,01-29 08:00:00+01:00,107_CC_1,1.0
2030,sc01,01-29 17:00:00+01:00,102_CT_2,0.0
2030,sc01,01-29 17:00:00+01:00,101_CT_1,0.0
2030,sc01,01-29 17:00:00+01:00,101_STEAM_4,1.0
2030,sc01,01-29 17:00:00+01:00,115_STEAM_3,1.0
2030,sc01,01-29 17:00:00+01:00,101_CT_2,0.0
2030,sc01,01-29 17:00:00+01:00,102_STEAM_4,0.6517562835848496
2030,sc01,01-29 17:00:00+01:00,123_CT_1,0.0
2030,sc01,01-29 17:00:00+01:00,116_STEAM_1,0.0
2030,sc01,01-29 17:00:00+01:00,123_CT_5,0.0
2030,sc01,01-29 17:00:00+01:00,102_STEAM_3,1.0
2030,sc01,01-29 17:00:00+01:00,123_STEAM_3,1.0
2030,sc01,01-29 17:00:00+01:00,113_CT_3,0.0
2030,sc01,01-29 17:00:00+01:00,101_STEAM_3,1.0
2030,sc01,01-29 17:00:00+01:00,123_CT_4,0.0
2030,sc01,01-29 17:00:00+01:00,113_CT_1,0.0
2030,sc01,01-29 17:00:00+01:00,123_STEAM_2,1.0
2030,sc01,01-29 17:00:00+01:00,102_CT_1,0.0
2030,sc01,01-29 17:00:00+01:00,113_CT_2,0.0
2030,sc01,01-29 17:00:00+01:00,113_CT_4,0.0
2030,sc01,01-29 17:00:00+01:00,115_STEAM_1,0.0
2030,sc01,01-29 17:00:00+01:00,115_STEAM_2,0.0
2030,sc01,01-29 17:00:00+01:00,121_NUCLEAR_1,1.0
2030,sc01,01-29 17:00:00+01:00,118_CC_1,1.0
2030,sc01,01-29 17:00:00+01:00,107_CC_1,1.0
2030,sc01,01-29 18:00:00+01:00,102_CT_2,0.0
2030,sc01,01-29 18:00:00+01:00,101_CT_1,0.0
2030,sc01,01-29 18:00:00+01:00,101_STEAM_4,0.0
2030,sc01,01-29 18:00:00+01:00,115_STEAM_3,0.0
2030,sc01,01-29 18:00:00+01:00,101_CT_2,0.0
2030,sc01,01-29 18:00:00+01:00,102_STEAM_4,0.0
2030,sc01,01-29 18:00:00+01:00,123_CT_1,0.0
2030,sc01,01-29 18:00:00+01:00,116_STEAM_1,0.0
2030,sc01,01-29 18:00:00+01:00,123_CT_5,0.0
2030,sc01,01-29 18:00:00+01:00,102_STEAM_3,0.0
2030,sc01,01-29 18:00:00+01:00,123_STEAM_3,0.0
2030,sc01,01-29 18:00:00+01:00,113_CT_3,0.0
2030,sc01,01-29 18:00:00+01:00,101_STEAM_3,0.0
2030,sc01,01-29 18:00:00+01:00,123_CT_4,0.0
2030,sc01,01-29 18:00:00+01:00,113_CT_1,0.0
2030,sc01,01-29 18:00:00+01:00,123_STEAM_2,0.0
2030,sc01,01-29 18:00:00+01:00,102_CT_1,0.0
2030,sc01,01-29 18:00:00+01:00,113_CT_2,0.0
2030,sc01,01-29 18:00:00+01:00,113_CT_4,0.0
2030,sc01,01-29 18:00:00+01:00,115_STEAM_1,0.0
2030,sc01,01-29 18:00:00+01:00,115_STEAM_2,0.0
2030,sc01,01-29 18:00:00+01:00,121_NUCLEAR_1,0.4644349538820503
2030,sc01,01-29 18:00:00+01:00,118_CC_1,0.0
2030,sc01,01-29 18:00:00+01:00,107_CC_1,1.0
2030,sc01,01-29 19:00:00+01:00,102_CT_2,0.0
2030,sc01,01-29 19:00:00+01:00,101_CT_1,0.0
2030,sc01,01-29 19:00:00+01:00,101_STEAM_4,0.0
2030,sc01,01-29 19:00:00+01:00,115_STEAM_3,0.0
2030,sc01,01-29 19:00:00+01:00,101_CT_2,0.0
2030,sc01,01-29 19:00:00+01:00,102_STEAM_4,0.0
2030,sc01,01-29 19:00:00+01:00,123_CT_1,0.0
2030,sc01,01-29 19:00:00+01:00,116_STEAM_1,0.0
2030,sc01,01-29 19:00:00+01:00,123_CT_5,0.0
2030,sc01,01-29 19:00:00+01:00,102_STEAM_3,0.0
2030,sc01,01-29 19:00:00+01:00,123_STEAM_3,0.0
2030,sc01,01-29 19:00:00+01:00,113_CT_3,0.0
2030,sc01,01-29 19:00:00+01:00,101_STEAM_3,0.0
2030,sc01,01-29 19:00:00+01:00,123_CT_4,0.0
2030,sc01,01-29 19:00:00+01:00,113_CT_1,0.0
2030,sc01,01-29 19:00:00+01:00,123_STEAM_2,0.0
2030,sc01,01-29 19:00:00+01:00,102_CT_1,0.0
2030,sc01,01-29 19:00:00+01:00,113_CT_2,0.0
2030,sc01,01-29 19:00:00+01:00,113_CT_4,0.0
2030,sc01,01-29 19:00:00+01:00,115_STEAM_1,0.0
2030,sc01,01-29 19:00:00+01:00,115_STEAM_2,0.0
2030,sc01,01-29 19:00:00+01:00,121_NUCLEAR_1,0.2932021918616828
2030,sc01,01-29 19:00:00+01:00,118_CC_1,0.0
2030,sc01,01-29 19:00:00+01:00,107_CC_1,0.5051277679949345
2030,sc01,01-29 20:00:00+01:00,102_CT_2,0.0
2030,sc01,01-29 20:00:00+01:00,101_CT_1,0.0
2030,sc01,01-29 20:00:00+01:00,101_STEAM_4,0.0
2030,sc01,01-29 20:00:00+01:00,115_STEAM_3,0.0
2030,sc01,01-29 20:00:00+01:00,101_CT_2,0.0
2030,sc01,01-29 20:00:00+01:00,102_STEAM_4,0.0
2030,sc01,01-29 20:00:00+01:00,123_CT_1,0.0
2030,sc01,01-29 20:00:00+01:00,116_STEAM_1,0.0
2030,sc01,01-29 20:00:00+01:00,123_CT_5,0.0
2030,sc01,01-29 20:00:00+01:00,102_STEAM_3,0.0
2030,sc01,01-29 20:00:00+01:00,123_STEAM_3,0.0
2030,sc01,01-29 20:00:00+01:00,113_CT_3,0.0
2030,sc01,01-29 20:00:00+01:00,101_STEAM_3,0.0
2030,sc01,01-29 20:00:00+01:00,123_CT_4,0.0
2030,sc01,01-29 20:00:00+01:00,113_CT_1,0.0
2030,sc01,01-29 20:00:00+01:00,123_STEAM_2,0.0
2030,sc01,01-29 20:00:00+01:00,102_CT_1,0.0
2030,sc01,01-29 20:00:00+01:00,113_CT_2,0.0
2030,sc01,01-29 20:00:00+01:00,113_CT_4,0.0
2030,sc01,01-29 20:00:00+01:00,115_STEAM_1,0.0
2030,sc01,01-29 20:00:00+01:00,115_STEAM_2,0.0
2030,sc01,01-29 20:00:00+01:00,121_NUCLEAR_1,0.12361690838128654
2030,sc01,01-29 20:00:00+01:00,118_CC_1,0.0
2030,sc01,01-29 20:00:00+01:00,107_CC_1,0.49969014881251383
2030,sc01,01-30 08:00:00+01:00,102_CT_2,0.0
2030,sc01,01-30 08:00:00+01:00,101_CT_1,0.0
2030,sc01,01-30 08:00:00+01:00,101_STEAM_4,1.0
2030,sc01,01-30 08:00:00+01:00,115_STEAM_3,1.0
2030,sc01,01-30 08:00:00+01:00,101_CT_2,0.0
2030,sc01,01-30 08:00:00+01:00,102_STEAM_4,1.0
2030,sc01,01-30 08:00:00+01:00,123_CT_1,0.0
2030,sc01,01-30 08:00:00+01:00,116_STEAM_1,0.0
2030,sc01,01-30 08:00:00+01:00,123_CT_5,0.0
2030,sc01,01-30 08:00:00+01:00,102_STEAM_3,1.0
2030,sc01,01-30 08:00:00+01:00,123_STEAM_3,0.9253154112201363
2030,sc01,01-30 08:00:00+01:00,113_CT_3,0.0
2030,sc01,01-30 08:00:00+01:00,101_STEAM_3,1.0
2030,sc01,01-30 08:00:00+01:00,123_CT_4,0.0
2030,sc01,01-30 08:00:00+01:00,113_CT_1,0.0
2030,sc01,01-30 08:00:00+01:00,123_STEAM_2,1.0
2030,sc01,01-30 08:00:00+01:00,102_CT_1,0.0
2030,sc01,01-30 08:00:00+01:00,113_CT_2,0.0
2030,sc01,01-30 08:00:00+01:00,113_CT_4,0.0
2030,sc01,01-30 08:00:00+01:00,115_STEAM_1,0.0
2030,sc01,01-30 08:00:00+01:00,115_STEAM_2,0.0
2030,sc01,01-30 08:00:00+01:00,121_NUCLEAR_1,1.0
2030,sc01,01-30 08:00:00+01:00,118_CC_1,0.9644330838144363
2030,sc01,01-30 08:00:00+01:00,107_CC_1,1.0
2030,sc01,01-30 09:00:00+01:00,102_CT_2,0.0
2030,sc01,01-30 09:00:00+01:00,101_CT_1,0.0
2030,sc01,01-30 09:00:00+01:00,101_STEAM_4,1.0
2030,sc01,01-30 09:00:00+01:00,115_STEAM_3,1.0
2030,sc01,01-30 09:00:00+01:00,101_CT_2,0.0
2030,sc01,01-30 09:00:00+01:00,102_STEAM_4,1.0
2030,sc01,01-30 09:00:00+01:00,123_CT_1,0.0
2030,sc01,01-30 09:00:00+01:00,116_STEAM_1,0.0
2030,sc01,01-30 09:00:00+01:00,123_CT_5,0.0
2030,sc01,01-30 09:00:00+01:00,102_STEAM_3,1.0
2030,sc01,01-30 09:00:00+01:00,123_STEAM_3,0.0
2030,sc01,01-30 09:00:00+01:00,113_CT_3,0.0
2030,sc01,01-30 09:00:00+01:00,101_STEAM_3,1.0
2030,sc01,01-30 09:00:00+01:00,123_CT_4,0.0
2030,sc01,01-30 09:00:00+01:00,113_CT_1,0.0
2030,sc01,01-30 09:00:00+01:00,123_STEAM_2,0.0
2030,sc01,01-30 09:00:00+01:00,102_CT_1,0.0
2030,sc01,01-30 09:00:00+01:00,113_CT_2,0.0
2030,sc01,01-30 09:00:00+01:00,113_CT_4,0.0
2030,sc01,01-30 09:00:00+01:00,115_STEAM_1,0.0
2030,sc01,01-30 09:00:00+01:00,115_STEAM_2,0.0
2030,sc01,01-30 09:00:00+01:00,121_NUCLEAR_1,1.0
2030,sc01,01-30 09:00:00+01:00,118_CC_1,0.9354877795400075
2030,sc01,01-30 09:00:00+01:00,107_CC_1,1.0
2030,sc01,01-30 11:00:00+01:00,102_CT_2,0.0
2030,sc01,01-30 11:00:00+01:00,101_CT_1,0.0
2030,sc01,01-30 11:00:00+01:00,101_STEAM_4,0.38527247954002486
2030,sc01,01-30 11:00:00+01:00,115_STEAM_3,1.0
2030,sc01,01-30 11:00:00+01:00,101_CT_2,0.0
2030,sc01,01-30 11:00:00+01:00,102_STEAM_4,0.0
2030,sc01,01-30 11:00:00+01:00,123_CT_1,0.0
2030,sc01,01-30 11:00:00+01:00,116_STEAM_1,0.0
2030,sc01,01-30 11:00:00+01:00,123_CT_5,0.0
2030,sc01,01-30 11:00:00+01:00,102_STEAM_3,0.0
2030,sc01,01-30 11:00:00+01:00,123_STEAM_3,0.0
2030,sc01,01-30 11:00:00+01:00,113_CT_3,0.0
2030,sc01,01-30 11:00:00+01:00,101_STEAM_3,0.0
2030,sc01,01-30 11:00:00+01:00,123_CT_4,0.0
2030,sc01,01-30 11:00:00+01:00,113_CT_1,0.0
2030,sc01,01-30 11:00:00+01:00,123_STEAM_2,0.0
2030,sc01,01-30 11:00:00+01:00,102_CT_1,0.0
2030,sc01,01-30 11:00:00+01:00,113_CT_2,0.0
2030,sc01,01-30 11:00:00+01:00,113_CT_4,0.0
2030,sc01,01-30 11:00:00+01:00,115_STEAM_1,0.0
2030,sc01,01-30 11:00:00+01:00,115_STEAM_2,0.0
2030,sc01,01-30 11:00:00+01:00,121_NUCLEAR_1,1.0
2030,sc01,01-30 11:00:00+01:00,118_CC_1,0.6414452191332296
2030,sc01,01-30 11:00:00+01:00,107_CC_1,1.0
2030,sc01,01-30 19:00:00+01:00,102_CT_2,0.0
2030,sc01,01-30 19:00:00+01:00,101_CT_1,0.0
2030,sc01,01-30 19:00:00+01:00,101_STEAM_4,0.0
2030,sc01,01-30 19:00:00+01:00,115_STEAM_3,1.0
2030,sc01,01-30 19:00:00+01:00,101_CT_2,0.0
2030,sc01,01-30 19:00:00+01:00,102_STEAM_4,0.0
2030,sc01,01-30 19:00:00+01:00,123_CT_1,0.0
2030,sc01,01-30 19:00:00+01:00,116_STEAM_1,0.0
2030,sc01,01-30 19:00:00+01:00,123_CT_5,0.0
2030,sc01,01-30 19:00:00+01:00,102_STEAM_3,0.0
2030,sc01,01-30 19:00:00+01:00,123_STEAM_3,0.0
2030,sc01,01-30 19:00:00+01:00,113_CT_3,0.0
2030,sc01,01-30 19:00:00+01:00,101_STEAM_3,0.0
2030,sc01,01-30 19:00:00+01:00,123_CT_4,0.0
2030,sc01,01-30 19:00:00+01:00,113_CT_1,0.0
2030,sc01,01-30 19:00:00+01:00,123_STEAM_2,0.0
2030,sc01,01-30 19:00:00+01:00,102_CT_1,0.0
2030,sc01,01-30 19:00:00+01:00,113_CT_2,0.0
2030,sc01,01-30 19:00:00+01:00,113_CT_4,0.0
2030,sc01,01-30 19:00:00+01:00,115_STEAM_1,0.0
2030,sc01,01-30 19:00:00+01:00,115_STEAM_2,0.0
2030,sc01,01-30 19:00:00+01:00,121_NUCLEAR_1,0.0
2030,sc01,01-30 19:00:00+01:00,118_CC_1,0.0
2030,sc01,01-30 19:00:00+01:00,107_CC_1,0.21619646465631992
2030,sc01,01-31 07:00:00+01:00,102_CT_2,0.0
2030,sc01,01-31 07:00:00+01:00,101_CT_1,0.0
2030,sc01,01-31 07:00:00+01:00,101_STEAM_4,0.0
2030,sc01,01-31 07:00:00+01:00,115_STEAM_3,1.0
2030,sc01,01-31 07:00:00+01:00,101_CT_2,0.0
2030,sc01,01-31 07:00:00+01:00,102_STEAM_4,0.0
2030,sc01,01-31 07:00:00+01:00,123_CT_1,0.0
2030,sc01,01-31 07:00:00+01:00,116_STEAM_1,0.0
2030,sc01,01-31 07:00:00+01:00,123_CT_5,0.0
2030,sc01,01-31 07:00:00+01:00,102_STEAM_3,0.0
2030,sc01,01-31 07:00:00+01:00,123_STEAM_3,0.0
2030,sc01,01-31 07:00:00+01:00,113_CT_3,0.0
2030,sc01,01-31 07:00:00+01:00,101_STEAM_3,0.0
2030,sc01,01-31 07:00:00+01:00,123_CT_4,0.0
2030,sc01,01-31 07:00:00+01:00,113_CT_1,0.0
2030,sc01,01-31 07:00:00+01:00,123_STEAM_2,0.0
2030,sc01,01-31 07:00:00+01:00,102_CT_1,0.0
2030,sc01,01-31 07:00:00+01:00,113_CT_2,0.0
2030,sc01,01-31 07:00:00+01:00,113_CT_4,0.0
2030,sc01,01-31 07:00:00+01:00,115_STEAM_1,0.0
2030,sc01,01-31 07:00:00+01:00,115_STEAM_2,0.0
2030,sc01,01-31 07:00:00+01:00,121_NUCLEAR_1,0.0
2030,sc01,01-31 07:00:00+01:00,118_CC_1,0.0
2030,sc01,01-31 07:00:00+01:00,107_CC_1,0.0
2030,sc01,01-31 08:00:00+01:00,102_CT_2,0.0
2030,sc01,01-31 08:00:00+01:00,101_CT_1,0.0
2030,sc01,01-31 08:00:00+01:00,101_STEAM_4,1.0
2030,sc01,01-31 08:00:00+01:00,115_STEAM_3,1.0
2030,sc01,01-31 08:00:00+01:00,101_CT_2,0.0
2030,sc01,01-31 08:00:00+01:00,102_STEAM_4,1.0
2030,sc01,01-31 08:00:00+01:00,123_CT_1,0.0
2030,sc01,01-31 08:00:00+01:00,116_STEAM_1,0.0
2030,sc01,01-31 08:00:00+01:00,123_CT_5,0.0
2030,sc01,01-31 08:00:00+01:00,102_STEAM_3,1.0
2030,sc01,01-31 08:00:00+01:00,123_STEAM_3,1.0
2030,sc01,01-31 08:00:00+01:00,113_CT_3,0.0
2030,sc01,01-31 08:00:00+01:00,101_STEAM_3,1.0
2030,sc01,01-31 08:00:00+01:00,123_CT_4,0.0
2030,sc01,01-31 08:00:00+01:00,113_CT_1,0.0
2030,sc01,01-31 08:00:00+01:00,123_STEAM_2,1.0
2030,sc01,01-31 08:00:00+01:00,102_CT_1,0.0
2030,sc01,01-31 08:00:00+01:00,113_CT_2,0.0
2030,sc01,01-31 08:00:00+01:00,113_CT_4,0.0
2030,sc01,01-31 08:00:00+01:00,115_STEAM_1,0.0
2030,sc01,01-31 08:00:00+01:00,115_STEAM_2,0.0
2030,sc01,01-31 08:00:00+01:00,121_NUCLEAR_1,0.611995970547161
2030,sc01,01-31 08:00:00+01:00,118_CC_1,0.0
2030,sc01,01-31 08:00:00+01:00,107_CC_1,1.0
2030,sc01,01-31 09:00:00+01:00,102_CT_2,0.0
2030,sc01,01-31 09:00:00+01:00,101_CT_1,0.0
2030,sc01,01-31 09:00:00+01:00,101_STEAM_4,1.0
2030,sc01,01-31 09:00:00+01:00,115_STEAM_3,1.0
2030,sc01,01-31 09:00:00+01:00,101_CT_2,0.0
2030,sc01,01-31 09:00:00+01:00,102_STEAM_4,1.0
2030,sc01,01-31 09:00:00+01:00,123_CT_1,0.0
2030,sc01,01-31 09:00:00+01:00,116_STEAM_1,0.0
2030,sc01,01-31 09:00:00+01:00,123_CT_5,0.0
2030,sc01,01-31 09:00:00+01:00,102_STEAM_3,1.0
2030,sc01,01-31 09:00:00+01:00,123_STEAM_3,0.8805462468985291
2030,sc01,01-31 09:00:00+01:00,113_CT_3,0.0
2030,sc01,01-31 09:00:00+01:00,101_STEAM_3,1.0
2030,sc01,01-31 09:00:00+01:00,123_CT_4,0.0
2030,sc01,01-31 09:00:00+01:00,113_CT_1,0.0
2030,sc01,01-31 09:00:00+01:00,123_STEAM_2,1.0
2030,sc01,01-31 09:00:00+01:00,102_CT_1,0.0
2030,sc01,01-31 09:00:00+01:00,113_CT_2,0.0
2030,sc01,01-31 09:00:00+01:00,113_CT_4,0.0
2030,sc01,01-31 09:00:00+01:00,115_STEAM_1,0.0
2030,sc01,01-31 09:00:00+01:00,115_STEAM_2,0.0
2030,sc01,01-31 09:00:00+01:00,121_NUCLEAR_1,0.585321857833512
2030,sc01,01-31 09:00:00+01:00,118_CC_1,0.0
2030,sc01,01-31 09:00:00+01:00,107_CC_1,1.0
2030,sc01,01-31 17:00:00+01:00,102_CT_2,0.0
2030,sc01,01-31 17:00:00+01:00,101_CT_1,0.0
2030,sc01,01-31 17:00:00+01:00,101_STEAM_4,1.0
2030,sc01,01-31 17:00:00+01:00,115_STEAM_3,1.0
2030,sc01,01-31 17:00:00+01:00,101_CT_2,0.0
2030,sc01,01-31 17:00:00+01:00,102_STEAM_4,1.0
2030,sc01,01-31 17:00:00+01:00,123_CT_1,0.0
2030,sc01,01-31 17:00:00+01:00,116_STEAM_1,0.0
2030,sc01,01-31 17:00:00+01:00,123_CT_5,0.0
2030,sc01,01-31 17:00:00+01:00,102_STEAM_3,1.0
2030,sc01,01-31 17:00:00+01:00,123_STEAM_3,0.4583809561789136
2030,sc01,01-31 17:00:00+01:00,113_CT_3,0.0
2030,sc01,01-31 17:00:00+01:00,101_STEAM_3,1.0
2030,sc01,01-31 17:00:00+01:00,123_CT_4,0.0
2030,sc01,01-31 17:00:00+01:00,113_CT_1,0.0
2030,sc01,01-31 17:00:00+01:00,123_STEAM_2,1.0
2030,sc01,01-31 17:00:00+01:00,102_CT_1,0.0
2030,sc01,01-31 17:00:00+01:00,113_CT_2,0.0
2030,sc01,01-31 17:00:00+01:00,113_CT_4,0.0
2030,sc01,01-31 17:00:00+01:00,115_STEAM_1,0.0
2030,sc01,01-31 17:00:00+01:00,115_STEAM_2,0.0
2030,sc01,01-31 17:00:00+01:00,121_NUCLEAR_1,1.0
2030,sc01,01-31 17:00:00+01:00,118_CC_1,0.4582106125705579
2030,sc01,01-31 17:00:00+01:00,107_CC_1,1.0
2030,sc01,01-31 18:00:00+01:00,102_CT_2,0.0
2030,sc01,01-31 18:00:00+01:00,101_CT_1,0.0
2030,sc01,01-31 18:00:00+01:00,101_STEAM_4,0.0
2030,sc01,01-31 18:00:00+01:00,115_STEAM_3,1.0
2030,sc01,01-31 18:00:00+01:00,101_CT_2,0.0
2030,sc01,01-31 18:00:00+01:00,102_STEAM_4,0.0
2030,sc01,01-31 18:00:00+01:00,123_CT_1,0.0
2030,sc01,01-31 18:00:00+01:00,116_STEAM_1,0.0
2030,sc01,01-31 18:00:00+01:00,123_CT_5,0.0
2030,sc01,01-31 18:00:00+01:00,102_STEAM_3,0.0
2030,sc01,01-31 18:00:00+01:00,123_STEAM_3,0.0
2030,sc01,01-31 18:00:00+01:00,113_CT_3,0.0
2030,sc01,01-31 18:00:00+01:00,101_STEAM_3,0.0
2030,sc01,01-31 18:00:00+01:00,123_CT_4,0.0
2030,sc01,01-31 18:00:00+01:00,113_CT_1,0.0
2030,sc01,01-31 18:00:00+01:00,123_STEAM_2,0.0
2030,sc01,01-31 18:00:00+01:00,102_CT_1,0.0
2030,sc01,01-31 18:00:00+01:00,113_CT_2,0.0
2030,sc01,01-31 18:00:00+01:00,113_CT_4,0.0
2030,sc01,01-31 18:00:00+01:00,115_STEAM_1,0.0
2030,sc01,01-31 18:00:00+01:00,115_STEAM_2,0.0
2030,sc01,01-31 18:00:00+01:00,121_NUCLEAR_1,0.0
2030,sc01,01-31 18:00:00+01:00,118_CC_1,0.0
2030,sc01,01-31 18:00:00+01:00,107_CC_1,0.21525737599031874
2030,sc01,01-31 19:00:00+01:00,102_CT_2,0.0
2030,sc01,01-31 19:00:00+01:00,101_CT_1,0.0
2030,sc01,01-31 19:00:00+01:00,101_STEAM_4,0.0
2030,sc01,01-31 19:00:00+01:00,115_STEAM_3,1.0
2030,sc01,01-31 19:00:00+01:00,101_CT_2,0.0
2030,sc01,01-31 19:00:00+01:00,102_STEAM_4,0.0
2030,sc01,01-31 19:00:00+01:00,123_CT_1,0.0
2030,sc01,01-31 19:00:00+01:00,116_STEAM_1,0.0
2030,sc01,01-31 19:00:00+01:00,123_CT_5,0.0
2030,sc01,01-31 19:00:00+01:00,102_STEAM_3,0.0
2030,sc01,01-31 19:00:00+01:00,123_STEAM_3,0.0
2030,sc01,01-31 19:00:00+01:00,113_CT_3,0.0
2030,sc01,01-31 19:00:00+01:00,101_STEAM_3,0.0
2030,sc01,01-31 19:00:00+01:00,123_CT_4,0.0
2030,sc01,01-31 19:00:00+01:00,113_CT_1,0.0
2030,sc01,01-31 19:00:00+01:00,123_STEAM_2,0.0
2030,sc01,01-31 19:00:00+01:00,102_CT_1,0.0
2030,sc01,01-31 19:00:00+01:00,113_CT_2,0.0
2030,sc01,01-31 19:00:00+01:00,113_CT_4,0.0
2030,sc01,01-31 19:00:00+01:00,115_STEAM_1,0.0
2030,sc01,01-31 19:00:00+01:00,115_STEAM_2,0.0
2030,sc01,01-31 19:00:00+01:00,121_NUCLEAR_1,0.0
2030,sc01,01-31 19:00:00+01:00,118_CC_1,0.0
2030,sc01,01-31 19:00:00+01:00,107_CC_1,0.48874252046717376
2030,sc01,02-01 17:00:00+01:00,102_CT_2,0.0
2030,sc01,02-01 17:00:00+01:00,101_CT_1,0.0
2030,sc01,02-01 17:00:00+01:00,101_STEAM_4,1.0
2030,sc01,02-01 17:00:00+01:00,115_STEAM_3,1.0
2030,sc01,02-01 17:00:00+01:00,101_CT_2,0.0
2030,sc01,02-01 17:00:00+01:00,102_STEAM_4,1.0
2030,sc01,02-01 17:00:00+01:00,123_CT_1,0.0
2030,sc01,02-01 17:00:00+01:00,116_STEAM_1,0.0
2030,sc01,02-01 17:00:00+01:00,123_CT_5,0.0
2030,sc01,02-01 17:00:00+01:00,102_STEAM_3,1.0
2030,sc01,02-01 17:00:00+01:00,123_STEAM_3,0.0
2030,sc01,02-01 17:00:00+01:00,113_CT_3,0.0
2030,sc01,02-01 17:00:00+01:00,101_STEAM_3,1.0
2030,sc01,02-01 17:00:00+01:00,123_CT_4,0.0
2030,sc01,02-01 17:00:00+01:00,113_CT_1,0.0
2030,sc01,02-01 17:00:00+01:00,123_STEAM_2,0.0
2030,sc01,02-01 17:00:00+01:00,102_CT_1,0.0
2030,sc01,02-01 17:00:00+01:00,113_CT_2,0.0
2030,sc01,02-01 17:00:00+01:00,113_CT_4,0.0
2030,sc01,02-01 17:00:00+01:00,115_STEAM_1,0.0
2030,sc01,02-01 17:00:00+01:00,115_STEAM_2,0.0
2030,sc01,02-01 17:00:00+01:00,121_NUCLEAR_1,1.0
2030,sc01,02-01 17:00:00+01:00,118_CC_1,1.0
2030,sc01,02-01 17:00:00+01:00,107_CC_1,1.0
2030,sc01,02-01 18:00:00+01:00,102_CT_2,0.0
2030,sc01,02-01 18:00:00+01:00,101_CT_1,0.0
2030,sc01,02-01 18:00:00+01:00,101_STEAM_4,0.0
2030,sc01,02-01 18:00:00+01:00,115_STEAM_3,0.0
2030,sc01,02-01 18:00:00+01:00,101_CT_2,0.0
2030,sc01,02-01 18:00:00+01:00,102_STEAM_4,0.0
2030,sc01,02-01 18:00:00+01:00,123_CT_1,0.0
2030,sc01,02-01 18:00:00+01:00,116_STEAM_1,0.0
2030,sc01,02-01 18:00:00+01:00,123_CT_5,0.0
2030,sc01,02-01 18:00:00+01:00,102_STEAM_3,0.0
2030,sc01,02-01 18:00:00+01:00,123_STEAM_3,0.0
2030,sc01,02-01 18:00:00+01:00,113_CT_3,0.0
2030,sc01,02-01 18:00:00+01:00,101_STEAM_3,0.0
2030,sc01,02-01 18:00:00+01:00,123_CT_4,0.0
2030,sc01,02-01 18:00:00+01:00,113_CT_1,0.0
2030,sc01,02-01 18:00:00+01:00,123_STEAM_2,0.0
2030,sc01,02-01 18:00:00+01:00,102_CT_1,0.0
2030,sc01,02-01 18:00:00+01:00,113_CT_2,0.0
2030,sc01,02-01 18:00:00+01:00,113_CT_4,0.0
2030,sc01,02-01 18:00:00+01:00,115_STEAM_1,0.0
2030,sc01,02-01 18:00:00+01:00,115_STEAM_2,0.0
2030,sc01,02-01 18:00:00+01:00,121_NUCLEAR_1,0.1058324864740412
2030,sc01,02-01 18:00:00+01:00,118_CC_1,0.0
2030,sc01,02-01 18:00:00+01:00,107_CC_1,0.6620501850813646
2030,sc01,02-01 19:00:00+01:00,102_CT_2,0.0
2030,sc01,02-01 19:00:00+01:00,101_CT_1,0.0
2030,sc01,02-01 19:00:00+01:00,101_STEAM_4,0.0
2030,sc01,02-01 19:00:00+01:00,115_STEAM_3,0.0
2030,sc01,02-01 19:00:00+01:00,101_CT_2,0.0
2030,sc01,02-01 19:00:00+01:00,102_STEAM_4,0.0
2030,sc01,02-01 19:00:00+01:00,123_CT_1,0.0
2030,sc01,02-01 19:00:00+01:00,116_STEAM_1,0.0
2030,sc01,02-01 19:00:00+01:00,123_CT_5,0.0
2030,sc01,02-01 19:00:00+01:00,102_STEAM_3,0.0
2030,sc01,02-01 19:00:00+01:00,123_STEAM_3,0.0
2030,sc01,02-01 19:00:00+01:00,113_CT_3,0.0
2030,sc01,02-01 19:00:00+01:00,101_STEAM_3,0.0
2030,sc01,02-01 19:00:00+01:00,123_CT_4,0.0
2030,sc01,02-01 19:00:00+01:00,113_CT_1,0.0
2030,sc01,02-01 19:00:00+01:00,123_STEAM_2,0.0
2030,sc01,02-01 19:00:00+01:00,102_CT_1,0.0
2030,sc01,02-01 19:00:00+01:00,113_CT_2,0.0
2030,sc01,02-01 19:00:00+01:00,113_CT_4,0.0
2030,sc01,02-01 19:00:00+01:00,115_STEAM_1,0.0
2030,sc01,02-01 19:00:00+01:00,115_STEAM_2,0.0
2030,sc01,02-01 19:00:00+01:00,121_NUCLEAR_1,0.12611986939662087
2030,sc01,02-01 19:00:00+01:00,118_CC_1,0.0
2030,sc01,02-01 19:00:00+01:00,107_CC_1,0.48863910531458876
2030,sc01,02-04 09:00:00+01:00,102_CT_2,0.0
2030,sc01,02-04 09:00:00+01:00,101_CT_1,0.0
2030,sc01,02-04 09:00:00+01:00,101_STEAM_4,1.0
2030,sc01,02-04 09:00:00+01:00,115_STEAM_3,1.0
2030,sc01,02-04 09:00:00+01:00,101_CT_2,0.0
2030,sc01,02-04 09:00:00+01:00,102_STEAM_4,0.0
2030,sc01,02-04 09:00:00+01:00,123_CT_1,0.0
2030,sc01,02-04 09:00:00+01:00,116_STEAM_1,0.0
2030,sc01,02-04 09:00:00+01:00,123_CT_5,0.0
2030,sc01,02-04 09:00:00+01:00,102_STEAM_3,0.08926713411095308
2030,sc01,02-04 09:00:00+01:00,123_STEAM_3,0.0
2030,sc01,02-04 09:00:00+01:00,113_CT_3,0.0
2030,sc01,02-04 09:00:00+01:00,101_STEAM_3,1.0
2030,sc01,02-04 09:00:00+01:00,123_CT_4,0.0
2030,sc01,02-04 09:00:00+01:00,113_CT_1,0.0
2030,sc01,02-04 09:00:00+01:00,123_STEAM_2,0.0
2030,sc01,02-04 09:00:00+01:00,102_CT_1,0.0
2030,sc01,02-04 09:00:00+01:00,113_CT_2,0.0
2030,sc01,02-04 09:00:00+01:00,113_CT_4,0.0
2030,sc01,02-04 09:00:00+01:00,115_STEAM_1,0.0
2030,sc01,02-04 09:00:00+01:00,115_STEAM_2,0.0
2030,sc01,02-04 09:00:00+01:00,121_NUCLEAR_1,0.7209183388570061
2030,sc01,02-04 09:00:00+01:00,118_CC_1,0.0
2030,sc01,02-04 09:00:00+01:00,107_CC_1,1.0
2030,sc01,02-04 18:00:00+01:00,102_CT_2,0.0
2030,sc01,02-04 18:00:00+01:00,101_CT_1,0.0
2030,sc01,02-04 18:00:00+01:00,101_STEAM_4,0.0
2030,sc01,02-04 18:00:00+01:00,115_STEAM_3,0.5362234193346289
2030,sc01,02-04 18:00:00+01:00,101_CT_2,0.0
2030,sc01,02-04 18:00:00+01:00,102_STEAM_4,0.0
2030,sc01,02-04 18:00:00+01:00,123_CT_1,0.0
2030,sc01,02-04 18:00:00+01:00,116_STEAM_1,0.0
2030,sc01,02-04 18:00:00+01:00,123_CT_5,0.0
2030,sc01,02-04 18:00:00+01:00,102_STEAM_3,0.0
2030,sc01,02-04 18:00:00+01:00,123_STEAM_3,0.0
2030,sc01,02-04 18:00:00+01:00,113_CT_3,0.0
2030,sc01,02-04 18:00:00+01:00,101_STEAM_3,0.0
2030,sc01,02-04 18:00:00+01:00,123_CT_4,0.0
2030,sc01,02-04 18:00:00+01:00,113_CT_1,0.0
2030,sc01,02-04 18:00:00+01:00,123_STEAM_2,0.0
2030,sc01,02-04 18:00:00+01:00,102_CT_1,0.0
2030,sc01,02-04 18:00:00+01:00,113_CT_2,0.0
2030,sc01,02-04 18:00:00+01:00,113_CT_4,0.0
2030,sc01,02-04 18:00:00+01:00,115_STEAM_1,0.0
2030,sc01,02-04 18:00:00+01:00,115_STEAM_2,0.0
2030,sc01,02-04 18:00:00+01:00,121_NUCLEAR_1,0.0
2030,sc01,02-04 18:00:00+01:00,118_CC_1,0.0
2030,sc01,02-04 18:00:00+01:00,107_CC_1,0.007200535082940759
2030,sc01,02-04 19:00:00+01:00,102_CT_2,0.0
2030,sc01,02-04 19:00:00+01:00,101_CT_1,0.0
2030,sc01,02-04 19:00:00+01:00,101_STEAM_4,0.0
2030,sc01,02-04 19:00:00+01:00,115_STEAM_3,0.5651619530236283
2030,sc01,02-04 19:00:00+01:00,101_CT_2,0.0
2030,sc01,02-04 19:00:00+01:00,102_STEAM_4,0.0
2030,sc01,02-04 19:00:00+01:00,123_CT_1,0.0
2030,sc01,02-04 19:00:00+01:00,116_STEAM_1,0.0
2030,sc01,02-04 19:00:00+01:00,123_CT_5,0.0
2030,sc01,02-04 19:00:00+01:00,102_STEAM_3,0.0
2030,sc01,02-04 19:00:00+01:00,123_STEAM_3,0.0
2030,sc01,02-04 19:00:00+01:00,113_CT_3,0.0
2030,sc01,02-04 19:00:00+01:00,101_STEAM_3,0.0
2030,sc01,02-04 19:00:00+01:00,123_CT_4,0.0
2030,sc01,02-04 19:00:00+01:00,113_CT_1,0.0
2030,sc01,02-04 19:00:00+01:00,123_STEAM_2,0.0
2030,sc01,02-04 19:00:00+01:00,102_CT_1,0.0
2030,sc01,02-04 19:00:00+01:00,113_CT_2,0.0
2030,sc01,02-04 19:00:00+01:00,113_CT_4,0.0
2030,sc01,02-04 19:00:00+01:00,115_STEAM_1,0.0
2030,sc01,02-04 19:00:00+01:00,115_STEAM_2,0.0
2030,sc01,02-04 19:00:00+01:00,121_NUCLEAR_1,0.0
2030,sc01,02-04 19:00:00+01:00,118_CC_1,0.0
2030,sc01,02-04 19:00:00+01:00,107_CC_1,0.1288081341336186
2030,sc01,02-05 18:00:00+01:00,102_CT_2,0.0
2030,sc01,02-05 18:00:00+01:00,101_CT_1,0.0
2030,sc01,02-05 18:00:00+01:00,101_STEAM_4,0.0
2030,sc01,02-05 18:00:00+01:00,115_STEAM_3,0.24397672181204375
2030,sc01,02-05 18:00:00+01:00,101_CT_2,0.0
2030,sc01,02-05 18:00:00+01:00,102_STEAM_4,0.0
2030,sc01,02-05 18:00:00+01:00,123_CT_1,0.0
2030,sc01,02-05 18:00:00+01:00,116_STEAM_1,0.0
2030,sc01,02-05 18:00:00+01:00,123_CT_5,0.0
2030,sc01,02-05 18:00:00+01:00,102_STEAM_3,0.0
2030,sc01,02-05 18:00:00+01:00,123_STEAM_3,0.0
2030,sc01,02-05 18:00:00+01:00,113_CT_3,0.0
2030,sc01,02-05 18:00:00+01:00,101_STEAM_3,0.0
2030,sc01,02-05 18:00:00+01:00,123_CT_4,0.0
2030,sc01,02-05 18:00:00+01:00,113_CT_1,0.0
2030,sc01,02-05 18:00:00+01:00,123_STEAM_2,0.0
2030,sc01,02-05 18:00:00+01:00,102_CT_1,0.0
2030,sc01,02-05 18:00:00+01:00,113_CT_2,0.0
2030,sc01,02-05 18:00:00+01:00,113_CT_4,0.0
2030,sc01,02-05 18:00:00+01:00,115_STEAM_1,0.0
2030,sc01,02-05 18:00:00+01:00,115_STEAM_2,0.0
2030,sc01,02-05 18:00:00+01:00,121_NUCLEAR_1,0.0
2030,sc01,02-05 18:00:00+01:00,118_CC_1,0.0
2030,sc01,02-05 18:00:00+01:00,107_CC_1,0.0
2030,sc01,02-06 17:00:00+01:00,102_CT_2,0.0
2030,sc01,02-06 17:00:00+01:00,101_CT_1,0.0
2030,sc01,02-06 17:00:00+01:00,101_STEAM_4,1.0
2030,sc01,02-06 17:00:00+01:00,115_STEAM_3,1.0
2030,sc01,02-06 17:00:00+01:00,101_CT_2,0.0
2030,sc01,02-06 17:00:00+01:00,102_STEAM_4,0.0
2030,sc01,02-06 17:00:00+01:00,123_CT_1,0.0
2030,sc01,02-06 17:00:00+01:00,116_STEAM_1,0.0
2030,sc01,02-06 17:00:00+01:00,123_CT_5,0.0
2030,sc01,02-06 17:00:00+01:00,102_STEAM_3,0.0
2030,sc01,02-06 17:00:00+01:00,123_STEAM_3,0.0
2030,sc01,02-06 17:00:00+01:00,113_CT_3,0.0
2030,sc01,02-06 17:00:00+01:00,101_STEAM_3,1.0
2030,sc01,02-06 17:00:00+01:00,123_CT_4,0.0
2030,sc01,02-06 17:00:00+01:00,113_CT_1,0.0
2030,sc01,02-06 17:00:00+01:00,123_STEAM_2,0.497304674438595
2030,sc01,02-06 17:00:00+01:00,102_CT_1,0.0
2030,sc01,02-06 17:00:00+01:00,113_CT_2,0.0
2030,sc01,02-06 17:00:00+01:00,113_CT_4,0.0
2030,sc01,02-06 17:00:00+01:00,115_STEAM_1,0.0
2030,sc01,02-06 17:00:00+01:00,115_STEAM_2,0.0
2030,sc01,02-06 17:00:00+01:00,121_NUCLEAR_1,1.0
2030,sc01,02-06 17:00:00+01:00,118_CC_1,0.4542944776389408
2030,sc01,02-06 17:00:00+01:00,107_CC_1,1.0
2030,sc01,02-06 18:00:00+01:00,102_CT_2,0.0
2030,sc01,02-06 18:00:00+01:00,101_CT_1,0.0
2030,sc01,02-06 18:00:00+01:00,101_STEAM_4,0.0
2030,sc01,02-06 18:00:00+01:00,115_STEAM_3,0.0
2030,sc01,02-06 18:00:00+01:00,101_CT_2,0.0
2030,sc01,02-06 18:00:00+01:00,102_STEAM_4,0.0
2030,sc01,02-06 18:00:00+01:00,123_CT_1,0.0
2030,sc01,02-06 18:00:00+01:00,116_STEAM_1,0.0
2030,sc01,02-06 18:00:00+01:00,123_CT_5,0.0
2030,sc01,02-06 18:00:00+01:00,102_STEAM_3,0.0
2030,sc01,02-06 18:00:00+01:00,123_STEAM_3,0.0
2030,sc01,02-06 18:00:00+01:00,113_CT_3,0.0
2030,sc01,02-06 18:00:00+01:00,101_STEAM_3,0.0
2030,sc01,02-06 18:00:00+01:00,123_CT_4,0.0
2030,sc01,02-06 18:00:00+01:00,113_CT_1,0.0
2030,sc01,02-06 18:00:00+01:00,123_STEAM_2,0.0
2030,sc01,02-06 18:00:00+01:00,102_CT_1,0.0
2030,sc01,02-06 18:00:00+01:00,113_CT_2,0.0
2030,sc01,02-06 18:00:00+01:00,113_CT_4,0.0
2030,sc01,02-06 18:00:00+01:00,115_STEAM_1,0.0
2030,sc01,02-06 18:00:00+01:00,115_STEAM_2,0.0
2030,sc01,02-06 18:00:00+01:00,121_NUCLEAR_1,0.0
2030,sc01,02-06 18:00:00+01:00,118_CC_1,0.0
2030,sc01,02-06 18:00:00+01:00,107_CC_1,0.0
2030,sc01,02-06 19:00:00+01:00,102_CT_2,0.0
2030,sc01,02-06 19:00:00+01:00,101_CT_1,0.0
2030,sc01,02-06 19:00:00+01:00,101_STEAM_4,0.0
2030,sc01,02-06 19:00:00+01:00,115_STEAM_3,0.0
2030,sc01,02-06 19:00:00+01:00,101_CT_2,0.0
2030,sc01,02-06 19:00:00+01:00,102_STEAM_4,0.0
2030,sc01,02-06 19:00:00+01:00,123_CT_1,0.0
2030,sc01,02-06 19:00:00+01:00,116_STEAM_1,0.0
2030,sc01,02-06 19:00:00+01:00,123_CT_5,0.0
2030,sc01,02-06 19:00:00+01:00,102_STEAM_3,0.0
2030,sc01,02-06 19:00:00+01:00,123_STEAM_3,0.0
2030,sc01,02-06 19:00:00+01:00,113_CT_3,0.0
2030,sc01,02-06 19:00:00+01:00,101_STEAM_3,0.0
2030,sc01,02-06 19:00:00+01:00,123_CT_4,0.0
2030,sc01,02-06 19:00:00+01:00,113_CT_1,0.0
2030,sc01,02-06 19:00:00+01:00,123_STEAM_2,0.0
2030,sc01,02-06 19:00:00+01:00,102_CT_1,0.0
2030,sc01,02-06 19:00:00+01:00,113_CT_2,0.0
2030,sc01,02-06 19:00:00+01:00,113_CT_4,0.0
2030,sc01,02-06 19:00:00+01:00,115_STEAM_1,0.0
2030,sc01,02-06 19:00:00+01:00,115_STEAM_2,0.0
2030,sc01,02-06 19:00:00+01:00,121_NUCLEAR_1,0.0
2030,sc01,02-06 19:00:00+01:00,118_CC_1,0.0
2030,sc01,02-06 19:00:00+01:00,107_CC_1,0.0401930325205356
2030,sc01,02-06 20:00:00+01:00,102_CT_2,0.0
2030,sc01,02-06 20:00:00+01:00,101_CT_1,0.0
2030,sc01,02-06 20:00:00+01:00,101_STEAM_4,0.0
2030,sc01,02-06 20:00:00+01:00,115_STEAM_3,0.0
2030,sc01,02-06 20:00:00+01:00,101_CT_2,0.0
2030,sc01,02-06 20:00:00+01:00,102_STEAM_4,0.0
2030,sc01,02-06 20:00:00+01:00,123_CT_1,0.0
2030,sc01,02-06 20:00:00+01:00,116_STEAM_1,0.0
2030,sc01,02-06 20:00:00+01:00,123_CT_5,0.0
2030,sc01,02-06 20:00:00+01:00,102_STEAM_3,0.0
2030,sc01,02-06 20:00:00+01:00,123_STEAM_3,0.0
2030,sc01,02-06 20:00:00+01:00,113_CT_3,0.0
2030,sc01,02-06 20:00:00+01:00,101_STEAM_3,0.0
2030,sc01,02-06 20:00:00+01:00,123_CT_4,0.0
2030,sc01,02-06 20:00:00+01:00,113_CT_1,0.0
2030,sc01,02-06 20:00:00+01:00,123_STEAM_2,0.0
2030,sc01,02-06 20:00:00+01:00,102_CT_1,0.0
2030,sc01,02-06 20:00:00+01:00,113_CT_2,0.0
2030,sc01,02-06 20:00:00+01:00,113_CT_4,0.0
2030,sc01,02-06 20:00:00+01:00,115_STEAM_1,0.0
2030,sc01,02-06 20:00:00+01:00,115_STEAM_2,0.0
2030,sc01,02-06 20:00:00+01:00,121_NUCLEAR_1,0.11965873491462539
2030,sc01,02-06 20:00:00+01:00,118_CC_1,0.0
2030,sc01,02-06 20:00:00+01:00,107_CC_1,0.2259328367672971
2030,sc01,02-07 01:00:00+01:00,102_CT_2,0.0
2030,sc01,02-07 01:00:00+01:00,101_CT_1,0.0
2030,sc01,02-07 01:00:00+01:00,101_STEAM_4,0.0
2030,sc01,02-07 01:00:00+01:00,115_STEAM_3,0.0
2030,sc01,02-07 01:00:00+01:00,101_CT_2,0.0
2030,sc01,02-07 01:00:00+01:00,102_STEAM_4,0.0
2030,sc01,02-07 01:00:00+01:00,123_CT_1,0.0
2030,sc01,02-07 01:00:00+01:00,116_STEAM_1,0.0
2030,sc01,02-07 01:00:00+01:00,123_CT_5,0.0
2030,sc01,02-07 01:00:00+01:00,102_STEAM_3,0.0
2030,sc01,02-07 01:00:00+01:00,123_STEAM_3,0.0
2030,sc01,02-07 01:00:00+01:00,113_CT_3,0.0
2030,sc01,02-07 01:00:00+01:00,101_STEAM_3,0.0
2030,sc01,02-07 01:00:00+01:00,123_CT_4,0.0
2030,sc01,02-07 01:00:00+01:00,113_CT_1,0.0
2030,sc01,02-07 01:00:00+01:00,123_STEAM_2,0.0
2030,sc01,02-07 01:00:00+01:00,102_CT_1,0.0
2030,sc01,02-07 01:00:00+01:00,113_CT_2,0.0
2030,sc01,02-07 01:00:00+01:00,113_CT_4,0.0
2030,sc01,02-07 01:00:00+01:00,115_STEAM_1,0.0
2030,sc01,02-07 01:00:00+01:00,115_STEAM_2,0.0
2030,sc01,02-07 01:00:00+01:00,121_NUCLEAR_1,0.0
2030,sc01,02-07 01:00:00+01:00,118_CC_1,0.0
2030,sc01,02-07 01:00:00+01:00,107_CC_1,0.0
2030,sc01,02-07 18:00:00+01:00,102_CT_2,0.0
2030,sc01,02-07 18:00:00+01:00,101_CT_1,0.0
2030,sc01,02-07 18:00:00+01:00,101_STEAM_4,0.0
2030,sc01,02-07 18:00:00+01:00,115_STEAM_3,0.0
2030,sc01,02-07 18:00:00+01:00,101_CT_2,0.0
2030,sc01,02-07 18:00:00+01:00,102_STEAM_4,0.0
2030,sc01,02-07 18:00:00+01:00,123_CT_1,0.0
2030,sc01,02-07 18:00:00+01:00,116_STEAM_1,0.0
2030,sc01,02-07 18:00:00+01:00,123_CT_5,0.0
2030,sc01,02-07 18:00:00+01:00,102_STEAM_3,0.0
2030,sc01,02-07 18:00:00+01:00,123_STEAM_3,0.0
2030,sc01,02-07 18:00:00+01:00,113_CT_3,0.0
2030,sc01,02-07 18:00:00+01:00,101_STEAM_3,0.0
2030,sc01,02-07 18:00:00+01:00,123_CT_4,0.0
2030,sc01,02-07 18:00:00+01:00,113_CT_1,0.0
2030,sc01,02-07 18:00:00+01:00,123_STEAM_2,0.0
2030,sc01,02-07 18:00:00+01:00,102_CT_1,0.0
2030,sc01,02-07 18:00:00+01:00,113_CT_2,0.0
2030,sc01,02-07 18:00:00+01:00,113_CT_4,0.0
2030,sc01,02-07 18:00:00+01:00,115_STEAM_1,0.0
2030,sc01,02-07 18:00:00+01:00,115_STEAM_2,0.0
2030,sc01,02-07 18:00:00+01:00,121_NUCLEAR_1,0.0
2030,sc01,02-07 18:00:00+01:00,118_CC_1,0.0
2030,sc01,02-07 18:00:00+01:00,107_CC_1,0.0015613408152752265
2030,sc01,02-07 19:00:00+01:00,102_CT_2,0.0
2030,sc01,02-07 19:00:00+01:00,101_CT_1,0.0
2030,sc01,02-07 19:00:00+01:00,101_STEAM_4,0.0
2030,sc01,02-07 19:00:00+01:00,115_STEAM_3,0.5289733790945279
2030,sc01,02-07 19:00:00+01:00,101_CT_2,0.0
2030,sc01,02-07 19:00:00+01:00,102_STEAM_4,0.0
2030,sc01,02-07 19:00:00+01:00,123_CT_1,0.0
2030,sc01,02-07 19:00:00+01:00,116_STEAM_1,0.0
2030,sc01,02-07 19:00:00+01:00,123_CT_5,0.0
2030,sc01,02-07 19:00:00+01:00,102_STEAM_3,0.0
2030,sc01,02-07 19:00:00+01:00,123_STEAM_3,0.0
2030,sc01,02-07 19:00:00+01:00,113_CT_3,0.0
2030,sc01,02-07 19:00:00+01:00,101_STEAM_3,0.0
2030,sc01,02-07 19:00:00+01:00,123_CT_4,0.0
2030,sc01,02-07 19:00:00+01:00,113_CT_1,0.0
2030,sc01,02-07 19:00:00+01:00,123_STEAM_2,0.0
2030,sc01,02-07 19:00:00+01:00,102_CT_1,0.0
2030,sc01,02-07 19:00:00+01:00,113_CT_2,0.0
2030,sc01,02-07 19:00:00+01:00,113_CT_4,0.0
2030,sc01,02-07 19:00:00+01:00,115_STEAM_1,0.0
2030,sc01,02-07 19:00:00+01:00,115_STEAM_2,0.0
2030,sc01,02-07 19:00:00+01:00,121_NUCLEAR_1,0.0
2030,sc01,02-07 19:00:00+01:00,118_CC_1,0.0
2030,sc01,02-07 19:00:00+01:00,107_CC_1,0.047184811209338026
2030,sc01,02-08 18:00:00+01:00,102_CT_2,0.0
2030,sc01,02-08 18:00:00+01:00,101_CT_1,0.0
2030,sc01,02-08 18:00:00+01:00,101_STEAM_4,0.0
2030,sc01,02-08 18:00:00+01:00,115_STEAM_3,0.0
2030,sc01,02-08 18:00:00+01:00,101_CT_2,0.0
2030,sc01,02-08 18:00:00+01:00,102_STEAM_4,0.0
2030,sc01,02-08 18:00:00+01:00,123_CT_1,0.0
2030,sc01,02-08 18:00:00+01:00,116_STEAM_1,0.0
2030,sc01,02-08 18:00:00+01:00,123_CT_5,0.0
2030,sc01,02-08 18:00:00+01:00,102_STEAM_3,0.0
2030,sc01,02-08 18:00:00+01:00,123_STEAM_3,0.0
2030,sc01,02-08 18:00:00+01:00,113_CT_3,0.0
2030,sc01,02-08 18:00:00+01:00,101_STEAM_3,0.0
2030,sc01,02-08 18:00:00+01:00,123_CT_4,0.0
2030,sc01,02-08 18:00:00+01:00,113_CT_1,0.0
2030,sc01,02-08 18:00:00+01:00,123_STEAM_2,0.0
2030,sc01,02-08 18:00:00+01:00,102_CT_1,0.0
2030,sc01,02-08 18:00:00+01:00,113_CT_2,0.0
2030,sc01,02-08 18:00:00+01:00,113_CT_4,0.0
2030,sc01,02-08 18:00:00+01:00,115_STEAM_1,0.0
2030,sc01,02-08 18:00:00+01:00,115_STEAM_2,0.0
2030,sc01,02-08 18:00:00+01:00,121_NUCLEAR_1,0.0
2030,sc01,02-08 18:00:00+01:00,118_CC_1,0.0
2030,sc01,02-08 18:00:00+01:00,107_CC_1,0.0
2030,sc01,02-08 19:00:00+01:00,102_CT_2,0.0
2030,sc01,02-08 19:00:00+01:00,101_CT_1,0.0
2030,sc01,02-08 19:00:00+01:00,101_STEAM_4,0.0
2030,sc01,02-08 19:00:00+01:00,115_STEAM_3,0.0
2030,sc01,02-08 19:00:00+01:00,101_CT_2,0.0
2030,sc01,02-08 19:00:00+01:00,102_STEAM_4,0.0
2030,sc01,02-08 19:00:00+01:00,123_CT_1,0.0
2030,sc01,02-08 19:00:00+01:00,116_STEAM_1,0.0
2030,sc01,02-08 19:00:00+01:00,123_CT_5,0.0
2030,sc01,02-08 19:00:00+01:00,102_STEAM_3,0.0
2030,sc01,02-08 19:00:00+01:00,123_STEAM_3,0.0
2030,sc01,02-08 19:00:00+01:00,113_CT_3,0.0
2030,sc01,02-08 19:00:00+01:00,101_STEAM_3,0.0
2030,sc01,02-08 19:00:00+01:00,123_CT_4,0.0
2030,sc01,02-08 19:00:00+01:00,113_CT_1,0.0
2030,sc01,02-08 19:00:00+01:00,123_STEAM_2,0.0
2030,sc01,02-08 19:00:00+01:00,102_CT_1,0.0
2030,sc01,02-08 19:00:00+01:00,113_CT_2,0.0
2030,sc01,02-08 19:00:00+01:00,113_CT_4,0.0
2030,sc01,02-08 19:00:00+01:00,115_STEAM_1,0.0
2030,sc01,02-08 19:00:00+01:00,115_STEAM_2,0.0
2030,sc01,02-08 19:00:00+01:00,121_NUCLEAR_1,0.0
2030,sc01,02-08 19:00:00+01:00,118_CC_1,0.0
2030,sc01,02-08 19:00:00+01:00,107_CC_1,0.0
2030,sc01,02-11 18:00:00+01:00,102_CT_2,0.0
2030,sc01,02-11 18:00:00+01:00,101_CT_1,0.0
2030,sc01,02-11 18:00:00+01:00,101_STEAM_4,0.27253794999391145
2030,sc01,02-11 18:00:00+01:00,115_STEAM_3,0.0
2030,sc01,02-11 18:00:00+01:00,101_CT_2,0.0
2030,sc01,02-11 18:00:00+01:00,102_STEAM_4,0.0
2030,sc01,02-11 18:00:00+01:00,123_CT_1,0.0
2030,sc01,02-11 18:00:00+01:00,116_STEAM_1,0.0
2030,sc01,02-11 18:00:00+01:00,123_CT_5,0.0
2030,sc01,02-11 18:00:00+01:00,102_STEAM_3,0.0
2030,sc01,02-11 18:00:00+01:00,123_STEAM_3,0.0
2030,sc01,02-11 18:00:00+01:00,113_CT_3,0.0
2030,sc01,02-11 18:00:00+01:00,101_STEAM_3,1.0
2030,sc01,02-11 18:00:00+01:00,123_CT_4,0.0
2030,sc01,02-11 18:00:00+01:00,113_CT_1,0.0
2030,sc01,02-11 18:00:00+01:00,123_STEAM_2,0.0
2030,sc01,02-11 18:00:00+01:00,102_CT_1,0.0
2030,sc01,02-11 18:00:00+01:00,113_CT_2,0.0
2030,sc01,02-11 18:00:00+01:00,113_CT_4,0.0
2030,sc01,02-11 18:00:00+01:00,115_STEAM_1,0.0
2030,sc01,02-11 18:00:00+01:00,115_STEAM_2,0.0
2030,sc01,02-11 18:00:00+01:00,121_NUCLEAR_1,0.0
2030,sc01,02-11 18:00:00+01:00,118_CC_1,0.0
2030,sc01,02-11 18:00:00+01:00,107_CC_1,1.0
2030,sc01,02-11 19:00:00+01:00,102_CT_2,0.0
2030,sc01,02-11 19:00:00+01:00,101_CT_1,0.0
2030,sc01,02-11 19:00:00+01:00,101_STEAM_4,0.0
2030,sc01,02-11 19:00:00+01:00,115_STEAM_3,0.0
2030,sc01,02-11 19:00:00+01:00,101_CT_2,0.0
2030,sc01,02-11 19:00:00+01:00,102_STEAM_4,0.0
2030,sc01,02-11 19:00:00+01:00,123_CT_1,0.0
2030,sc01,02-11 19:00:00+01:00,116_STEAM_1,0.0
2030,sc01,02-11 19:00:00+01:00,123_CT_5,0.0
2030,sc01,02-11 19:00:00+01:00,102_STEAM_3,0.0
2030,sc01,02-11 19:00:00+01:00,123_STEAM_3,0.0
2030,sc01,02-11 19:00:00+01:00,113_CT_3,0.0
2030,sc01,02-11 19:00:00+01:00,101_STEAM_3,0.0
2030,sc01,02-11 19:00:00+01:00,123_CT_4,0.0
2030,sc01,02-11 19:00:00+01:00,113_CT_1,0.0
2030,sc01,02-11 19:00:00+01:00,123_STEAM_2,0.0
2030,sc01,02-11 19:00:00+01:00,102_CT_1,0.0
2030,sc01,02-11 19:00:00+01:00,113_CT_2,0.0
2030,sc01,02-11 19:00:00+01:00,113_CT_4,0.0
2030,sc01,02-11 19:00:00+01:00,115_STEAM_1,0.0
2030,sc01,02-11 19:00:00+01:00,115_STEAM_2,0.0
2030,sc01,02-11 19:00:00+01:00,121_NUCLEAR_1,0.0
2030,sc01,02-11 19:00:00+01:00,118_CC_1,0.0
2030,sc01,02-11 19:00:00+01:00,107_CC_1,0.0
2030,sc01,02-12 17:00:00+01:00,102_CT_2,0.0
2030,sc01,02-12 17:00:00+01:00,101_CT_1,0.0
2030,sc01,02-12 17:00:00+01:00,101_STEAM_4,1.0
2030,sc01,02-12 17:00:00+01:00,115_STEAM_3,1.0
2030,sc01,02-12 17:00:00+01:00,101_CT_2,0.0
2030,sc01,02-12 17:00:00+01:00,102_STEAM_4,0.0
2030,sc01,02-12 17:00:00+01:00,123_CT_1,0.0
2030,sc01,02-12 17:00:00+01:00,116_STEAM_1,0.0
2030,sc01,02-12 17:00:00+01:00,123_CT_5,0.0
2030,sc01,02-12 17:00:00+01:00,102_STEAM_3,0.07707811993569863
2030,sc01,02-12 17:00:00+01:00,123_STEAM_3,0.0
2030,sc01,02-12 17:00:00+01:00,113_CT_3,0.0
2030,sc01,02-12 17:00:00+01:00,101_STEAM_3,1.0
2030,sc01,02-12 17:00:00+01:00,123_CT_4,0.0
2030,sc01,02-12 17:00:00+01:00,113_CT_1,0.0
2030,sc01,02-12 17:00:00+01:00,123_STEAM_2,0.4302468176287995
2030,sc01,02-12 17:00:00+01:00,102_CT_1,0.0
2030,sc01,02-12 17:00:00+01:00,113_CT_2,0.0
2030,sc01,02-12 17:00:00+01:00,113_CT_4,0.0
2030,sc01,02-12 17:00:00+01:00,115_STEAM_1,0.0
2030,sc01,02-12 17:00:00+01:00,115_STEAM_2,0.0
2030,sc01,02-12 17:00:00+01:00,121_NUCLEAR_1,0.7981354061117802
2030,sc01,02-12 17:00:00+01:00,118_CC_1,0.0
2030,sc01,02-12 17:00:00+01:00,107_CC_1,1.0
2030,sc01,02-12 18:00:00+01:00,102_CT_2,0.0
2030,sc01,02-12 18:00:00+01:00,101_CT_1,0.0
2030,sc01,02-12 18:00:00+01:00,101_STEAM_4,0.5282356041106837
2030,sc01,02-12 18:00:00+01:00,115_STEAM_3,1.0
2030,sc01,02-12 18:00:00+01:00,101_CT_2,0.0
2030,sc01,02-12 18:00:00+01:00,102_STEAM_4,0.0
2030,sc01,02-12 18:00:00+01:00,123_CT_1,0.0
2030,sc01,02-12 18:00:00+01:00,116_STEAM_1,0.0
2030,sc01,02-12 18:00:00+01:00,123_CT_5,0.0
2030,sc01,02-12 18:00:00+01:00,102_STEAM_3,0.0
2030,sc01,02-12 18:00:00+01:00,123_STEAM_3,0.0
2030,sc01,02-12 18:00:00+01:00,113_CT_3,0.0
2030,sc01,02-12 18:00:00+01:00,101_STEAM_3,0.0
2030,sc01,02-12 18:00:00+01:00,123_CT_4,0.0
2030,sc01,02-12 18:00:00+01:00,113_CT_1,0.0
2030,sc01,02-12 18:00:00+01:00,123_STEAM_2,0.0
2030,sc01,02-12 18:00:00+01:00,102_CT_1,0.0
2030,sc01,02-12 18:00:00+01:00,113_CT_2,0.0
2030,sc01,02-12 18:00:00+01:00,113_CT_4,0.0
2030,sc01,02-12 18:00:00+01:00,115_STEAM_1,0.0
2030,sc01,02-12 18:00:00+01:00,115_STEAM_2,0.0
2030,sc01,02-12 18:00:00+01:00,121_NUCLEAR_1,0.0
2030,sc01,02-12 18:00:00+01:00,118_CC_1,0.0
2030,sc01,02-12 18:00:00+01:00,107_CC_1,1.0
2030,sc01,02-12 19:00:00+01:00,102_CT_2,0.0
2030,sc01,02-12 19:00:00+01:00,101_CT_1,0.0
2030,sc01,02-12 19:00:00+01:00,101_STEAM_4,0.0
2030,sc01,02-12 19:00:00+01:00,115_STEAM_3,0.0
2030,sc01,02-12 19:00:00+01:00,101_CT_2,0.0
2030,sc01,02-12 19:00:00+01:00,102_STEAM_4,0.0
2030,sc01,02-12 19:00:00+01:00,123_CT_1,0.0
2030,sc01,02-12 19:00:00+01:00,116_STEAM_1,0.0
2030,sc01,02-12 19:00:00+01:00,123_CT_5,0.0
2030,sc01,02-12 19:00:00+01:00,102_STEAM_3,0.0
2030,sc01,02-12 19:00:00+01:00,123_STEAM_3,0.0
2030,sc01,02-12 19:00:00+01:00,113_CT_3,0.0
2030,sc01,02-12 19:00:00+01:00,101_STEAM_3,0.0
2030,sc01,02-12 19:00:00+01:00,123_CT_4,0.0
2030,sc01,02-12 19:00:00+01:00,113_CT_1,0.0
2030,sc01,02-12 19:00:00+01:00,123_STEAM_2,0.0
2030,sc01,02-12 19:00:00+01:00,102_CT_1,0.0
2030,sc01,02-12 19:00:00+01:00,113_CT_2,0.0
2030,sc01,02-12 19:00:00+01:00,113_CT_4,0.0
2030,sc01,02-12 19:00:00+01:00,115_STEAM_1,0.0
2030,sc01,02-12 19:00:00+01:00,115_STEAM_2,0.0
2030,sc01,02-12 19:00:00+01:00,121_NUCLEAR_1,0.0
2030,sc01,02-12 19:00:00+01:00,118_CC_1,0.0
2030,sc01,02-12 19:00:00+01:00,107_CC_1,0.0
2030,sc01,02-13 18:00:00+01:00,102_CT_2,0.0
2030,sc01,02-13 18:00:00+01:00,101_CT_1,0.0
2030,sc01,02-13 18:00:00+01:00,101_STEAM_4,0.0
2030,sc01,02-13 18:00:00+01:00,115_STEAM_3,1.0
2030,sc01,02-13 18:00:00+01:00,101_CT_2,0.0
2030,sc01,02-13 18:00:00+01:00,102_STEAM_4,0.0
2030,sc01,02-13 18:00:00+01:00,123_CT_1,0.0
2030,sc01,02-13 18:00:00+01:00,116_STEAM_1,0.0
2030,sc01,02-13 18:00:00+01:00,123_CT_5,0.0
2030,sc01,02-13 18:00:00+01:00,102_STEAM_3,0.0
2030,sc01,02-13 18:00:00+01:00,123_STEAM_3,0.0
2030,sc01,02-13 18:00:00+01:00,113_CT_3,0.0
2030,sc01,02-13 18:00:00+01:00,101_STEAM_3,0.3902615422606259
2030,sc01,02-13 18:00:00+01:00,123_CT_4,0.0
2030,sc01,02-13 18:00:00+01:00,113_CT_1,0.0
2030,sc01,02-13 18:00:00+01:00,123_STEAM_2,0.0
2030,sc01,02-13 18:00:00+01:00,102_CT_1,0.0
2030,sc01,02-13 18:00:00+01:00,113_CT_2,0.0
2030,sc01,02-13 18:00:00+01:00,113_CT_4,0.0
2030,sc01,02-13 18:00:00+01:00,115_STEAM_1,0.0
2030,sc01,02-13 18:00:00+01:00,115_STEAM_2,0.0
2030,sc01,02-13 18:00:00+01:00,121_NUCLEAR_1,0.0
2030,sc01,02-13 18:00:00+01:00,118_CC_1,0.0
2030,sc01,02-13 18:00:00+01:00,107_CC_1,1.0
2030,sc01,02-18 19:00:00+01:00,102_CT_2,0.0
2030,sc01,02-18 19:00:00+01:00,101_CT_1,0.0
2030,sc01,02-18 19:00:00+01:00,101_STEAM_4,0.0
2030,sc01,02-18 19:00:00+01:00,115_STEAM_3,0.0
2030,sc01,02-18 19:00:00+01:00,101_CT_2,0.0
2030,sc01,02-18 19:00:00+01:00,102_STEAM_4,0.0
2030,sc01,02-18 19:00:00+01:00,123_CT_1,0.0
2030,sc01,02-18 19:00:00+01:00,116_STEAM_1,0.0
2030,sc01,02-18 19:00:00+01:00,123_CT_5,0.0
2030,sc01,02-18 19:00:00+01:00,102_STEAM_3,0.0
2030,sc01,02-18 19:00:00+01:00,123_STEAM_3,0.0
2030,sc01,02-18 19:00:00+01:00,113_CT_3,0.0
2030,sc01,02-18 19:00:00+01:00,101_STEAM_3,0.0
2030,sc01,02-18 19:00:00+01:00,123_CT_4,0.0
2030,sc01,02-18 19:00:00+01:00,113_CT_1,0.0
2030,sc01,02-18 19:00:00+01:00,123_STEAM_2,0.0
2030,sc01,02-18 19:00:00+01:00,102_CT_1,0.0
2030,sc01,02-18 19:00:00+01:00,113_CT_2,0.0
2030,sc01,02-18 19:00:00+01:00,113_CT_4,0.0
2030,sc01,02-18 19:00:00+01:00,115_STEAM_1,0.0
2030,sc01,02-18 19:00:00+01:00,115_STEAM_2,0.0
2030,sc01,02-18 19:00:00+01:00,121_NUCLEAR_1,0.0
2030,sc01,02-18 19:00:00+01:00,118_CC_1,0.0
2030,sc01,02-18 19:00:00+01:00,107_CC_1,0.006632391261428088
2030,sc01,02-18 21:00:00+01:00,102_CT_2,0.0
2030,sc01,02-18 21:00:00+01:00,101_CT_1,0.0
2030,sc01,02-18 21:00:00+01:00,101_STEAM_4,0.0
2030,sc01,02-18 21:00:00+01:00,115_STEAM_3,0.0
2030,sc01,02-18 21:00:00+01:00,101_CT_2,0.0
2030,sc01,02-18 21:00:00+01:00,102_STEAM_4,0.0
2030,sc01,02-18 21:00:00+01:00,123_CT_1,0.0
2030,sc01,02-18 21:00:00+01:00,116_STEAM_1,0.0
2030,sc01,02-18 21:00:00+01:00,123_CT_5,0.0
2030,sc01,02-18 21:00:00+01:00,102_STEAM_3,0.0
2030,sc01,02-18 21:00:00+01:00,123_STEAM_3,0.0
2030,sc01,02-18 21:00:00+01:00,113_CT_3,0.0
2030,sc01,02-18 21:00:00+01:00,101_STEAM_3,0.0
2030,sc01,02-18 21:00:00+01:00,123_CT_4,0.0
2030,sc01,02-18 21:00:00+01:00,113_CT_1,0.0
2030,sc01,02-18 21:00:00+01:00,123_STEAM_2,0.0
2030,sc01,02-18 21:00:00+01:00,102_CT_1,0.0
2030,sc01,02-18 21:00:00+01:00,113_CT_2,0.0
2030,sc01,02-18 21:00:00+01:00,113_CT_4,0.0
2030,sc01,02-18 21:00:00+01:00,115_STEAM_1,0.0
2030,sc01,02-18 21:00:00+01:00,115_STEAM_2,0.0
2030,sc01,02-18 21:00:00+01:00,121_NUCLEAR_1,0.0
2030,sc01,02-18 21:00:00+01:00,118_CC_1,0.0
2030,sc01,02-18 21:00:00+01:00,107_CC_1,0.0
2030,sc01,02-19 18:00:00+01:00,102_CT_2,0.0
2030,sc01,02-19 18:00:00+01:00,101_CT_1,0.0
2030,sc01,02-19 18:00:00+01:00,101_STEAM_4,1.0
2030,sc01,02-19 18:00:00+01:00,115_STEAM_3,1.0
2030,sc01,02-19 18:00:00+01:00,101_CT_2,0.0
2030,sc01,02-19 18:00:00+01:00,102_STEAM_4,1.0
2030,sc01,02-19 18:00:00+01:00,123_CT_1,0.0
2030,sc01,02-19 18:00:00+01:00,116_STEAM_1,0.0
2030,sc01,02-19 18:00:00+01:00,123_CT_5,0.0
2030,sc01,02-19 18:00:00+01:00,102_STEAM_3,1.0
2030,sc01,02-19 18:00:00+01:00,123_STEAM_3,0.0
2030,sc01,02-19 18:00:00+01:00,113_CT_3,0.0
2030,sc01,02-19 18:00:00+01:00,101_STEAM_3,1.0
2030,sc01,02-19 18:00:00+01:00,123_CT_4,0.0
2030,sc01,02-19 18:00:00+01:00,113_CT_1,0.0
2030,sc01,02-19 18:00:00+01:00,123_STEAM_2,0.0
2030,sc01,02-19 18:00:00+01:00,102_CT_1,0.0
2030,sc01,02-19 18:00:00+01:00,113_CT_2,0.0
2030,sc01,02-19 18:00:00+01:00,113_CT_4,0.0
2030,sc01,02-19 18:00:00+01:00,115_STEAM_1,0.0
2030,sc01,02-19 18:00:00+01:00,115_STEAM_2,0.0
2030,sc01,02-19 18:00:00+01:00,121_NUCLEAR_1,0.8953372506581393
2030,sc01,02-19 18:00:00+01:00,118_CC_1,0.0
2030,sc01,02-19 18:00:00+01:00,107_CC_1,1.0
2030,sc01,02-20 14:00:00+01:00,102_CT_2,0.0
2030,sc01,02-20 14:00:00+01:00,101_CT_1,0.0
2030,sc01,02-20 14:00:00+01:00,101_STEAM_4,0.0
2030,sc01,02-20 14:00:00+01:00,115_STEAM_3,0.0
2030,sc01,02-20 14:00:00+01:00,101_CT_2,0.0
2030,sc01,02-20 14:00:00+01:00,102_STEAM_4,0.0
2030,sc01,02-20 14:00:00+01:00,123_CT_1,0.0
2030,sc01,02-20 14:00:00+01:00,116_STEAM_1,0.0
2030,sc01,02-20 14:00:00+01:00,123_CT_5,0.0
2030,sc01,02-20 14:00:00+01:00,102_STEAM_3,0.0
2030,sc01,02-20 14:00:00+01:00,123_STEAM_3,0.0
2030,sc01,02-20 14:00:00+01:00,113_CT_3,0.0
2030,sc01,02-20 14:00:00+01:00,101_STEAM_3,0.0
2030,sc01,02-20 14:00:00+01:00,123_CT_4,0.0
2030,sc01,02-20 14:00:00+01:00,113_CT_1,0.0
2030,sc01,02-20 14:00:00+01:00,123_STEAM_2,0.0
2030,sc01,02-20 14:00:00+01:00,102_CT_1,0.0
2030,sc01,02-20 14:00:00+01:00,113_CT_2,0.0
2030,sc01,02-20 14:00:00+01:00,113_CT_4,0.0
2030,sc01,02-20 14:00:00+01:00,115_STEAM_1,0.0
2030,sc01,02-20 14:00:00+01:00,115_STEAM_2,0.0
2030,sc01,02-20 14:00:00+01:00,121_NUCLEAR_1,0.44542574270627516
2030,sc01,02-20 14:00:00+01:00,118_CC_1,0.0
2030,sc01,02-20 14:00:00+01:00,107_CC_1,0.041601098863342616
2030,sc01,02-20 18:00:00+01:00,102_CT_2,0.0
2030,sc01,02-20 18:00:00+01:00,101_CT_1,0.0
2030,sc01,02-20 18:00:00+01:00,101_STEAM_4,1.0
2030,sc01,02-20 18:00:00+01:00,115_STEAM_3,1.0
2030,sc01,02-20 18:00:00+01:00,101_CT_2,0.0
2030,sc01,02-20 18:00:00+01:00,102_STEAM_4,1.0
2030,sc01,02-20 18:00:00+01:00,123_CT_1,0.0
2030,sc01,02-20 18:00:00+01:00,116_STEAM_1,0.0
2030,sc01,02-20 18:00:00+01:00,123_CT_5,0.0
2030,sc01,02-20 18:00:00+01:00,102_STEAM_3,1.0
2030,sc01,02-20 18:00:00+01:00,123_STEAM_3,0.0
2030,sc01,02-20 18:00:00+01:00,113_CT_3,0.0
2030,sc01,02-20 18:00:00+01:00,101_STEAM_3,1.0
2030,sc01,02-20 18:00:00+01:00,123_CT_4,0.0
2030,sc01,02-20 18:00:00+01:00,113_CT_1,0.0
2030,sc01,02-20 18:00:00+01:00,123_STEAM_2,0.0
2030,sc01,02-20 18:00:00+01:00,102_CT_1,0.0
2030,sc01,02-20 18:00:00+01:00,113_CT_2,0.0
2030,sc01,02-20 18:00:00+01:00,113_CT_4,0.0
2030,sc01,02-20 18:00:00+01:00,115_STEAM_1,0.0
2030,sc01,02-20 18:00:00+01:00,115_STEAM_2,0.0
2030,sc01,02-20 18:00:00+01:00,121_NUCLEAR_1,1.0
2030,sc01,02-20 18:00:00+01:00,118_CC_1,0.5924319093499926
2030,sc01,02-20 18:00:00+01:00,107_CC_1,1.0
2030,sc01,02-20 19:00:00+01:00,102_CT_2,0.0
2030,sc01,02-20 19:00:00+01:00,101_CT_1,0.0
2030,sc01,02-20 19:00:00+01:00,101_STEAM_4,0.0
2030,sc01,02-20 19:00:00+01:00,115_STEAM_3,0.0
2030,sc01,02-20 19:00:00+01:00,101_CT_2,0.0
2030,sc01,02-20 19:00:00+01:00,102_STEAM_4,0.0
2030,sc01,02-20 19:00:00+01:00,123_CT_1,0.0
2030,sc01,02-20 19:00:00+01:00,116_STEAM_1,0.0
2030,sc01,02-20 19:00:00+01:00,123_CT_5,0.0
2030,sc01,02-20 19:00:00+01:00,102_STEAM_3,0.0
2030,sc01,02-20 19:00:00+01:00,123_STEAM_3,0.0
2030,sc01,02-20 19:00:00+01:00,113_CT_3,0.0
2030,sc01,02-20 19:00:00+01:00,101_STEAM_3,0.0
2030,sc01,02-20 19:00:00+01:00,123_CT_4,0.0
2030,sc01,02-20 19:00:00+01:00,113_CT_1,0.0
2030,sc01,02-20 19:00:00+01:00,123_STEAM_2,0.0
2030,sc01,02-20 19:00:00+01:00,102_CT_1,0.0
2030,sc01,02-20 19:00:00+01:00,113_CT_2,0.0
2030,sc01,02-20 19:00:00+01:00,113_CT_4,0.0
2030,sc01,02-20 19:00:00+01:00,115_STEAM_1,0.0
2030,sc01,02-20 19:00:00+01:00,115_STEAM_2,0.0
2030,sc01,02-20 19:00:00+01:00,121_NUCLEAR_1,0.0
2030,sc01,02-20 19:00:00+01:00,118_CC_1,0.0
2030,sc01,02-20 19:00:00+01:00,107_CC_1,0.0
2030,sc01,02-21 19:00:00+01:00,102_CT_2,0.0
2030,sc01,02-21 19:00:00+01:00,101_CT_1,0.0
2030,sc01,02-21 19:00:00+01:00,101_STEAM_4,0.0
2030,sc01,02-21 19:00:00+01:00,115_STEAM_3,0.0
2030,sc01,02-21 19:00:00+01:00,101_CT_2,0.0
2030,sc01,02-21 19:00:00+01:00,102_STEAM_4,0.0
2030,sc01,02-21 19:00:00+01:00,123_CT_1,0.0
2030,sc01,02-21 19:00:00+01:00,116_STEAM_1,0.0
2030,sc01,02-21 19:00:00+01:00,123_CT_5,0.0
2030,sc01,02-21 19:00:00+01:00,102_STEAM_3,0.0
2030,sc01,02-21 19:00:00+01:00,123_STEAM_3,0.0
2030,sc01,02-21 19:00:00+01:00,113_CT_3,0.0
2030,sc01,02-21 19:00:00+01:00,101_STEAM_3,0.0
2030,sc01,02-21 19:00:00+01:00,123_CT_4,0.0
2030,sc01,02-21 19:00:00+01:00,113_CT_1,0.0
2030,sc01,02-21 19:00:00+01:00,123_STEAM_2,0.0
2030,sc01,02-21 19:00:00+01:00,102_CT_1,0.0
2030,sc01,02-21 19:00:00+01:00,113_CT_2,0.0
2030,sc01,02-21 19:00:00+01:00,113_CT_4,0.0
2030,sc01,02-21 19:00:00+01:00,115_STEAM_1,0.0
2030,sc01,02-21 19:00:00+01:00,115_STEAM_2,0.0
2030,sc01,02-21 19:00:00+01:00,121_NUCLEAR_1,0.5266751714213579
2030,sc01,02-21 19:00:00+01:00,118_CC_1,0.0
2030,sc01,02-21 19:00:00+01:00,107_CC_1,0.005111713579213525
2030,sc01,02-22 22:00:00+01:00,102_CT_2,0.0
2030,sc01,02-22 22:00:00+01:00,101_CT_1,0.0
2030,sc01,02-22 22:00:00+01:00,101_STEAM_4,0.0
2030,sc01,02-22 22:00:00+01:00,115_STEAM_3,0.0
2030,sc01,02-22 22:00:00+01:00,101_CT_2,0.0
2030,sc01,02-22 22:00:00+01:00,102_STEAM_4,0.0
2030,sc01,02-22 22:00:00+01:00,123_CT_1,0.0
2030,sc01,02-22 22:00:00+01:00,116_STEAM_1,0.0
2030,sc01,02-22 22:00:00+01:00,123_CT_5,0.0
2030,sc01,02-22 22:00:00+01:00,102_STEAM_3,0.0
2030,sc01,02-22 22:00:00+01:00,123_STEAM_3,0.0
2030,sc01,02-22 22:00:00+01:00,113_CT_3,0.0
2030,sc01,02-22 22:00:00+01:00,101_STEAM_3,0.0
2030,sc01,02-22 22:00:00+01:00,123_CT_4,0.0
2030,sc01,02-22 22:00:00+01:00,113_CT_1,0.0
2030,sc01,02-22 22:00:00+01:00,123_STEAM_2,0.0
2030,sc01,02-22 22:00:00+01:00,102_CT_1,0.0
2030,sc01,02-22 22:00:00+01:00,113_CT_2,0.0
2030,sc01,02-22 22:00:00+01:00,113_CT_4,0.0
2030,sc01,02-22 22:00:00+01:00,115_STEAM_1,0.0
2030,sc01,02-22 22:00:00+01:00,115_STEAM_2,0.0
2030,sc01,02-22 22:00:00+01:00,121_NUCLEAR_1,0.0
2030,sc01,02-22 22:00:00+01:00,118_CC_1,0.0
2030,sc01,02-22 22:00:00+01:00,107_CC_1,0.0
2030,sc01,02-25 19:00:00+01:00,102_CT_2,0.0
2030,sc01,02-25 19:00:00+01:00,101_CT_1,0.0
2030,sc01,02-25 19:00:00+01:00,101_STEAM_4,0.0
2030,sc01,02-25 19:00:00+01:00,115_STEAM_3,0.0
2030,sc01,02-25 19:00:00+01:00,101_CT_2,0.0
2030,sc01,02-25 19:00:00+01:00,102_STEAM_4,0.0
2030,sc01,02-25 19:00:00+01:00,123_CT_1,0.0
2030,sc01,02-25 19:00:00+01:00,116_STEAM_1,0.0
2030,sc01,02-25 19:00:00+01:00,123_CT_5,0.0
2030,sc01,02-25 19:00:00+01:00,102_STEAM_3,0.0
2030,sc01,02-25 19:00:00+01:00,123_STEAM_3,0.0
2030,sc01,02-25 19:00:00+01:00,113_CT_3,0.0
2030,sc01,02-25 19:00:00+01:00,101_STEAM_3,0.0
2030,sc01,02-25 19:00:00+01:00,123_CT_4,0.0
2030,sc01,02-25 19:00:00+01:00,113_CT_1,0.0
2030,sc01,02-25 19:00:00+01:00,123_STEAM_2,0.0
2030,sc01,02-25 19:00:00+01:00,102_CT_1,0.0
2030,sc01,02-25 19:00:00+01:00,113_CT_2,0.0
2030,sc01,02-25 19:00:00+01:00,113_CT_4,0.0
2030,sc01,02-25 19:00:00+01:00,115_STEAM_1,0.0
2030,sc01,02-25 19:00:00+01:00,115_STEAM_2,0.0
2030,sc01,02-25 19:00:00+01:00,121_NUCLEAR_1,0.0
2030,sc01,02-25 19:00:00+01:00,118_CC_1,0.0
2030,sc01,02-25 19:00:00+01:00,107_CC_1,0.0
2030,sc01,02-26 19:00:00+01:00,102_CT_2,0.0
2030,sc01,02-26 19:00:00+01:00,101_CT_1,0.0
2030,sc01,02-26 19:00:00+01:00,101_STEAM_4,0.0
2030,sc01,02-26 19:00:00+01:00,115_STEAM_3,0.0
2030,sc01,02-26 19:00:00+01:00,101_CT_2,0.0
2030,sc01,02-26 19:00:00+01:00,102_STEAM_4,0.0
2030,sc01,02-26 19:00:00+01:00,123_CT_1,0.0
2030,sc01,02-26 19:00:00+01:00,116_STEAM_1,0.0
2030,sc01,02-26 19:00:00+01:00,123_CT_5,0.0
2030,sc01,02-26 19:00:00+01:00,102_STEAM_3,0.0
2030,sc01,02-26 19:00:00+01:00,123_STEAM_3,0.0
2030,sc01,02-26 19:00:00+01:00,113_CT_3,0.0
2030,sc01,02-26 19:00:00+01:00,101_STEAM_3,0.0
2030,sc01,02-26 19:00:00+01:00,123_CT_4,0.0
2030,sc01,02-26 19:00:00+01:00,113_CT_1,0.0
2030,sc01,02-26 19:00:00+01:00,123_STEAM_2,0.0
2030,sc01,02-26 19:00:00+01:00,102_CT_1,0.0
2030,sc01,02-26 19:00:00+01:00,113_CT_2,0.0
2030,sc01,02-26 19:00:00+01:00,113_CT_4,0.0
2030,sc01,02-26 19:00:00+01:00,115_STEAM_1,0.0
2030,sc01,02-26 19:00:00+01:00,115_STEAM_2,0.0
2030,sc01,02-26 19:00:00+01:00,121_NUCLEAR_1,0.0342769296328015
2030,sc01,02-26 19:00:00+01:00,118_CC_1,0.0
2030,sc01,02-26 19:00:00+01:00,107_CC_1,0.0
2030,sc01,03-05 23:00:00+01:00,102_CT_2,0.0
2030,sc01,03-05 23:00:00+01:00,101_CT_1,0.0
2030,sc01,03-05 23:00:00+01:00,101_STEAM_4,0.0
2030,sc01,03-05 23:00:00+01:00,115_STEAM_3,0.0
2030,sc01,03-05 23:00:00+01:00,101_CT_2,0.0
2030,sc01,03-05 23:00:00+01:00,102_STEAM_4,0.0
2030,sc01,03-05 23:00:00+01:00,123_CT_1,0.0
2030,sc01,03-05 23:00:00+01:00,116_STEAM_1,0.0
2030,sc01,03-05 23:00:00+01:00,123_CT_5,0.0
2030,sc01,03-05 23:00:00+01:00,102_STEAM_3,0.0
2030,sc01,03-05 23:00:00+01:00,123_STEAM_3,0.0
2030,sc01,03-05 23:00:00+01:00,113_CT_3,0.0
2030,sc01,03-05 23:00:00+01:00,101_STEAM_3,0.0
2030,sc01,03-05 23:00:00+01:00,123_CT_4,0.0
2030,sc01,03-05 23:00:00+01:00,113_CT_1,0.0
2030,sc01,03-05 23:00:00+01:00,123_STEAM_2,0.0
2030,sc01,03-05 23:00:00+01:00,102_CT_1,0.0
2030,sc01,03-05 23:00:00+01:00,113_CT_2,0.0
2030,sc01,03-05 23:00:00+01:00,113_CT_4,0.0
2030,sc01,03-05 23:00:00+01:00,115_STEAM_1,0.0
2030,sc01,03-05 23:00:00+01:00,115_STEAM_2,0.0
2030,sc01,03-05 23:00:00+01:00,121_NUCLEAR_1,0.0
2030,sc01,03-05 23:00:00+01:00,118_CC_1,0.0
2030,sc01,03-05 23:00:00+01:00,107_CC_1,0.0
2030,sc01,03-10 17:00:00+01:00,102_CT_2,0.0
2030,sc01,03-10 17:00:00+01:00,101_CT_1,0.0
2030,sc01,03-10 17:00:00+01:00,101_STEAM_4,0.0
2030,sc01,03-10 17:00:00+01:00,115_STEAM_3,0.0
2030,sc01,03-10 17:00:00+01:00,101_CT_2,0.0
2030,sc01,03-10 17:00:00+01:00,102_STEAM_4,0.0
2030,sc01,03-10 17:00:00+01:00,123_CT_1,0.0
2030,sc01,03-10 17:00:00+01:00,116_STEAM_1,0.0
2030,sc01,03-10 17:00:00+01:00,123_CT_5,0.0
2030,sc01,03-10 17:00:00+01:00,102_STEAM_3,0.0
2030,sc01,03-10 17:00:00+01:00,123_STEAM_3,0.0
2030,sc01,03-10 17:00:00+01:00,113_CT_3,0.0
2030,sc01,03-10 17:00:00+01:00,101_STEAM_3,0.0
2030,sc01,03-10 17:00:00+01:00,123_CT_4,0.0
2030,sc01,03-10 17:00:00+01:00,113_CT_1,0.0
2030,sc01,03-10 17:00:00+01:00,123_STEAM_2,0.0
2030,sc01,03-10 17:00:00+01:00,102_CT_1,0.0
2030,sc01,03-10 17:00:00+01:00,113_CT_2,0.0
2030,sc01,03-10 17:00:00+01:00,113_CT_4,0.0
2030,sc01,03-10 17:00:00+01:00,115_STEAM_1,0.0
2030,sc01,03-10 17:00:00+01:00,115_STEAM_2,0.0
2030,sc01,03-10 17:00:00+01:00,121_NUCLEAR_1,0.9367725762672922
2030,sc01,03-10 17:00:00+01:00,118_CC_1,0.0
2030,sc01,03-10 17:00:00+01:00,107_CC_1,0.6365901116729348
2030,sc01,03-14 20:00:00+01:00,102_CT_2,0.0
2030,sc01,03-14 20:00:00+01:00,101_CT_1,0.0
2030,sc01,03-14 20:00:00+01:00,101_STEAM_4,0.0
2030,sc01,03-14 20:00:00+01:00,115_STEAM_3,0.0
2030,sc01,03-14 20:00:00+01:00,101_CT_2,0.0
2030,sc01,03-14 20:00:00+01:00,102_STEAM_4,0.0
2030,sc01,03-14 20:00:00+01:00,123_CT_1,0.0
2030,sc01,03-14 20:00:00+01:00,116_STEAM_1,0.0
2030,sc01,03-14 20:00:00+01:00,123_CT_5,0.0
2030,sc01,03-14 20:00:00+01:00,102_STEAM_3,0.0
2030,sc01,03-14 20:00:00+01:00,123_STEAM_3,0.0
2030,sc01,03-14 20:00:00+01:00,113_CT_3,0.0
2030,sc01,03-14 20:00:00+01:00,101_STEAM_3,0.0
2030,sc01,03-14 20:00:00+01:00,123_CT_4,0.0
2030,sc01,03-14 20:00:00+01:00,113_CT_1,0.0
2030,sc01,03-14 20:00:00+01:00,123_STEAM_2,0.0
2030,sc01,03-14 20:00:00+01:00,102_CT_1,0.0
2030,sc01,03-14 20:00:00+01:00,113_CT_2,0.0
2030,sc01,03-14 20:00:00+01:00,113_CT_4,0.0
2030,sc01,03-14 20:00:00+01:00,115_STEAM_1,0.0
2030,sc01,03-14 20:00:00+01:00,115_STEAM_2,0.0
2030,sc01,03-14 20:00:00+01:00,121_NUCLEAR_1,0.02150443189004348
2030,sc01,03-14 20:00:00+01:00,118_CC_1,0.0
2030,sc01,03-14 20:00:00+01:00,107_CC_1,0.0
2030,sc01,03-19 07:00:00+01:00,102_CT_2,0.0
2030,sc01,03-19 07:00:00+01:00,101_CT_1,0.0
2030,sc01,03-19 07:00:00+01:00,101_STEAM_4,0.0
2030,sc01,03-19 07:00:00+01:00,115_STEAM_3,1.0
2030,sc01,03-19 07:00:00+01:00,101_CT_2,0.0
2030,sc01,03-19 07:00:00+01:00,102_STEAM_4,0.0
2030,sc01,03-19 07:00:00+01:00,123_CT_1,0.0
2030,sc01,03-19 07:00:00+01:00,116_STEAM_1,0.0
2030,sc01,03-19 07:00:00+01:00,123_CT_5,0.0
2030,sc01,03-19 07:00:00+01:00,102_STEAM_3,0.0
2030,sc01,03-19 07:00:00+01:00,123_STEAM_3,1.0
2030,sc01,03-19 07:00:00+01:00,113_CT_3,0.0
2030,sc01,03-19 07:00:00+01:00,101_STEAM_3,0.0
2030,sc01,03-19 07:00:00+01:00,123_CT_4,0.0
2030,sc01,03-19 07:00:00+01:00,113_CT_1,0.0
2030,sc01,03-19 07:00:00+01:00,123_STEAM_2,1.0
2030,sc01,03-19 07:00:00+01:00,102_CT_1,0.0
2030,sc01,03-19 07:00:00+01:00,113_CT_2,0.0
2030,sc01,03-19 07:00:00+01:00,113_CT_4,0.0
2030,sc01,03-19 07:00:00+01:00,115_STEAM_1,0.0
2030,sc01,03-19 07:00:00+01:00,115_STEAM_2,0.0
2030,sc01,03-19 07:00:00+01:00,121_NUCLEAR_1,1.0
2030,sc01,03-19 07:00:00+01:00,118_CC_1,1.0
2030,sc01,03-19 07:00:00+01:00,107_CC_1,0.8916312032102437
2030,sc01,03-27 12:00:00+01:00,102_CT_2,0.0
2030,sc01,03-27 12:00:00+01:00,101_CT_1,0.0
2030,sc01,03-27 12:00:00+01:00,101_STEAM_4,0.0
2030,sc01,03-27 12:00:00+01:00,115_STEAM_3,0.0
2030,sc01,03-27 12:00:00+01:00,101_CT_2,0.0
2030,sc01,03-27 12:00:00+01:00,102_STEAM_4,0.0
2030,sc01,03-27 12:00:00+01:00,123_CT_1,0.0
2030,sc01,03-27 12:00:00+01:00,116_STEAM_1,0.0
2030,sc01,03-27 12:00:00+01:00,123_CT_5,0.0
2030,sc01,03-27 12:00:00+01:00,102_STEAM_3,0.0
2030,sc01,03-27 12:00:00+01:00,123_STEAM_3,0.0
2030,sc01,03-27 12:00:00+01:00,113_CT_3,0.0
2030,sc01,03-27 12:00:00+01:00,101_STEAM_3,0.0
2030,sc01,03-27 12:00:00+01:00,123_CT_4,0.0
2030,sc01,03-27 12:00:00+01:00,113_CT_1,0.0
2030,sc01,03-27 12:00:00+01:00,123_STEAM_2,0.0
2030,sc01,03-27 12:00:00+01:00,102_CT_1,0.0
2030,sc01,03-27 12:00:00+01:00,113_CT_2,0.0
2030,sc01,03-27 12:00:00+01:00,113_CT_4,0.0
2030,sc01,03-27 12:00:00+01:00,115_STEAM_1,0.0
2030,sc01,03-27 12:00:00+01:00,115_STEAM_2,0.0
2030,sc01,03-27 12:00:00+01:00,121_NUCLEAR_1,0.0
2030,sc01,03-27 12:00:00+01:00,118_CC_1,0.0
2030,sc01,03-27 12:00:00+01:00,107_CC_1,0.0
2030,sc01,04-05 03:00:00+02:00,102_CT_2,0.0
2030,sc01,04-05 03:00:00+02:00,101_CT_1,0.0
2030,sc01,04-05 03:00:00+02:00,101_STEAM_4,0.0
2030,sc01,04-05 03:00:00+02:00,115_STEAM_3,0.0
2030,sc01,04-05 03:00:00+02:00,101_CT_2,0.0
2030,sc01,04-05 03:00:00+02:00,102_STEAM_4,0.0
2030,sc01,04-05 03:00:00+02:00,123_CT_1,0.0
2030,sc01,04-05 03:00:00+02:00,116_STEAM_1,0.0
2030,sc01,04-05 03:00:00+02:00,123_CT_5,0.0
2030,sc01,04-05 03:00:00+02:00,102_STEAM_3,0.0
2030,sc01,04-05 03:00:00+02:00,123_STEAM_3,0.0
2030,sc01,04-05 03:00:00+02:00,113_CT_3,0.0
2030,sc01,04-05 03:00:00+02:00,101_STEAM_3,0.0
2030,sc01,04-05 03:00:00+02:00,123_CT_4,0.0
2030,sc01,04-05 03:00:00+02:00,113_CT_1,0.0
2030,sc01,04-05 03:00:00+02:00,123_STEAM_2,0.0
2030,sc01,04-05 03:00:00+02:00,102_CT_1,0.0
2030,sc01,04-05 03:00:00+02:00,113_CT_2,0.0
2030,sc01,04-05 03:00:00+02:00,113_CT_4,0.0
2030,sc01,04-05 03:00:00+02:00,115_STEAM_1,0.0
2030,sc01,04-05 03:00:00+02:00,115_STEAM_2,0.0
2030,sc01,04-05 03:00:00+02:00,121_NUCLEAR_1,0.0
2030,sc01,04-05 03:00:00+02:00,118_CC_1,0.0
2030,sc01,04-05 03:00:00+02:00,107_CC_1,0.0
2030,sc01,04-10 20:00:00+02:00,102_CT_2,0.0
2030,sc01,04-10 20:00:00+02:00,101_CT_1,0.0
2030,sc01,04-10 20:00:00+02:00,101_STEAM_4,0.0
2030,sc01,04-10 20:00:00+02:00,115_STEAM_3,0.0
2030,sc01,04-10 20:00:00+02:00,101_CT_2,0.0
2030,sc01,04-10 20:00:00+02:00,102_STEAM_4,0.0
2030,sc01,04-10 20:00:00+02:00,123_CT_1,0.0
2030,sc01,04-10 20:00:00+02:00,116_STEAM_1,0.0
2030,sc01,04-10 20:00:00+02:00,123_CT_5,0.0
2030,sc01,04-10 20:00:00+02:00,102_STEAM_3,0.0
2030,sc01,04-10 20:00:00+02:00,123_STEAM_3,0.0
2030,sc01,04-10 20:00:00+02:00,113_CT_3,0.0
2030,sc01,04-10 20:00:00+02:00,101_STEAM_3,0.0
2030,sc01,04-10 20:00:00+02:00,123_CT_4,0.0
2030,sc01,04-10 20:00:00+02:00,113_CT_1,0.0
2030,sc01,04-10 20:00:00+02:00,123_STEAM_2,0.0
2030,sc01,04-10 20:00:00+02:00,102_CT_1,0.0
2030,sc01,04-10 20:00:00+02:00,113_CT_2,0.0
2030,sc01,04-10 20:00:00+02:00,113_CT_4,0.0
2030,sc01,04-10 20:00:00+02:00,115_STEAM_1,0.0
2030,sc01,04-10 20:00:00+02:00,115_STEAM_2,0.0
2030,sc01,04-10 20:00:00+02:00,121_NUCLEAR_1,0.0
2030,sc01,04-10 20:00:00+02:00,118_CC_1,0.0
2030,sc01,04-10 20:00:00+02:00,107_CC_1,0.0
2030,sc01,04-11 09:00:00+02:00,102_CT_2,0.0
2030,sc01,04-11 09:00:00+02:00,101_CT_1,0.0
2030,sc01,04-11 09:00:00+02:00,101_STEAM_4,0.0
2030,sc01,04-11 09:00:00+02:00,115_STEAM_3,0.0
2030,sc01,04-11 09:00:00+02:00,101_CT_2,0.0
2030,sc01,04-11 09:00:00+02:00,102_STEAM_4,0.0
2030,sc01,04-11 09:00:00+02:00,123_CT_1,0.0
2030,sc01,04-11 09:00:00+02:00,116_STEAM_1,0.0
2030,sc01,04-11 09:00:00+02:00,123_CT_5,0.0
2030,sc01,04-11 09:00:00+02:00,102_STEAM_3,0.0
2030,sc01,04-11 09:00:00+02:00,123_STEAM_3,0.0
2030,sc01,04-11 09:00:00+02:00,113_CT_3,0.0
2030,sc01,04-11 09:00:00+02:00,101_STEAM_3,0.0
2030,sc01,04-11 09:00:00+02:00,123_CT_4,0.0
2030,sc01,04-11 09:00:00+02:00,113_CT_1,0.0
2030,sc01,04-11 09:00:00+02:00,123_STEAM_2,0.0
2030,sc01,04-11 09:00:00+02:00,102_CT_1,0.0
2030,sc01,04-11 09:00:00+02:00,113_CT_2,0.0
2030,sc01,04-11 09:00:00+02:00,113_CT_4,0.0
2030,sc01,04-11 09:00:00+02:00,115_STEAM_1,0.0
2030,sc01,04-11 09:00:00+02:00,115_STEAM_2,0.0
2030,sc01,04-11 09:00:00+02:00,121_NUCLEAR_1,1.0
2030,sc01,04-11 09:00:00+02:00,118_CC_1,0.0
2030,sc01,04-11 09:00:00+02:00,107_CC_1,0.3252259978100866
2030,sc01,04-24 01:00:00+02:00,102_CT_2,0.0
2030,sc01,04-24 01:00:00+02:00,101_CT_1,0.0
2030,sc01,04-24 01:00:00+02:00,101_STEAM_4,0.0
2030,sc01,04-24 01:00:00+02:00,115_STEAM_3,0.0
2030,sc01,04-24 01:00:00+02:00,101_CT_2,0.0
2030,sc01,04-24 01:00:00+02:00,102_STEAM_4,0.0
2030,sc01,04-24 01:00:00+02:00,123_CT_1,0.0
2030,sc01,04-24 01:00:00+02:00,116_STEAM_1,0.0
2030,sc01,04-24 01:00:00+02:00,123_CT_5,0.0
2030,sc01,04-24 01:00:00+02:00,102_STEAM_3,0.0
2030,sc01,04-24 01:00:00+02:00,123_STEAM_3,0.0
2030,sc01,04-24 01:00:00+02:00,113_CT_3,0.0
2030,sc01,04-24 01:00:00+02:00,101_STEAM_3,0.0
2030,sc01,04-24 01:00:00+02:00,123_CT_4,0.0
2030,sc01,04-24 01:00:00+02:00,113_CT_1,0.0
2030,sc01,04-24 01:00:00+02:00,123_STEAM_2,0.0
2030,sc01,04-24 01:00:00+02:00,102_CT_1,0.0
2030,sc01,04-24 01:00:00+02:00,113_CT_2,0.0
2030,sc01,04-24 01:00:00+02:00,113_CT_4,0.0
2030,sc01,04-24 01:00:00+02:00,115_STEAM_1,0.0
2030,sc01,04-24 01:00:00+02:00,115_STEAM_2,0.0
2030,sc01,04-24 01:00:00+02:00,121_NUCLEAR_1,0.0
2030,sc01,04-24 01:00:00+02:00,118_CC_1,0.0
2030,sc01,04-24 01:00:00+02:00,107_CC_1,0.0
2030,sc01,04-27 08:00:00+02:00,102_CT_2,0.0
2030,sc01,04-27 08:00:00+02:00,101_CT_1,0.0
2030,sc01,04-27 08:00:00+02:00,101_STEAM_4,0.0
2030,sc01,04-27 08:00:00+02:00,115_STEAM_3,0.0
2030,sc01,04-27 08:00:00+02:00,101_CT_2,0.0
2030,sc01,04-27 08:00:00+02:00,102_STEAM_4,0.0
2030,sc01,04-27 08:00:00+02:00,123_CT_1,0.0
2030,sc01,04-27 08:00:00+02:00,116_STEAM_1,0.0
2030,sc01,04-27 08:00:00+02:00,123_CT_5,0.0
2030,sc01,04-27 08:00:00+02:00,102_STEAM_3,0.0
2030,sc01,04-27 08:00:00+02:00,123_STEAM_3,0.0
2030,sc01,04-27 08:00:00+02:00,113_CT_3,0.0
2030,sc01,04-27 08:00:00+02:00,101_STEAM_3,0.0
2030,sc01,04-27 08:00:00+02:00,123_CT_4,0.0
2030,sc01,04-27 08:00:00+02:00,113_CT_1,0.0
2030,sc01,04-27 08:00:00+02:00,123_STEAM_2,0.0
2030,sc01,04-27 08:00:00+02:00,102_CT_1,0.0
2030,sc01,04-27 08:00:00+02:00,113_CT_2,0.0
2030,sc01,04-27 08:00:00+02:00,113_CT_4,0.0
2030,sc01,04-27 08:00:00+02:00,115_STEAM_1,0.0
2030,sc01,04-27 08:00:00+02:00,115_STEAM_2,0.0
2030,sc01,04-27 08:00:00+02:00,121_NUCLEAR_1,0.5066318895170453
2030,sc01,04-27 08:00:00+02:00,118_CC_1,0.0
2030,sc01,04-27 08:00:00+02:00,107_CC_1,0.0
2030,sc01,05-03 07:00:00+02:00,102_CT_2,0.0
2030,sc01,05-03 07:00:00+02:00,101_CT_1,0.0
2030,sc01,05-03 07:00:00+02:00,101_STEAM_4,0.0
2030,sc01,05-03 07:00:00+02:00,115_STEAM_3,1.0
2030,sc01,05-03 07:00:00+02:00,101_CT_2,0.0
2030,sc01,05-03 07:00:00+02:00,102_STEAM_4,0.0
2030,sc01,05-03 07:00:00+02:00,123_CT_1,0.0
2030,sc01,05-03 07:00:00+02:00,116_STEAM_1,0.0
2030,sc01,05-03 07:00:00+02:00,123_CT_5,0.0
2030,sc01,05-03 07:00:00+02:00,102_STEAM_3,0.0
2030,sc01,05-03 07:00:00+02:00,123_STEAM_3,0.0
2030,sc01,05-03 07:00:00+02:00,113_CT_3,0.0
2030,sc01,05-03 07:00:00+02:00,101_STEAM_3,0.0
2030,sc01,05-03 07:00:00+02:00,123_CT_4,0.0
2030,sc01,05-03 07:00:00+02:00,113_CT_1,0.0
2030,sc01,05-03 07:00:00+02:00,123_STEAM_2,0.0
2030,sc01,05-03 07:00:00+02:00,102_CT_1,0.0
2030,sc01,05-03 07:00:00+02:00,113_CT_2,0.0
2030,sc01,05-03 07:00:00+02:00,113_CT_4,0.0
2030,sc01,05-03 07:00:00+02:00,115_STEAM_1,0.0
2030,sc01,05-03 07:00:00+02:00,115_STEAM_2,0.0
2030,sc01,05-03 07:00:00+02:00,121_NUCLEAR_1,0.1305162734196239
2030,sc01,05-03 07:00:00+02:00,118_CC_1,0.0
2030,sc01,05-03 07:00:00+02:00,107_CC_1,0.9781057784396358
2030,sc01,05-04 02:00:00+02:00,102_CT_2,0.0
2030,sc01,05-04 02:00:00+02:00,101_CT_1,0.0
2030,sc01,05-04 02:00:00+02:00,101_STEAM_4,0.0
2030,sc01,05-04 02:00:00+02:00,115_STEAM_3,0.0
2030,sc01,05-04 02:00:00+02:00,101_CT_2,0.0
2030,sc01,05-04 02:00:00+02:00,102_STEAM_4,0.0
2030,sc01,05-04 02:00:00+02:00,123_CT_1,0.0
2030,sc01,05-04 02:00:00+02:00,116_STEAM_1,0.0
2030,sc01,05-04 02:00:00+02:00,123_CT_5,0.0
2030,sc01,05-04 02:00:00+02:00,102_STEAM_3,0.0
2030,sc01,05-04 02:00:00+02:00,123_STEAM_3,0.0
2030,sc01,05-04 02:00:00+02:00,113_CT_3,0.0
2030,sc01,05-04 02:00:00+02:00,101_STEAM_3,0.0
2030,sc01,05-04 02:00:00+02:00,123_CT_4,0.0
2030,sc01,05-04 02:00:00+02:00,113_CT_1,0.0
2030,sc01,05-04 02:00:00+02:00,123_STEAM_2,0.0
2030,sc01,05-04 02:00:00+02:00,102_CT_1,0.0
2030,sc01,05-04 02:00:00+02:00,113_CT_2,0.0
2030,sc01,05-04 02:00:00+02:00,113_CT_4,0.0
2030,sc01,05-04 02:00:00+02:00,115_STEAM_1,0.0
2030,sc01,05-04 02:00:00+02:00,115_STEAM_2,0.0
2030,sc01,05-04 02:00:00+02:00,121_NUCLEAR_1,0.0
2030,sc01,05-04 02:00:00+02:00,118_CC_1,0.0
2030,sc01,05-04 02:00:00+02:00,107_CC_1,0.0
2030,sc01,05-20 15:00:00+02:00,102_CT_2,0.0
2030,sc01,05-20 15:00:00+02:00,101_CT_1,0.0
2030,sc01,05-20 15:00:00+02:00,101_STEAM_4,0.0
2030,sc01,05-20 15:00:00+02:00,115_STEAM_3,0.0
2030,sc01,05-20 15:00:00+02:00,101_CT_2,0.0
2030,sc01,05-20 15:00:00+02:00,102_STEAM_4,0.0
2030,sc01,05-20 15:00:00+02:00,123_CT_1,0.0
2030,sc01,05-20 15:00:00+02:00,116_STEAM_1,0.0
2030,sc01,05-20 15:00:00+02:00,123_CT_5,0.0
2030,sc01,05-20 15:00:00+02:00,102_STEAM_3,0.0
2030,sc01,05-20 15:00:00+02:00,123_STEAM_3,0.0
2030,sc01,05-20 15:00:00+02:00,113_CT_3,0.0
2030,sc01,05-20 15:00:00+02:00,101_STEAM_3,0.0
2030,sc01,05-20 15:00:00+02:00,123_CT_4,0.0
2030,sc01,05-20 15:00:00+02:00,113_CT_1,0.0
2030,sc01,05-20 15:00:00+02:00,123_STEAM_2,0.0
2030,sc01,05-20 15:00:00+02:00,102_CT_1,0.0
2030,sc01,05-20 15:00:00+02:00,113_CT_2,0.0
2030,sc01,05-20 15:00:00+02:00,113_CT_4,0.0
2030,sc01,05-20 15:00:00+02:00,115_STEAM_1,0.0
2030,sc01,05-20 15:00:00+02:00,115_STEAM_2,0.0
2030,sc01,05-20 15:00:00+02:00,121_NUCLEAR_1,1.0
2030,sc01,05-20 15:00:00+02:00,118_CC_1,0.9196355800231115
2030,sc01,05-20 15:00:00+02:00,107_CC_1,0.0
2030,sc01,05-29 22:00:00+02:00,102_CT_2,0.0
2030,sc01,05-29 22:00:00+02:00,101_CT_1,0.0
2030,sc01,05-29 22:00:00+02:00,101_STEAM_4,0.0
2030,sc01,05-29 22:00:00+02:00,115_STEAM_3,0.0
2030,sc01,05-29 22:00:00+02:00,101_CT_2,0.0
2030,sc01,05-29 22:00:00+02:00,102_STEAM_4,0.0
2030,sc01,05-29 22:00:00+02:00,123_CT_1,0.0
2030,sc01,05-29 22:00:00+02:00,116_STEAM_1,0.0
2030,sc01,05-29 22:00:00+02:00,123_CT_5,0.0
2030,sc01,05-29 22:00:00+02:00,102_STEAM_3,0.0
2030,sc01,05-29 22:00:00+02:00,123_STEAM_3,0.0
2030,sc01,05-29 22:00:00+02:00,113_CT_3,0.0
2030,sc01,05-29 22:00:00+02:00,101_STEAM_3,0.0
2030,sc01,05-29 22:00:00+02:00,123_CT_4,0.0
2030,sc01,05-29 22:00:00+02:00,113_CT_1,0.0
2030,sc01,05-29 22:00:00+02:00,123_STEAM_2,0.0
2030,sc01,05-29 22:00:00+02:00,102_CT_1,0.0
2030,sc01,05-29 22:00:00+02:00,113_CT_2,0.0
2030,sc01,05-29 22:00:00+02:00,113_CT_4,0.0
2030,sc01,05-29 22:00:00+02:00,115_STEAM_1,0.0
2030,sc01,05-29 22:00:00+02:00,115_STEAM_2,0.0
2030,sc01,05-29 22:00:00+02:00,121_NUCLEAR_1,0.0
2030,sc01,05-29 22:00:00+02:00,118_CC_1,0.0
2030,sc01,05-29 22:00:00+02:00,107_CC_1,0.0
2030,sc01,06-03 02:00:00+02:00,102_CT_2,0.0
2030,sc01,06-03 02:00:00+02:00,101_CT_1,0.0
2030,sc01,06-03 02:00:00+02:00,101_STEAM_4,0.0
2030,sc01,06-03 02:00:00+02:00,115_STEAM_3,0.0
2030,sc01,06-03 02:00:00+02:00,101_CT_2,0.0
2030,sc01,06-03 02:00:00+02:00,102_STEAM_4,0.0
2030,sc01,06-03 02:00:00+02:00,123_CT_1,0.0
2030,sc01,06-03 02:00:00+02:00,116_STEAM_1,0.0
2030,sc01,06-03 02:00:00+02:00,123_CT_5,0.0
2030,sc01,06-03 02:00:00+02:00,102_STEAM_3,0.0
2030,sc01,06-03 02:00:00+02:00,123_STEAM_3,0.0
2030,sc01,06-03 02:00:00+02:00,113_CT_3,0.0
2030,sc01,06-03 02:00:00+02:00,101_STEAM_3,0.0
2030,sc01,06-03 02:00:00+02:00,123_CT_4,0.0
2030,sc01,06-03 02:00:00+02:00,113_CT_1,0.0
2030,sc01,06-03 02:00:00+02:00,123_STEAM_2,0.0
2030,sc01,06-03 02:00:00+02:00,102_CT_1,0.0
2030,sc01,06-03 02:00:00+02:00,113_CT_2,0.0
2030,sc01,06-03 02:00:00+02:00,113_CT_4,0.0
2030,sc01,06-03 02:00:00+02:00,115_STEAM_1,0.0
2030,sc01,06-03 02:00:00+02:00,115_STEAM_2,0.0
2030,sc01,06-03 02:00:00+02:00,121_NUCLEAR_1,0.0
2030,sc01,06-03 02:00:00+02:00,118_CC_1,0.0
2030,sc01,06-03 02:00:00+02:00,107_CC_1,0.0
2030,sc01,06-06 10:00:00+02:00,102_CT_2,0.0
2030,sc01,06-06 10:00:00+02:00,101_CT_1,0.0
2030,sc01,06-06 10:00:00+02:00,101_STEAM_4,0.0
2030,sc01,06-06 10:00:00+02:00,115_STEAM_3,0.0
2030,sc01,06-06 10:00:00+02:00,101_CT_2,0.0
2030,sc01,06-06 10:00:00+02:00,102_STEAM_4,0.0
2030,sc01,06-06 10:00:00+02:00,123_CT_1,0.0
2030,sc01,06-06 10:00:00+02:00,116_STEAM_1,0.0
2030,sc01,06-06 10:00:00+02:00,123_CT_5,0.0
2030,sc01,06-06 10:00:00+02:00,102_STEAM_3,0.0
2030,sc01,06-06 10:00:00+02:00,123_STEAM_3,0.0
2030,sc01,06-06 10:00:00+02:00,113_CT_3,0.0
2030,sc01,06-06 10:00:00+02:00,101_STEAM_3,0.0
2030,sc01,06-06 10:00:00+02:00,123_CT_4,0.0
2030,sc01,06-06 10:00:00+02:00,113_CT_1,0.0
2030,sc01,06-06 10:00:00+02:00,123_STEAM_2,0.0
2030,sc01,06-06 10:00:00+02:00,102_CT_1,0.0
2030,sc01,06-06 10:00:00+02:00,113_CT_2,0.0
2030,sc01,06-06 10:00:00+02:00,113_CT_4,0.0
2030,sc01,06-06 10:00:00+02:00,115_STEAM_1,0.0
2030,sc01,06-06 10:00:00+02:00,115_STEAM_2,0.0
2030,sc01,06-06 10:00:00+02:00,121_NUCLEAR_1,0.0
2030,sc01,06-06 10:00:00+02:00,118_CC_1,0.0
2030,sc01,06-06 10:00:00+02:00,107_CC_1,0.0
2030,sc01,06-13 16:00:00+02:00,102_CT_2,0.0
2030,sc01,06-13 16:00:00+02:00,101_CT_1,0.0
2030,sc01,06-13 16:00:00+02:00,101_STEAM_4,0.0
2030,sc01,06-13 16:00:00+02:00,115_STEAM_3,0.0
2030,sc01,06-13 16:00:00+02:00,101_CT_2,0.0
2030,sc01,06-13 16:00:00+02:00,102_STEAM_4,0.0
2030,sc01,06-13 16:00:00+02:00,123_CT_1,0.0
2030,sc01,06-13 16:00:00+02:00,116_STEAM_1,0.0
2030,sc01,06-13 16:00:00+02:00,123_CT_5,0.0
2030,sc01,06-13 16:00:00+02:00,102_STEAM_3,0.0
2030,sc01,06-13 16:00:00+02:00,123_STEAM_3,0.0
2030,sc01,06-13 16:00:00+02:00,113_CT_3,0.0
2030,sc01,06-13 16:00:00+02:00,101_STEAM_3,0.0
2030,sc01,06-13 16:00:00+02:00,123_CT_4,0.0
2030,sc01,06-13 16:00:00+02:00,113_CT_1,0.0
2030,sc01,06-13 16:00:00+02:00,123_STEAM_2,0.0
2030,sc01,06-13 16:00:00+02:00,102_CT_1,0.0
2030,sc01,06-13 16:00:00+02:00,113_CT_2,0.0
2030,sc01,06-13 16:00:00+02:00,113_CT_4,0.0
2030,sc01,06-13 16:00:00+02:00,115_STEAM_1,0.0
2030,sc01,06-13 16:00:00+02:00,115_STEAM_2,0.0
2030,sc01,06-13 16:00:00+02:00,121_NUCLEAR_1,0.0
2030,sc01,06-13 16:00:00+02:00,118_CC_1,0.0
2030,sc01,06-13 16:00:00+02:00,107_CC_1,0.0
2030,sc01,06-26 05:00:00+02:00,102_CT_2,0.0
2030,sc01,06-26 05:00:00+02:00,101_CT_1,0.0
2030,sc01,06-26 05:00:00+02:00,101_STEAM_4,0.0
2030,sc01,06-26 05:00:00+02:00,115_STEAM_3,0.6772468657859522
2030,sc01,06-26 05:00:00+02:00,101_CT_2,0.0
2030,sc01,06-26 05:00:00+02:00,102_STEAM_4,0.0
2030,sc01,06-26 05:00:00+02:00,123_CT_1,0.0
2030,sc01,06-26 05:00:00+02:00,116_STEAM_1,0.0
2030,sc01,06-26 05:00:00+02:00,123_CT_5,0.0
2030,sc01,06-26 05:00:00+02:00,102_STEAM_3,0.0
2030,sc01,06-26 05:00:00+02:00,123_STEAM_3,0.0
2030,sc01,06-26 05:00:00+02:00,113_CT_3,0.0
2030,sc01,06-26 05:00:00+02:00,101_STEAM_3,0.0
2030,sc01,06-26 05:00:00+02:00,123_CT_4,0.0
2030,sc01,06-26 05:00:00+02:00,113_CT_1,0.0
2030,sc01,06-26 05:00:00+02:00,123_STEAM_2,0.40177134295108785
2030,sc01,06-26 05:00:00+02:00,102_CT_1,0.0
2030,sc01,06-26 05:00:00+02:00,113_CT_2,0.0
2030,sc01,06-26 05:00:00+02:00,113_CT_4,0.0
2030,sc01,06-26 05:00:00+02:00,115_STEAM_1,0.0
2030,sc01,06-26 05:00:00+02:00,115_STEAM_2,0.0
2030,sc01,06-26 05:00:00+02:00,121_NUCLEAR_1,1.0
2030,sc01,06-26 05:00:00+02:00,118_CC_1,1.0
2030,sc01,06-26 05:00:00+02:00,107_CC_1,0.9056287226471885
2030,sc01,07-04 16:00:00+02:00,102_CT_2,0.0
2030,sc01,07-04 16:00:00+02:00,101_CT_1,0.0
2030,sc01,07-04 16:00:00+02:00,101_STEAM_4,0.0
2030,sc01,07-04 16:00:00+02:00,115_STEAM_3,0.0
2030,sc01,07-04 16:00:00+02:00,101_CT_2,0.0
2030,sc01,07-04 16:00:00+02:00,102_STEAM_4,0.0
2030,sc01,07-04 16:00:00+02:00,123_CT_1,0.0
2030,sc01,07-04 16:00:00+02:00,116_STEAM_1,0.0
2030,sc01,07-04 16:00:00+02:00,123_CT_5,0.0
2030,sc01,07-04 16:00:00+02:00,102_STEAM_3,0.0
2030,sc01,07-04 16:00:00+02:00,123_STEAM_3,0.0
2030,sc01,07-04 16:00:00+02:00,113_CT_3,0.0
2030,sc01,07-04 16:00:00+02:00,101_STEAM_3,0.0
2030,sc01,07-04 16:00:00+02:00,123_CT_4,0.0
2030,sc01,07-04 16:00:00+02:00,113_CT_1,0.0
2030,sc01,07-04 16:00:00+02:00,123_STEAM_2,0.0
2030,sc01,07-04 16:00:00+02:00,102_CT_1,0.0
2030,sc01,07-04 16:00:00+02:00,113_CT_2,0.0
2030,sc01,07-04 16:00:00+02:00,113_CT_4,0.0
2030,sc01,07-04 16:00:00+02:00,115_STEAM_1,0.0
2030,sc01,07-04 16:00:00+02:00,115_STEAM_2,0.0
2030,sc01,07-04 16:00:00+02:00,121_NUCLEAR_1,0.0
2030,sc01,07-04 16:00:00+02:00,118_CC_1,0.0
2030,sc01,07-04 16:00:00+02:00,107_CC_1,0.0
2030,sc01,07-20 21:00:00+02:00,102_CT_2,0.0
2030,sc01,07-20 21:00:00+02:00,101_CT_1,0.0
2030,sc01,07-20 21:00:00+02:00,101_STEAM_4,0.0
2030,sc01,07-20 21:00:00+02:00,115_STEAM_3,0.0
2030,sc01,07-20 21:00:00+02:00,101_CT_2,0.0
2030,sc01,07-20 21:00:00+02:00,102_STEAM_4,0.0
2030,sc01,07-20 21:00:00+02:00,123_CT_1,0.0
2030,sc01,07-20 21:00:00+02:00,116_STEAM_1,0.0
2030,sc01,07-20 21:00:00+02:00,123_CT_5,0.0
2030,sc01,07-20 21:00:00+02:00,102_STEAM_3,0.0
2030,sc01,07-20 21:00:00+02:00,123_STEAM_3,0.0
2030,sc01,07-20 21:00:00+02:00,113_CT_3,0.0
2030,sc01,07-20 21:00:00+02:00,101_STEAM_3,0.0
2030,sc01,07-20 21:00:00+02:00,123_CT_4,0.0
2030,sc01,07-20 21:00:00+02:00,113_CT_1,0.0
2030,sc01,07-20 21:00:00+02:00,123_STEAM_2,0.0
2030,sc01,07-20 21:00:00+02:00,102_CT_1,0.0
2030,sc01,07-20 21:00:00+02:00,113_CT_2,0.0
2030,sc01,07-20 21:00:00+02:00,113_CT_4,0.0
2030,sc01,07-20 21:00:00+02:00,115_STEAM_1,0.0
2030,sc01,07-20 21:00:00+02:00,115_STEAM_2,0.0
2030,sc01,07-20 21:00:00+02:00,121_NUCLEAR_1,0.0
2030,sc01,07-20 21:00:00+02:00,118_CC_1,0.0
2030,sc01,07-20 21:00:00+02:00,107_CC_1,0.0
2030,sc01,07-26 14:00:00+02:00,102_CT_2,0.0
2030,sc01,07-26 14:00:00+02:00,101_CT_1,0.0
2030,sc01,07-26 14:00:00+02:00,101_STEAM_4,0.0
2030,sc01,07-26 14:00:00+02:00,115_STEAM_3,0.0
2030,sc01,07-26 14:00:00+02:00,101_CT_2,0.0
2030,sc01,07-26 14:00:00+02:00,102_STEAM_4,0.0
2030,sc01,07-26 14:00:00+02:00,123_CT_1,0.0
2030,sc01,07-26 14:00:00+02:00,116_STEAM_1,0.0
2030,sc01,07-26 14:00:00+02:00,123_CT_5,0.0
2030,sc01,07-26 14:00:00+02:00,102_STEAM_3,0.0
2030,sc01,07-26 14:00:00+02:00,123_STEAM_3,0.0
2030,sc01,07-26 14:00:00+02:00,113_CT_3,0.0
2030,sc01,07-26 14:00:00+02:00,101_STEAM_3,0.0
2030,sc01,07-26 14:00:00+02:00,123_CT_4,0.0
2030,sc01,07-26 14:00:00+02:00,113_CT_1,0.0
2030,sc01,07-26 14:00:00+02:00,123_STEAM_2,0.0
2030,sc01,07-26 14:00:00+02:00,102_CT_1,0.0
2030,sc01,07-26 14:00:00+02:00,113_CT_2,0.0
2030,sc01,07-26 14:00:00+02:00,113_CT_4,0.0
2030,sc01,07-26 14:00:00+02:00,115_STEAM_1,0.0
2030,sc01,07-26 14:00:00+02:00,115_STEAM_2,0.0
2030,sc01,07-26 14:00:00+02:00,121_NUCLEAR_1,0.0
2030,sc01,07-26 14:00:00+02:00,118_CC_1,0.0
2030,sc01,07-26 14:00:00+02:00,107_CC_1,0.0
2030,sc01,08-02 15:00:00+02:00,102_CT_2,0.0
2030,sc01,08-02 15:00:00+02:00,101_CT_1,0.0
2030,sc01,08-02 15:00:00+02:00,101_STEAM_4,0.0
2030,sc01,08-02 15:00:00+02:00,115_STEAM_3,0.0
2030,sc01,08-02 15:00:00+02:00,101_CT_2,0.0
2030,sc01,08-02 15:00:00+02:00,102_STEAM_4,0.0
2030,sc01,08-02 15:00:00+02:00,123_CT_1,0.0
2030,sc01,08-02 15:00:00+02:00,116_STEAM_1,0.0
2030,sc01,08-02 15:00:00+02:00,123_CT_5,0.0
2030,sc01,08-02 15:00:00+02:00,102_STEAM_3,0.0
2030,sc01,08-02 15:00:00+02:00,123_STEAM_3,0.0
2030,sc01,08-02 15:00:00+02:00,113_CT_3,0.0
2030,sc01,08-02 15:00:00+02:00,101_STEAM_3,0.0
2030,sc01,08-02 15:00:00+02:00,123_CT_4,0.0
2030,sc01,08-02 15:00:00+02:00,113_CT_1,0.0
2030,sc01,08-02 15:00:00+02:00,123_STEAM_2,0.0
2030,sc01,08-02 15:00:00+02:00,102_CT_1,0.0
2030,sc01,08-02 15:00:00+02:00,113_CT_2,0.0
2030,sc01,08-02 15:00:00+02:00,113_CT_4,0.0
2030,sc01,08-02 15:00:00+02:00,115_STEAM_1,0.0
2030,sc01,08-02 15:00:00+02:00,115_STEAM_2,0.0
2030,sc01,08-02 15:00:00+02:00,121_NUCLEAR_1,1.0
2030,sc01,08-02 15:00:00+02:00,118_CC_1,0.0
2030,sc01,08-02 15:00:00+02:00,107_CC_1,0.14983511306841993
2030,sc01,08-09 03:00:00+02:00,102_CT_2,0.0
2030,sc01,08-09 03:00:00+02:00,101_CT_1,0.0
2030,sc01,08-09 03:00:00+02:00,101_STEAM_4,0.0
2030,sc01,08-09 03:00:00+02:00,115_STEAM_3,0.0
2030,sc01,08-09 03:00:00+02:00,101_CT_2,0.0
2030,sc01,08-09 03:00:00+02:00,102_STEAM_4,0.0
2030,sc01,08-09 03:00:00+02:00,123_CT_1,0.0
2030,sc01,08-09 03:00:00+02:00,116_STEAM_1,0.0
2030,sc01,08-09 03:00:00+02:00,123_CT_5,0.0
2030,sc01,08-09 03:00:00+02:00,102_STEAM_3,0.0
2030,sc01,08-09 03:00:00+02:00,123_STEAM_3,0.0
2030,sc01,08-09 03:00:00+02:00,113_CT_3,0.0
2030,sc01,08-09 03:00:00+02:00,101_STEAM_3,0.0
2030,sc01,08-09 03:00:00+02:00,123_CT_4,0.0
2030,sc01,08-09 03:00:00+02:00,113_CT_1,0.0
2030,sc01,08-09 03:00:00+02:00,123_STEAM_2,0.0
2030,sc01,08-09 03:00:00+02:00,102_CT_1,0.0
2030,sc01,08-09 03:00:00+02:00,113_CT_2,0.0
2030,sc01,08-09 03:00:00+02:00,113_CT_4,0.0
2030,sc01,08-09 03:00:00+02:00,115_STEAM_1,0.0
2030,sc01,08-09 03:00:00+02:00,115_STEAM_2,0.0
2030,sc01,08-09 03:00:00+02:00,121_NUCLEAR_1,0.0
2030,sc01,08-09 03:00:00+02:00,118_CC_1,0.0
2030,sc01,08-09 03:00:00+02:00,107_CC_1,0.0
2030,sc01,08-21 14:00:00+02:00,102_CT_2,0.0
2030,sc01,08-21 14:00:00+02:00,101_CT_1,0.0
2030,sc01,08-21 14:00:00+02:00,101_STEAM_4,0.0
2030,sc01,08-21 14:00:00+02:00,115_STEAM_3,0.0
2030,sc01,08-21 14:00:00+02:00,101_CT_2,0.0
2030,sc01,08-21 14:00:00+02:00,102_STEAM_4,0.0
2030,sc01,08-21 14:00:00+02:00,123_CT_1,0.0
2030,sc01,08-21 14:00:00+02:00,116_STEAM_1,0.0
2030,sc01,08-21 14:00:00+02:00,123_CT_5,0.0
2030,sc01,08-21 14:00:00+02:00,102_STEAM_3,0.0
2030,sc01,08-21 14:00:00+02:00,123_STEAM_3,0.0
2030,sc01,08-21 14:00:00+02:00,113_CT_3,0.0
2030,sc01,08-21 14:00:00+02:00,101_STEAM_3,0.0
2030,sc01,08-21 14:00:00+02:00,123_CT_4,0.0
2030,sc01,08-21 14:00:00+02:00,113_CT_1,0.0
2030,sc01,08-21 14:00:00+02:00,123_STEAM_2,0.0
2030,sc01,08-21 14:00:00+02:00,102_CT_1,0.0
2030,sc01,08-21 14:00:00+02:00,113_CT_2,0.0
2030,sc01,08-21 14:00:00+02:00,113_CT_4,0.0
2030,sc01,08-21 14:00:00+02:00,115_STEAM_1,0.0
2030,sc01,08-21 14:00:00+02:00,115_STEAM_2,0.0
2030,sc01,08-21 14:00:00+02:00,121_NUCLEAR_1,0.0
2030,sc01,08-21 14:00:00+02:00,118_CC_1,0.0
2030,sc01,08-21 14:00:00+02:00,107_CC_1,0.0
2030,sc01,09-01 01:00:00+02:00,102_CT_2,0.0
2030,sc01,09-01 01:00:00+02:00,101_CT_1,0.0
2030,sc01,09-01 01:00:00+02:00,101_STEAM_4,0.0
2030,sc01,09-01 01:00:00+02:00,115_STEAM_3,0.0
2030,sc01,09-01 01:00:00+02:00,101_CT_2,0.0
2030,sc01,09-01 01:00:00+02:00,102_STEAM_4,0.0
2030,sc01,09-01 01:00:00+02:00,123_CT_1,0.0
2030,sc01,09-01 01:00:00+02:00,116_STEAM_1,0.0
2030,sc01,09-01 01:00:00+02:00,123_CT_5,0.0
2030,sc01,09-01 01:00:00+02:00,102_STEAM_3,0.0
2030,sc01,09-01 01:00:00+02:00,123_STEAM_3,0.0
2030,sc01,09-01 01:00:00+02:00,113_CT_3,0.0
2030,sc01,09-01 01:00:00+02:00,101_STEAM_3,0.0
2030,sc01,09-01 01:00:00+02:00,123_CT_4,0.0
2030,sc01,09-01 01:00:00+02:00,113_CT_1,0.0
2030,sc01,09-01 01:00:00+02:00,123_STEAM_2,0.0
2030,sc01,09-01 01:00:00+02:00,102_CT_1,0.0
2030,sc01,09-01 01:00:00+02:00,113_CT_2,0.0
2030,sc01,09-01 01:00:00+02:00,113_CT_4,0.0
2030,sc01,09-01 01:00:00+02:00,115_STEAM_1,0.0
2030,sc01,09-01 01:00:00+02:00,115_STEAM_2,0.0
2030,sc01,09-01 01:00:00+02:00,121_NUCLEAR_1,0.0
2030,sc01,09-01 01:00:00+02:00,118_CC_1,0.0
2030,sc01,09-01 01:00:00+02:00,107_CC_1,0.0
2030,sc01,09-03 22:00:00+02:00,102_CT_2,0.0
2030,sc01,09-03 22:00:00+02:00,101_CT_1,0.0
2030,sc01,09-03 22:00:00+02:00,101_STEAM_4,0.0
2030,sc01,09-03 22:00:00+02:00,115_STEAM_3,0.0
2030,sc01,09-03 22:00:00+02:00,101_CT_2,0.0
2030,sc01,09-03 22:00:00+02:00,102_STEAM_4,0.0
2030,sc01,09-03 22:00:00+02:00,123_CT_1,0.0
2030,sc01,09-03 22:00:00+02:00,116_STEAM_1,0.0
2030,sc01,09-03 22:00:00+02:00,123_CT_5,0.0
2030,sc01,09-03 22:00:00+02:00,102_STEAM_3,0.0
2030,sc01,09-03 22:00:00+02:00,123_STEAM_3,0.0
2030,sc01,09-03 22:00:00+02:00,113_CT_3,0.0
2030,sc01,09-03 22:00:00+02:00,101_STEAM_3,0.0
2030,sc01,09-03 22:00:00+02:00,123_CT_4,0.0
2030,sc01,09-03 22:00:00+02:00,113_CT_1,0.0
2030,sc01,09-03 22:00:00+02:00,123_STEAM_2,0.0
2030,sc01,09-03 22:00:00+02:00,102_CT_1,0.0
2030,sc01,09-03 22:00:00+02:00,113_CT_2,0.0
2030,sc01,09-03 22:00:00+02:00,113_CT_4,0.0
2030,sc01,09-03 22:00:00+02:00,115_STEAM_1,0.0
2030,sc01,09-03 22:00:00+02:00,115_STEAM_2,0.0
2030,sc01,09-03 22:00:00+02:00,121_NUCLEAR_1,0.0
2030,sc01,09-03 22:00:00+02:00,118_CC_1,0.0
2030,sc01,09-03 22:00:00+02:00,107_CC_1,0.0
2030,sc01,09-05 09:00:00+02:00,102_CT_2,0.0
2030,sc01,09-05 09:00:00+02:00,101_CT_1,0.0
2030,sc01,09-05 09:00:00+02:00,101_STEAM_4,0.0
2030,sc01,09-05 09:00:00+02:00,115_STEAM_3,0.0
2030,sc01,09-05 09:00:00+02:00,101_CT_2,0.0
2030,sc01,09-05 09:00:00+02:00,102_STEAM_4,0.0
2030,sc01,09-05 09:00:00+02:00,123_CT_1,0.0
2030,sc01,09-05 09:00:00+02:00,116_STEAM_1,0.0
2030,sc01,09-05 09:00:00+02:00,123_CT_5,0.0
2030,sc01,09-05 09:00:00+02:00,102_STEAM_3,0.0
2030,sc01,09-05 09:00:00+02:00,123_STEAM_3,0.0
2030,sc01,09-05 09:00:00+02:00,113_CT_3,0.0
2030,sc01,09-05 09:00:00+02:00,101_STEAM_3,0.0
2030,sc01,09-05 09:00:00+02:00,123_CT_4,0.0
2030,sc01,09-05 09:00:00+02:00,113_CT_1,0.0
2030,sc01,09-05 09:00:00+02:00,123_STEAM_2,0.0
2030,sc01,09-05 09:00:00+02:00,102_CT_1,0.0
2030,sc01,09-05 09:00:00+02:00,113_CT_2,0.0
2030,sc01,09-05 09:00:00+02:00,113_CT_4,0.0
2030,sc01,09-05 09:00:00+02:00,115_STEAM_1,0.0
2030,sc01,09-05 09:00:00+02:00,115_STEAM_2,0.0
2030,sc01,09-05 09:00:00+02:00,121_NUCLEAR_1,0.0
2030,sc01,09-05 09:00:00+02:00,118_CC_1,0.0
2030,sc01,09-05 09:00:00+02:00,107_CC_1,0.0
2030,sc01,09-25 21:00:00+02:00,102_CT_2,0.0
2030,sc01,09-25 21:00:00+02:00,101_CT_1,0.0
2030,sc01,09-25 21:00:00+02:00,101_STEAM_4,0.0
2030,sc01,09-25 21:00:00+02:00,115_STEAM_3,0.0
2030,sc01,09-25 21:00:00+02:00,101_CT_2,0.0
2030,sc01,09-25 21:00:00+02:00,102_STEAM_4,0.0
2030,sc01,09-25 21:00:00+02:00,123_CT_1,0.0
2030,sc01,09-25 21:00:00+02:00,116_STEAM_1,0.0
2030,sc01,09-25 21:00:00+02:00,123_CT_5,0.0
2030,sc01,09-25 21:00:00+02:00,102_STEAM_3,0.0
2030,sc01,09-25 21:00:00+02:00,123_STEAM_3,0.0
2030,sc01,09-25 21:00:00+02:00,113_CT_3,0.0
2030,sc01,09-25 21:00:00+02:00,101_STEAM_3,0.0
2030,sc01,09-25 21:00:00+02:00,123_CT_4,0.0
2030,sc01,09-25 21:00:00+02:00,113_CT_1,0.0
2030,sc01,09-25 21:00:00+02:00,123_STEAM_2,0.0
2030,sc01,09-25 21:00:00+02:00,102_CT_1,0.0
2030,sc01,09-25 21:00:00+02:00,113_CT_2,0.0
2030,sc01,09-25 21:00:00+02:00,113_CT_4,0.0
2030,sc01,09-25 21:00:00+02:00,115_STEAM_1,0.0
2030,sc01,09-25 21:00:00+02:00,115_STEAM_2,0.0
2030,sc01,09-25 21:00:00+02:00,121_NUCLEAR_1,0.0
2030,sc01,09-25 21:00:00+02:00,118_CC_1,0.0
2030,sc01,09-25 21:00:00+02:00,107_CC_1,0.0
2030,sc01,10-01 10:00:00+02:00,102_CT_2,0.0
2030,sc01,10-01 10:00:00+02:00,101_CT_1,0.0
2030,sc01,10-01 10:00:00+02:00,101_STEAM_4,0.0
2030,sc01,10-01 10:00:00+02:00,115_STEAM_3,0.0
2030,sc01,10-01 10:00:00+02:00,101_CT_2,0.0
2030,sc01,10-01 10:00:00+02:00,102_STEAM_4,0.0
2030,sc01,10-01 10:00:00+02:00,123_CT_1,0.0
2030,sc01,10-01 10:00:00+02:00,116_STEAM_1,0.0
2030,sc01,10-01 10:00:00+02:00,123_CT_5,0.0
2030,sc01,10-01 10:00:00+02:00,102_STEAM_3,0.0
2030,sc01,10-01 10:00:00+02:00,123_STEAM_3,0.0
2030,sc01,10-01 10:00:00+02:00,113_CT_3,0.0
2030,sc01,10-01 10:00:00+02:00,101_STEAM_3,0.0
2030,sc01,10-01 10:00:00+02:00,123_CT_4,0.0
2030,sc01,10-01 10:00:00+02:00,113_CT_1,0.0
2030,sc01,10-01 10:00:00+02:00,123_STEAM_2,0.0
2030,sc01,10-01 10:00:00+02:00,102_CT_1,0.0
2030,sc01,10-01 10:00:00+02:00,113_CT_2,0.0
2030,sc01,10-01 10:00:00+02:00,113_CT_4,0.0
2030,sc01,10-01 10:00:00+02:00,115_STEAM_1,0.0
2030,sc01,10-01 10:00:00+02:00,115_STEAM_2,0.0
2030,sc01,10-01 10:00:00+02:00,121_NUCLEAR_1,1.0
2030,sc01,10-01 10:00:00+02:00,118_CC_1,0.02235563563219617
2030,sc01,10-01 10:00:00+02:00,107_CC_1,0.0
2030,sc01,10-06 00:00:00+02:00,102_CT_2,0.0
2030,sc01,10-06 00:00:00+02:00,101_CT_1,0.0
2030,sc01,10-06 00:00:00+02:00,101_STEAM_4,0.0
2030,sc01,10-06 00:00:00+02:00,115_STEAM_3,0.0
2030,sc01,10-06 00:00:00+02:00,101_CT_2,0.0
2030,sc01,10-06 00:00:00+02:00,102_STEAM_4,0.0
2030,sc01,10-06 00:00:00+02:00,123_CT_1,0.0
2030,sc01,10-06 00:00:00+02:00,116_STEAM_1,0.0
2030,sc01,10-06 00:00:00+02:00,123_CT_5,0.0
2030,sc01,10-06 00:00:00+02:00,102_STEAM_3,0.0
2030,sc01,10-06 00:00:00+02:00,123_STEAM_3,0.0
2030,sc01,10-06 00:00:00+02:00,113_CT_3,0.0
2030,sc01,10-06 00:00:00+02:00,101_STEAM_3,0.0
2030,sc01,10-06 00:00:00+02:00,123_CT_4,0.0
2030,sc01,10-06 00:00:00+02:00,113_CT_1,0.0
2030,sc01,10-06 00:00:00+02:00,123_STEAM_2,0.0
2030,sc01,10-06 00:00:00+02:00,102_CT_1,0.0
2030,sc01,10-06 00:00:00+02:00,113_CT_2,0.0
2030,sc01,10-06 00:00:00+02:00,113_CT_4,0.0
2030,sc01,10-06 00:00:00+02:00,115_STEAM_1,0.0
2030,sc01,10-06 00:00:00+02:00,115_STEAM_2,0.0
2030,sc01,10-06 00:00:00+02:00,121_NUCLEAR_1,0.0
2030,sc01,10-06 00:00:00+02:00,118_CC_1,0.0
2030,sc01,10-06 00:00:00+02:00,107_CC_1,0.0
2030,sc01,10-17 08:00:00+02:00,102_CT_2,0.0
2030,sc01,10-17 08:00:00+02:00,101_CT_1,0.0
2030,sc01,10-17 08:00:00+02:00,101_STEAM_4,0.0
2030,sc01,10-17 08:00:00+02:00,115_STEAM_3,1.0
2030,sc01,10-17 08:00:00+02:00,101_CT_2,0.0
2030,sc01,10-17 08:00:00+02:00,102_STEAM_4,0.0
2030,sc01,10-17 08:00:00+02:00,123_CT_1,0.0
2030,sc01,10-17 08:00:00+02:00,116_STEAM_1,0.0
2030,sc01,10-17 08:00:00+02:00,123_CT_5,0.0
2030,sc01,10-17 08:00:00+02:00,102_STEAM_3,0.0
2030,sc01,10-17 08:00:00+02:00,123_STEAM_3,0.0
2030,sc01,10-17 08:00:00+02:00,113_CT_3,0.0
2030,sc01,10-17 08:00:00+02:00,101_STEAM_3,0.0
2030,sc01,10-17 08:00:00+02:00,123_CT_4,0.0
2030,sc01,10-17 08:00:00+02:00,113_CT_1,0.0
2030,sc01,10-17 08:00:00+02:00,123_STEAM_2,0.0
2030,sc01,10-17 08:00:00+02:00,102_CT_1,0.0
2030,sc01,10-17 08:00:00+02:00,113_CT_2,0.0
2030,sc01,10-17 08:00:00+02:00,113_CT_4,0.0
2030,sc01,10-17 08:00:00+02:00,115_STEAM_1,0.0
2030,sc01,10-17 08:00:00+02:00,115_STEAM_2,0.0
2030,sc01,10-17 08:00:00+02:00,121_NUCLEAR_1,1.0
2030,sc01,10-17 08:00:00+02:00,118_CC_1,1.0
2030,sc01,10-17 08:00:00+02:00,107_CC_1,1.0
2030,sc01,10-22 13:00:00+02:00,102_CT_2,0.0
2030,sc01,10-22 13:00:00+02:00,101_CT_1,0.0
2030,sc01,10-22 13:00:00+02:00,101_STEAM_4,0.0
2030,sc01,10-22 13:00:00+02:00,115_STEAM_3,1.0
2030,sc01,10-22 13:00:00+02:00,101_CT_2,0.0
2030,sc01,10-22 13:00:00+02:00,102_STEAM_4,0.0
2030,sc01,10-22 13:00:00+02:00,123_CT_1,0.0
2030,sc01,10-22 13:00:00+02:00,116_STEAM_1,0.0
2030,sc01,10-22 13:00:00+02:00,123_CT_5,0.0
2030,sc01,10-22 13:00:00+02:00,102_STEAM_3,0.0
2030,sc01,10-22 13:00:00+02:00,123_STEAM_3,0.0
2030,sc01,10-22 13:00:00+02:00,113_CT_3,0.0
2030,sc01,10-22 13:00:00+02:00,101_STEAM_3,0.0
2030,sc01,10-22 13:00:00+02:00,123_CT_4,0.0
2030,sc01,10-22 13:00:00+02:00,113_CT_1,0.0
2030,sc01,10-22 13:00:00+02:00,123_STEAM_2,0.0
2030,sc01,10-22 13:00:00+02:00,102_CT_1,0.0
2030,sc01,10-22 13:00:00+02:00,113_CT_2,0.0
2030,sc01,10-22 13:00:00+02:00,113_CT_4,0.0
2030,sc01,10-22 13:00:00+02:00,115_STEAM_1,0.0
2030,sc01,10-22 13:00:00+02:00,115_STEAM_2,0.0
2030,sc01,10-22 13:00:00+02:00,121_NUCLEAR_1,0.0
2030,sc01,10-22 13:00:00+02:00,118_CC_1,0.0
2030,sc01,10-22 13:00:00+02:00,107_CC_1,0.012959417624408883
2030,sc01,10-22 16:00:00+02:00,102_CT_2,0.0
2030,sc01,10-22 16:00:00+02:00,101_CT_1,0.0
2030,sc01,10-22 16:00:00+02:00,101_STEAM_4,0.0
2030,sc01,10-22 16:00:00+02:00,115_STEAM_3,1.0
2030,sc01,10-22 16:00:00+02:00,101_CT_2,0.0
2030,sc01,10-22 16:00:00+02:00,102_STEAM_4,0.0
2030,sc01,10-22 16:00:00+02:00,123_CT_1,0.0
2030,sc01,10-22 16:00:00+02:00,116_STEAM_1,0.0
2030,sc01,10-22 16:00:00+02:00,123_CT_5,0.0
2030,sc01,10-22 16:00:00+02:00,102_STEAM_3,0.0
2030,sc01,10-22 16:00:00+02:00,123_STEAM_3,0.0
2030,sc01,10-22 16:00:00+02:00,113_CT_3,0.0
2030,sc01,10-22 16:00:00+02:00,101_STEAM_3,0.0
2030,sc01,10-22 16:00:00+02:00,123_CT_4,0.0
2030,sc01,10-22 16:00:00+02:00,113_CT_1,0.0
2030,sc01,10-22 16:00:00+02:00,123_STEAM_2,0.0
2030,sc01,10-22 16:00:00+02:00,102_CT_1,0.0
2030,sc01,10-22 16:00:00+02:00,113_CT_2,0.0
2030,sc01,10-22 16:00:00+02:00,113_CT_4,0.0
2030,sc01,10-22 16:00:00+02:00,115_STEAM_1,0.0
2030,sc01,10-22 16:00:00+02:00,115_STEAM_2,0.0
2030,sc01,10-22 16:00:00+02:00,121_NUCLEAR_1,0.5292443040124869
2030,sc01,10-22 16:00:00+02:00,118_CC_1,0.0
2030,sc01,10-22 16:00:00+02:00,107_CC_1,1.0
2030,sc01,11-06 10:00:00+01:00,102_CT_2,0.0
2030,sc01,11-06 10:00:00+01:00,101_CT_1,0.0
2030,sc01,11-06 10:00:00+01:00,101_STEAM_4,0.0
2030,sc01,11-06 10:00:00+01:00,115_STEAM_3,1.0
2030,sc01,11-06 10:00:00+01:00,101_CT_2,0.0
2030,sc01,11-06 10:00:00+01:00,102_STEAM_4,0.0
2030,sc01,11-06 10:00:00+01:00,123_CT_1,0.0
2030,sc01,11-06 10:00:00+01:00,116_STEAM_1,1.0
2030,sc01,11-06 10:00:00+01:00,123_CT_5,0.0
2030,sc01,11-06 10:00:00+01:00,102_STEAM_3,0.0
2030,sc01,11-06 10:00:00+01:00,123_STEAM_3,0.0
2030,sc01,11-06 10:00:00+01:00,113_CT_3,0.0
2030,sc01,11-06 10:00:00+01:00,101_STEAM_3,0.0
2030,sc01,11-06 10:00:00+01:00,123_CT_4,0.0
2030,sc01,11-06 10:00:00+01:00,113_CT_1,0.0
2030,sc01,11-06 10:00:00+01:00,123_STEAM_2,1.0
2030,sc01,11-06 10:00:00+01:00,102_CT_1,0.0
2030,sc01,11-06 10:00:00+01:00,113_CT_2,0.0
2030,sc01,11-06 10:00:00+01:00,113_CT_4,0.0
2030,sc01,11-06 10:00:00+01:00,115_STEAM_1,0.0
2030,sc01,11-06 10:00:00+01:00,115_STEAM_2,0.0
2030,sc01,11-06 10:00:00+01:00,121_NUCLEAR_1,1.0
2030,sc01,11-06 10:00:00+01:00,118_CC_1,1.0
2030,sc01,11-06 10:00:00+01:00,107_CC_1,1.0
2030,sc01,11-09 08:00:00+01:00,102_CT_2,0.0
2030,sc01,11-09 08:00:00+01:00,101_CT_1,0.0
2030,sc01,11-09 08:00:00+01:00,101_STEAM_4,0.0
2030,sc01,11-09 08:00:00+01:00,115_STEAM_3,1.0
2030,sc01,11-09 08:00:00+01:00,101_CT_2,0.0
2030,sc01,11-09 08:00:00+01:00,102_STEAM_4,0.0
2030,sc01,11-09 08:00:00+01:00,123_CT_1,0.0
2030,sc01,11-09 08:00:00+01:00,116_STEAM_1,0.0
2030,sc01,11-09 08:00:00+01:00,123_CT_5,0.0
2030,sc01,11-09 08:00:00+01:00,102_STEAM_3,0.0
2030,sc01,11-09 08:00:00+01:00,123_STEAM_3,0.4033742062236083
2030,sc01,11-09 08:00:00+01:00,113_CT_3,0.0
2030,sc01,11-09 08:00:00+01:00,101_STEAM_3,0.0
2030,sc01,11-09 08:00:00+01:00,123_CT_4,0.0
2030,sc01,11-09 08:00:00+01:00,113_CT_1,0.0
2030,sc01,11-09 08:00:00+01:00,123_STEAM_2,1.0
2030,sc01,11-09 08:00:00+01:00,102_CT_1,0.0
2030,sc01,11-09 08:00:00+01:00,113_CT_2,0.0
2030,sc01,11-09 08:00:00+01:00,113_CT_4,0.0
2030,sc01,11-09 08:00:00+01:00,115_STEAM_1,0.0
2030,sc01,11-09 08:00:00+01:00,115_STEAM_2,0.0
2030,sc01,11-09 08:00:00+01:00,121_NUCLEAR_1,1.0
2030,sc01,11-09 08:00:00+01:00,118_CC_1,1.0
2030,sc01,11-09 08:00:00+01:00,107_CC_1,0.9935124912303083
2030,sc01,11-16 09:00:00+01:00,102_CT_2,0.0
2030,sc01,11-16 09:00:00+01:00,101_CT_1,0.0
2030,sc01,11-16 09:00:00+01:00,101_STEAM_4,0.0
2030,sc01,11-16 09:00:00+01:00,115_STEAM_3,1.0
2030,sc01,11-16 09:00:00+01:00,101_CT_2,0.0
2030,sc01,11-16 09:00:00+01:00,102_STEAM_4,0.0
2030,sc01,11-16 09:00:00+01:00,123_CT_1,0.0
2030,sc01,11-16 09:00:00+01:00,116_STEAM_1,0.0
2030,sc01,11-16 09:00:00+01:00,123_CT_5,0.0
2030,sc01,11-16 09:00:00+01:00,102_STEAM_3,0.0
2030,sc01,11-16 09:00:00+01:00,123_STEAM_3,0.0
2030,sc01,11-16 09:00:00+01:00,113_CT_3,0.0
2030,sc01,11-16 09:00:00+01:00,101_STEAM_3,0.0
2030,sc01,11-16 09:00:00+01:00,123_CT_4,0.0
2030,sc01,11-16 09:00:00+01:00,113_CT_1,0.0
2030,sc01,11-16 09:00:00+01:00,123_STEAM_2,0.0
2030,sc01,11-16 09:00:00+01:00,102_CT_1,0.0
2030,sc01,11-16 09:00:00+01:00,113_CT_2,0.0
2030,sc01,11-16 09:00:00+01:00,113_CT_4,0.0
2030,sc01,11-16 09:00:00+01:00,115_STEAM_1,0.0
2030,sc01,11-16 09:00:00+01:00,115_STEAM_2,0.0
2030,sc01,11-16 09:00:00+01:00,121_NUCLEAR_1,0.9118372464806449
2030,sc01,11-16 09:00:00+01:00,118_CC_1,0.0
2030,sc01,11-16 09:00:00+01:00,107_CC_1,1.0
2030,sc01,11-20 10:00:00+01:00,102_CT_2,0.0
2030,sc01,11-20 10:00:00+01:00,101_CT_1,0.0
2030,sc01,11-20 10:00:00+01:00,101_STEAM_4,0.0
2030,sc01,11-20 10:00:00+01:00,115_STEAM_3,1.0
2030,sc01,11-20 10:00:00+01:00,101_CT_2,0.0
2030,sc01,11-20 10:00:00+01:00,102_STEAM_4,0.0
2030,sc01,11-20 10:00:00+01:00,123_CT_1,0.0
2030,sc01,11-20 10:00:00+01:00,116_STEAM_1,1.0
2030,sc01,11-20 10:00:00+01:00,123_CT_5,0.0
2030,sc01,11-20 10:00:00+01:00,102_STEAM_3,0.0
2030,sc01,11-20 10:00:00+01:00,123_STEAM_3,1.0
2030,sc01,11-20 10:00:00+01:00,113_CT_3,0.0
2030,sc01,11-20 10:00:00+01:00,101_STEAM_3,0.0
2030,sc01,11-20 10:00:00+01:00,123_CT_4,0.0
2030,sc01,11-20 10:00:00+01:00,113_CT_1,0.0
2030,sc01,11-20 10:00:00+01:00,123_STEAM_2,1.0
2030,sc01,11-20 10:00:00+01:00,102_CT_1,0.0
2030,sc01,11-20 10:00:00+01:00,113_CT_2,0.0
2030,sc01,11-20 10:00:00+01:00,113_CT_4,0.0
2030,sc01,11-20 10:00:00+01:00,115_STEAM_1,0.0
2030,sc01,11-20 10:00:00+01:00,115_STEAM_2,0.0
2030,sc01,11-20 10:00:00+01:00,121_NUCLEAR_1,1.0
2030,sc01,11-20 10:00:00+01:00,118_CC_1,1.0
2030,sc01,11-20 10:00:00+01:00,107_CC_1,1.0
2030,sc01,11-20 17:00:00+01:00,102_CT_2,0.0
2030,sc01,11-20 17:00:00+01:00,101_CT_1,0.0
2030,sc01,11-20 17:00:00+01:00,101_STEAM_4,0.3389726036422984
2030,sc01,11-20 17:00:00+01:00,115_STEAM_3,1.0
2030,sc01,11-20 17:00:00+01:00,101_CT_2,0.0
2030,sc01,11-20 17:00:00+01:00,102_STEAM_4,0.0
2030,sc01,11-20 17:00:00+01:00,123_CT_1,0.0
2030,sc01,11-20 17:00:00+01:00,116_STEAM_1,0.0
2030,sc01,11-20 17:00:00+01:00,123_CT_5,0.0
2030,sc01,11-20 17:00:00+01:00,102_STEAM_3,0.0
2030,sc01,11-20 17:00:00+01:00,123_STEAM_3,0.0
2030,sc01,11-20 17:00:00+01:00,113_CT_3,0.0
2030,sc01,11-20 17:00:00+01:00,101_STEAM_3,1.0
2030,sc01,11-20 17:00:00+01:00,123_CT_4,0.0
2030,sc01,11-20 17:00:00+01:00,113_CT_1,0.0
2030,sc01,11-20 17:00:00+01:00,123_STEAM_2,0.0
2030,sc01,11-20 17:00:00+01:00,102_CT_1,0.0
2030,sc01,11-20 17:00:00+01:00,113_CT_2,0.0
2030,sc01,11-20 17:00:00+01:00,113_CT_4,0.0
2030,sc01,11-20 17:00:00+01:00,115_STEAM_1,0.0
2030,sc01,11-20 17:00:00+01:00,115_STEAM_2,0.0
2030,sc01,11-20 17:00:00+01:00,121_NUCLEAR_1,1.0
2030,sc01,11-20 17:00:00+01:00,118_CC_1,0.30162638928884805
2030,sc01,11-20 17:00:00+01:00,107_CC_1,1.0
2030,sc01,11-21 07:00:00+01:00,102_CT_2,0.0
2030,sc01,11-21 07:00:00+01:00,101_CT_1,0.0
2030,sc01,11-21 07:00:00+01:00,101_STEAM_4,0.0
2030,sc01,11-21 07:00:00+01:00,115_STEAM_3,0.0
2030,sc01,11-21 07:00:00+01:00,101_CT_2,0.0
2030,sc01,11-21 07:00:00+01:00,102_STEAM_4,0.0
2030,sc01,11-21 07:00:00+01:00,123_CT_1,0.0
2030,sc01,11-21 07:00:00+01:00,116_STEAM_1,0.0
2030,sc01,11-21 07:00:00+01:00,123_CT_5,0.0
2030,sc01,11-21 07:00:00+01:00,102_STEAM_3,0.0
2030,sc01,11-21 07:00:00+01:00,123_STEAM_3,0.0
2030,sc01,11-21 07:00:00+01:00,113_CT_3,0.0
2030,sc01,11-21 07:00:00+01:00,101_STEAM_3,0.0
2030,sc01,11-21 07:00:00+01:00,123_CT_4,0.0
2030,sc01,11-21 07:00:00+01:00,113_CT_1,0.0
2030,sc01,11-21 07:00:00+01:00,123_STEAM_2,0.0
2030,sc01,11-21 07:00:00+01:00,102_CT_1,0.0
2030,sc01,11-21 07:00:00+01:00,113_CT_2,0.0
2030,sc01,11-21 07:00:00+01:00,113_CT_4,0.0
2030,sc01,11-21 07:00:00+01:00,115_STEAM_1,0.0
2030,sc01,11-21 07:00:00+01:00,115_STEAM_2,0.0
2030,sc01,11-21 07:00:00+01:00,121_NUCLEAR_1,0.37893432524056675
2030,sc01,11-21 07:00:00+01:00,118_CC_1,0.0
2030,sc01,11-21 07:00:00+01:00,107_CC_1,0.020660164945513076
2030,sc01,11-27 17:00:00+01:00,102_CT_2,0.0
2030,sc01,11-27 17:00:00+01:00,101_CT_1,0.0
2030,sc01,11-27 17:00:00+01:00,101_STEAM_4,0.0
2030,sc01,11-27 17:00:00+01:00,115_STEAM_3,0.0
2030,sc01,11-27 17:00:00+01:00,101_CT_2,0.0
2030,sc01,11-27 17:00:00+01:00,102_STEAM_4,0.0
2030,sc01,11-27 17:00:00+01:00,123_CT_1,0.0
2030,sc01,11-27 17:00:00+01:00,116_STEAM_1,0.0
2030,sc01,11-27 17:00:00+01:00,123_CT_5,0.0
2030,sc01,11-27 17:00:00+01:00,102_STEAM_3,0.0
2030,sc01,11-27 17:00:00+01:00,123_STEAM_3,0.0
2030,sc01,11-27 17:00:00+01:00,113_CT_3,0.0
2030,sc01,11-27 17:00:00+01:00,101_STEAM_3,0.0
2030,sc01,11-27 17:00:00+01:00,123_CT_4,0.0
2030,sc01,11-27 17:00:00+01:00,113_CT_1,0.0
2030,sc01,11-27 17:00:00+01:00,123_STEAM_2,0.0
2030,sc01,11-27 17:00:00+01:00,102_CT_1,0.0
2030,sc01,11-27 17:00:00+01:00,113_CT_2,0.0
2030,sc01,11-27 17:00:00+01:00,113_CT_4,0.0
2030,sc01,11-27 17:00:00+01:00,115_STEAM_1,0.0
2030,sc01,11-27 17:00:00+01:00,115_STEAM_2,0.0
2030,sc01,11-27 17:00:00+01:00,121_NUCLEAR_1,0.0
2030,sc01,11-27 17:00:00+01:00,118_CC_1,0.0
2030,sc01,11-27 17:00:00+01:00,107_CC_1,0.0
2030,sc01,12-02 16:00:00+01:00,102_CT_2,0.0
2030,sc01,12-02 16:00:00+01:00,101_CT_1,0.0
2030,sc01,12-02 16:00:00+01:00,101_STEAM_4,1.0
2030,sc01,12-02 16:00:00+01:00,115_STEAM_3,1.0
2030,sc01,12-02 16:00:00+01:00,101_CT_2,0.0
2030,sc01,12-02 16:00:00+01:00,102_STEAM_4,0.0
2030,sc01,12-02 16:00:00+01:00,123_CT_1,0.0
2030,sc01,12-02 16:00:00+01:00,116_STEAM_1,0.0
2030,sc01,12-02 16:00:00+01:00,123_CT_5,0.0
2030,sc01,12-02 16:00:00+01:00,102_STEAM_3,0.0
2030,sc01,12-02 16:00:00+01:00,123_STEAM_3,0.7114860333102226
2030,sc01,12-02 16:00:00+01:00,113_CT_3,0.0
2030,sc01,12-02 16:00:00+01:00,101_STEAM_3,1.0
2030,sc01,12-02 16:00:00+01:00,123_CT_4,0.0
2030,sc01,12-02 16:00:00+01:00,113_CT_1,0.0
2030,sc01,12-02 16:00:00+01:00,123_STEAM_2,1.0
2030,sc01,12-02 16:00:00+01:00,102_CT_1,0.0
2030,sc01,12-02 16:00:00+01:00,113_CT_2,0.0
2030,sc01,12-02 16:00:00+01:00,113_CT_4,0.0
2030,sc01,12-02 16:00:00+01:00,115_STEAM_1,0.0
2030,sc01,12-02 16:00:00+01:00,115_STEAM_2,0.0
2030,sc01,12-02 16:00:00+01:00,121_NUCLEAR_1,1.0
2030,sc01,12-02 16:00:00+01:00,118_CC_1,0.3360633935427738
2030,sc01,12-02 16:00:00+01:00,107_CC_1,1.0
2030,sc01,12-02 17:00:00+01:00,102_CT_2,0.0
2030,sc01,12-02 17:00:00+01:00,101_CT_1,0.0
2030,sc01,12-02 17:00:00+01:00,101_STEAM_4,0.0
2030,sc01,12-02 17:00:00+01:00,115_STEAM_3,0.0
2030,sc01,12-02 17:00:00+01:00,101_CT_2,0.0
2030,sc01,12-02 17:00:00+01:00,102_STEAM_4,0.0
2030,sc01,12-02 17:00:00+01:00,123_CT_1,0.0
2030,sc01,12-02 17:00:00+01:00,116_STEAM_1,0.0
2030,sc01,12-02 17:00:00+01:00,123_CT_5,0.0
2030,sc01,12-02 17:00:00+01:00,102_STEAM_3,0.0
2030,sc01,12-02 17:00:00+01:00,123_STEAM_3,0.0
2030,sc01,12-02 17:00:00+01:00,113_CT_3,0.0
2030,sc01,12-02 17:00:00+01:00,101_STEAM_3,0.0
2030,sc01,12-02 17:00:00+01:00,123_CT_4,0.0
2030,sc01,12-02 17:00:00+01:00,113_CT_1,0.0
2030,sc01,12-02 17:00:00+01:00,123_STEAM_2,0.0
2030,sc01,12-02 17:00:00+01:00,102_CT_1,0.0
2030,sc01,12-02 17:00:00+01:00,113_CT_2,0.0
2030,sc01,12-02 17:00:00+01:00,113_CT_4,0.0
2030,sc01,12-02 17:00:00+01:00,115_STEAM_1,0.0
2030,sc01,12-02 17:00:00+01:00,115_STEAM_2,0.0
2030,sc01,12-02 17:00:00+01:00,121_NUCLEAR_1,0.17291514348338485
2030,sc01,12-02 17:00:00+01:00,118_CC_1,0.0
2030,sc01,12-02 17:00:00+01:00,107_CC_1,0.49839431184287386
2030,sc01,12-02 18:00:00+01:00,102_CT_2,0.0
2030,sc01,12-02 18:00:00+01:00,101_CT_1,0.0
2030,sc01,12-02 18:00:00+01:00,101_STEAM_4,0.0
2030,sc01,12-02 18:00:00+01:00,115_STEAM_3,0.0
2030,sc01,12-02 18:00:00+01:00,101_CT_2,0.0
2030,sc01,12-02 18:00:00+01:00,102_STEAM_4,0.0
2030,sc01,12-02 18:00:00+01:00,123_CT_1,0.0
2030,sc01,12-02 18:00:00+01:00,116_STEAM_1,0.0
2030,sc01,12-02 18:00:00+01:00,123_CT_5,0.0
2030,sc01,12-02 18:00:00+01:00,102_STEAM_3,0.0
2030,sc01,12-02 18:00:00+01:00,123_STEAM_3,0.0
2030,sc01,12-02 18:00:00+01:00,113_CT_3,0.0
2030,sc01,12-02 18:00:00+01:00,101_STEAM_3,0.0
2030,sc01,12-02 18:00:00+01:00,123_CT_4,0.0
2030,sc01,12-02 18:00:00+01:00,113_CT_1,0.0
2030,sc01,12-02 18:00:00+01:00,123_STEAM_2,0.0
2030,sc01,12-02 18:00:00+01:00,102_CT_1,0.0
2030,sc01,12-02 18:00:00+01:00,113_CT_2,0.0
2030,sc01,12-02 18:00:00+01:00,113_CT_4,0.0
2030,sc01,12-02 18:00:00+01:00,115_STEAM_1,0.0
2030,sc01,12-02 18:00:00+01:00,115_STEAM_2,0.0
2030,sc01,12-02 18:00:00+01:00,121_NUCLEAR_1,0.3838182862744957
2030,sc01,12-02 18:00:00+01:00,118_CC_1,0.0
2030,sc01,12-02 18:00:00+01:00,107_CC_1,0.6113333671474951
2030,sc01,12-02 19:00:00+01:00,102_CT_2,0.0
2030,sc01,12-02 19:00:00+01:00,101_CT_1,0.0
2030,sc01,12-02 19:00:00+01:00,101_STEAM_4,0.0
2030,sc01,12-02 19:00:00+01:00,115_STEAM_3,0.0
2030,sc01,12-02 19:00:00+01:00,101_CT_2,0.0
2030,sc01,12-02 19:00:00+01:00,102_STEAM_4,0.0
2030,sc01,12-02 19:00:00+01:00,123_CT_1,0.0
2030,sc01,12-02 19:00:00+01:00,116_STEAM_1,0.0
2030,sc01,12-02 19:00:00+01:00,123_CT_5,0.0
2030,sc01,12-02 19:00:00+01:00,102_STEAM_3,0.0
2030,sc01,12-02 19:00:00+01:00,123_STEAM_3,0.0
2030,sc01,12-02 19:00:00+01:00,113_CT_3,0.0
2030,sc01,12-02 19:00:00+01:00,101_STEAM_3,0.0
2030,sc01,12-02 19:00:00+01:00,123_CT_4,0.0
2030,sc01,12-02 19:00:00+01:00,113_CT_1,0.0
2030,sc01,12-02 19:00:00+01:00,123_STEAM_2,0.0
2030,sc01,12-02 19:00:00+01:00,102_CT_1,0.0
2030,sc01,12-02 19:00:00+01:00,113_CT_2,0.0
2030,sc01,12-02 19:00:00+01:00,113_CT_4,0.0
2030,sc01,12-02 19:00:00+01:00,115_STEAM_1,0.0
2030,sc01,12-02 19:00:00+01:00,115_STEAM_2,0.0
2030,sc01,12-02 19:00:00+01:00,121_NUCLEAR_1,0.66556888236889
2030,sc01,12-02 19:00:00+01:00,118_CC_1,0.0
2030,sc01,12-02 19:00:00+01:00,107_CC_1,0.46494857939139106
2030,sc01,12-03 17:00:00+01:00,102_CT_2,0.0
2030,sc01,12-03 17:00:00+01:00,101_CT_1,0.0
2030,sc01,12-03 17:00:00+01:00,101_STEAM_4,0.0
2030,sc01,12-03 17:00:00+01:00,115_STEAM_3,0.4258526051102894
2030,sc01,12-03 17:00:00+01:00,101_CT_2,0.0
2030,sc01,12-03 17:00:00+01:00,102_STEAM_4,0.0
2030,sc01,12-03 17:00:00+01:00,123_CT_1,0.0
2030,sc01,12-03 17:00:00+01:00,116_STEAM_1,0.0
2030,sc01,12-03 17:00:00+01:00,123_CT_5,0.0
2030,sc01,12-03 17:00:00+01:00,102_STEAM_3,0.0
2030,sc01,12-03 17:00:00+01:00,123_STEAM_3,0.0
2030,sc01,12-03 17:00:00+01:00,113_CT_3,0.0
2030,sc01,12-03 17:00:00+01:00,101_STEAM_3,0.0
2030,sc01,12-03 17:00:00+01:00,123_CT_4,0.0
2030,sc01,12-03 17:00:00+01:00,113_CT_1,0.0
2030,sc01,12-03 17:00:00+01:00,123_STEAM_2,0.0
2030,sc01,12-03 17:00:00+01:00,102_CT_1,0.0
2030,sc01,12-03 17:00:00+01:00,113_CT_2,0.0
2030,sc01,12-03 17:00:00+01:00,113_CT_4,0.0
2030,sc01,12-03 17:00:00+01:00,115_STEAM_1,0.0
2030,sc01,12-03 17:00:00+01:00,115_STEAM_2,0.0
2030,sc01,12-03 17:00:00+01:00,121_NUCLEAR_1,0.0
2030,sc01,12-03 17:00:00+01:00,118_CC_1,0.0
2030,sc01,12-03 17:00:00+01:00,107_CC_1,0.03271238840093766
2030,sc01,12-03 18:00:00+01:00,102_CT_2,0.0
2030,sc01,12-03 18:00:00+01:00,101_CT_1,0.0
2030,sc01,12-03 18:00:00+01:00,101_STEAM_4,0.0
2030,sc01,12-03 18:00:00+01:00,115_STEAM_3,0.4885682075093833
2030,sc01,12-03 18:00:00+01:00,101_CT_2,0.0
2030,sc01,12-03 18:00:00+01:00,102_STEAM_4,0.0
2030,sc01,12-03 18:00:00+01:00,123_CT_1,0.0
2030,sc01,12-03 18:00:00+01:00,116_STEAM_1,0.0
2030,sc01,12-03 18:00:00+01:00,123_CT_5,0.0
2030,sc01,12-03 18:00:00+01:00,102_STEAM_3,0.0
2030,sc01,12-03 18:00:00+01:00,123_STEAM_3,0.0
2030,sc01,12-03 18:00:00+01:00,113_CT_3,0.0
2030,sc01,12-03 18:00:00+01:00,101_STEAM_3,0.0
2030,sc01,12-03 18:00:00+01:00,123_CT_4,0.0
2030,sc01,12-03 18:00:00+01:00,113_CT_1,0.0
2030,sc01,12-03 18:00:00+01:00,123_STEAM_2,0.0
2030,sc01,12-03 18:00:00+01:00,102_CT_1,0.0
2030,sc01,12-03 18:00:00+01:00,113_CT_2,0.0
2030,sc01,12-03 18:00:00+01:00,113_CT_4,0.0
2030,sc01,12-03 18:00:00+01:00,115_STEAM_1,0.0
2030,sc01,12-03 18:00:00+01:00,115_STEAM_2,0.0
2030,sc01,12-03 18:00:00+01:00,121_NUCLEAR_1,0.0
2030,sc01,12-03 18:00:00+01:00,118_CC_1,0.0
2030,sc01,12-03 18:00:00+01:00,107_CC_1,0.15352351001565476
2030,sc01,12-04 04:00:00+01:00,102_CT_2,0.0
2030,sc01,12-04 04:00:00+01:00,101_CT_1,0.0
2030,sc01,12-04 04:00:00+01:00,101_STEAM_4,0.0
2030,sc01,12-04 04:00:00+01:00,115_STEAM_3,0.0
2030,sc01,12-04 04:00:00+01:00,101_CT_2,0.0
2030,sc01,12-04 04:00:00+01:00,102_STEAM_4,0.0
2030,sc01,12-04 04:00:00+01:00,123_CT_1,0.0
2030,sc01,12-04 04:00:00+01:00,116_STEAM_1,0.0
2030,sc01,12-04 04:00:00+01:00,123_CT_5,0.0
2030,sc01,12-04 04:00:00+01:00,102_STEAM_3,0.0
2030,sc01,12-04 04:00:00+01:00,123_STEAM_3,0.0
2030,sc01,12-04 04:00:00+01:00,113_CT_3,0.0
2030,sc01,12-04 04:00:00+01:00,101_STEAM_3,0.0
2030,sc01,12-04 04:00:00+01:00,123_CT_4,0.0
2030,sc01,12-04 04:00:00+01:00,113_CT_1,0.0
2030,sc01,12-04 04:00:00+01:00,123_STEAM_2,0.0
2030,sc01,12-04 04:00:00+01:00,102_CT_1,0.0
2030,sc01,12-04 04:00:00+01:00,113_CT_2,0.0
2030,sc01,12-04 04:00:00+01:00,113_CT_4,0.0
2030,sc01,12-04 04:00:00+01:00,115_STEAM_1,0.0
2030,sc01,12-04 04:00:00+01:00,115_STEAM_2,0.0
2030,sc01,12-04 04:00:00+01:00,121_NUCLEAR_1,0.0
2030,sc01,12-04 04:00:00+01:00,118_CC_1,0.0
2030,sc01,12-04 04:00:00+01:00,107_CC_1,0.0
2030,sc01,12-04 08:00:00+01:00,102_CT_2,0.0
2030,sc01,12-04 08:00:00+01:00,101_CT_1,0.0
2030,sc01,12-04 08:00:00+01:00,101_STEAM_4,1.0
2030,sc01,12-04 08:00:00+01:00,115_STEAM_3,1.0
2030,sc01,12-04 08:00:00+01:00,101_CT_2,0.0
2030,sc01,12-04 08:00:00+01:00,102_STEAM_4,1.0
2030,sc01,12-04 08:00:00+01:00,123_CT_1,0.0
2030,sc01,12-04 08:00:00+01:00,116_STEAM_1,0.0
2030,sc01,12-04 08:00:00+01:00,123_CT_5,0.0
2030,sc01,12-04 08:00:00+01:00,102_STEAM_3,1.0
2030,sc01,12-04 08:00:00+01:00,123_STEAM_3,0.9901068149946008
2030,sc01,12-04 08:00:00+01:00,113_CT_3,0.0
2030,sc01,12-04 08:00:00+01:00,101_STEAM_3,1.0
2030,sc01,12-04 08:00:00+01:00,123_CT_4,0.0
2030,sc01,12-04 08:00:00+01:00,113_CT_1,0.0
2030,sc01,12-04 08:00:00+01:00,123_STEAM_2,1.0
2030,sc01,12-04 08:00:00+01:00,102_CT_1,0.0
2030,sc01,12-04 08:00:00+01:00,113_CT_2,0.0
2030,sc01,12-04 08:00:00+01:00,113_CT_4,0.0
2030,sc01,12-04 08:00:00+01:00,115_STEAM_1,0.0
2030,sc01,12-04 08:00:00+01:00,115_STEAM_2,0.0
2030,sc01,12-04 08:00:00+01:00,121_NUCLEAR_1,0.7091538268051437
2030,sc01,12-04 08:00:00+01:00,118_CC_1,0.0
2030,sc01,12-04 08:00:00+01:00,107_CC_1,1.0
2030,sc01,12-04 16:00:00+01:00,102_CT_2,0.0
2030,sc01,12-04 16:00:00+01:00,101_CT_1,0.0
2030,sc01,12-04 16:00:00+01:00,101_STEAM_4,1.0
2030,sc01,12-04 16:00:00+01:00,115_STEAM_3,1.0
2030,sc01,12-04 16:00:00+01:00,101_CT_2,0.0
2030,sc01,12-04 16:00:00+01:00,102_STEAM_4,1.0
2030,sc01,12-04 16:00:00+01:00,123_CT_1,0.0
2030,sc01,12-04 16:00:00+01:00,116_STEAM_1,0.0
2030,sc01,12-04 16:00:00+01:00,123_CT_5,0.0
2030,sc01,12-04 16:00:00+01:00,102_STEAM_3,1.0
2030,sc01,12-04 16:00:00+01:00,123_STEAM_3,0.0
2030,sc01,12-04 16:00:00+01:00,113_CT_3,0.0
2030,sc01,12-04 16:00:00+01:00,101_STEAM_3,1.0
2030,sc01,12-04 16:00:00+01:00,123_CT_4,0.0
2030,sc01,12-04 16:00:00+01:00,113_CT_1,0.0
2030,sc01,12-04 16:00:00+01:00,123_STEAM_2,0.4717564878975146
2030,sc01,12-04 16:00:00+01:00,102_CT_1,0.0
2030,sc01,12-04 16:00:00+01:00,113_CT_2,0.0
2030,sc01,12-04 16:00:00+01:00,113_CT_4,0.0
2030,sc01,12-04 16:00:00+01:00,115_STEAM_1,0.0
2030,sc01,12-04 16:00:00+01:00,115_STEAM_2,0.0
2030,sc01,12-04 16:00:00+01:00,121_NUCLEAR_1,0.8639673695025251
2030,sc01,12-04 16:00:00+01:00,118_CC_1,0.0
2030,sc01,12-04 16:00:00+01:00,107_CC_1,1.0
2030,sc01,12-04 17:00:00+01:00,102_CT_2,0.0
2030,sc01,12-04 17:00:00+01:00,101_CT_1,0.0
2030,sc01,12-04 17:00:00+01:00,101_STEAM_4,0.0
2030,sc01,12-04 17:00:00+01:00,115_STEAM_3,0.5316127683839718
2030,sc01,12-04 17:00:00+01:00,101_CT_2,0.0
2030,sc01,12-04 17:00:00+01:00,102_STEAM_4,0.0
2030,sc01,12-04 17:00:00+01:00,123_CT_1,0.0
2030,sc01,12-04 17:00:00+01:00,116_STEAM_1,0.0
2030,sc01,12-04 17:00:00+01:00,123_CT_5,0.0
2030,sc01,12-04 17:00:00+01:00,102_STEAM_3,0.0
2030,sc01,12-04 17:00:00+01:00,123_STEAM_3,0.0
2030,sc01,12-04 17:00:00+01:00,113_CT_3,0.0
2030,sc01,12-04 17:00:00+01:00,101_STEAM_3,0.0
2030,sc01,12-04 17:00:00+01:00,123_CT_4,0.0
2030,sc01,12-04 17:00:00+01:00,113_CT_1,0.0
2030,sc01,12-04 17:00:00+01:00,123_STEAM_2,0.0
2030,sc01,12-04 17:00:00+01:00,102_CT_1,0.0
2030,sc01,12-04 17:00:00+01:00,113_CT_2,0.0
2030,sc01,12-04 17:00:00+01:00,113_CT_4,0.0
2030,sc01,12-04 17:00:00+01:00,115_STEAM_1,0.0
2030,sc01,12-04 17:00:00+01:00,115_STEAM_2,0.0
2030,sc01,12-04 17:00:00+01:00,121_NUCLEAR_1,0.0
2030,sc01,12-04 17:00:00+01:00,118_CC_1,0.0
2030,sc01,12-04 17:00:00+01:00,107_CC_1,0.04571251047521679
2030,sc01,12-04 18:00:00+01:00,102_CT_2,0.0
2030,sc01,12-04 18:00:00+01:00,101_CT_1,0.0
2030,sc01,12-04 18:00:00+01:00,101_STEAM_4,0.0
2030,sc01,12-04 18:00:00+01:00,115_STEAM_3,0.5657903717989632
2030,sc01,12-04 18:00:00+01:00,101_CT_2,0.0
2030,sc01,12-04 18:00:00+01:00,102_STEAM_4,0.0
2030,sc01,12-04 18:00:00+01:00,123_CT_1,0.0
2030,sc01,12-04 18:00:00+01:00,116_STEAM_1,0.0
2030,sc01,12-04 18:00:00+01:00,123_CT_5,0.0
2030,sc01,12-04 18:00:00+01:00,102_STEAM_3,0.0
2030,sc01,12-04 18:00:00+01:00,123_STEAM_3,0.0
2030,sc01,12-04 18:00:00+01:00,113_CT_3,0.0
2030,sc01,12-04 18:00:00+01:00,101_STEAM_3,0.0
2030,sc01,12-04 18:00:00+01:00,123_CT_4,0.0
2030,sc01,12-04 18:00:00+01:00,113_CT_1,0.0
2030,sc01,12-04 18:00:00+01:00,123_STEAM_2,0.0
2030,sc01,12-04 18:00:00+01:00,102_CT_1,0.0
2030,sc01,12-04 18:00:00+01:00,113_CT_2,0.0
2030,sc01,12-04 18:00:00+01:00,113_CT_4,0.0
2030,sc01,12-04 18:00:00+01:00,115_STEAM_1,0.0
2030,sc01,12-04 18:00:00+01:00,115_STEAM_2,0.0
2030,sc01,12-04 18:00:00+01:00,121_NUCLEAR_1,0.0
2030,sc01,12-04 18:00:00+01:00,118_CC_1,0.0
2030,sc01,12-04 18:00:00+01:00,107_CC_1,0.19294354582978698
2030,sc01,12-04 19:00:00+01:00,102_CT_2,0.0
2030,sc01,12-04 19:00:00+01:00,101_CT_1,0.0
2030,sc01,12-04 19:00:00+01:00,101_STEAM_4,0.0
2030,sc01,12-04 19:00:00+01:00,115_STEAM_3,0.18170622147434623
2030,sc01,12-04 19:00:00+01:00,101_CT_2,0.0
2030,sc01,12-04 19:00:00+01:00,102_STEAM_4,0.0
2030,sc01,12-04 19:00:00+01:00,123_CT_1,0.0
2030,sc01,12-04 19:00:00+01:00,116_STEAM_1,0.0
2030,sc01,12-04 19:00:00+01:00,123_CT_5,0.0
2030,sc01,12-04 19:00:00+01:00,102_STEAM_3,0.0
2030,sc01,12-04 19:00:00+01:00,123_STEAM_3,0.0
2030,sc01,12-04 19:00:00+01:00,113_CT_3,0.0
2030,sc01,12-04 19:00:00+01:00,101_STEAM_3,0.0
2030,sc01,12-04 19:00:00+01:00,123_CT_4,0.0
2030,sc01,12-04 19:00:00+01:00,113_CT_1,0.0
2030,sc01,12-04 19:00:00+01:00,123_STEAM_2,0.0
2030,sc01,12-04 19:00:00+01:00,102_CT_1,0.0
2030,sc01,12-04 19:00:00+01:00,113_CT_2,0.0
2030,sc01,12-04 19:00:00+01:00,113_CT_4,0.0
2030,sc01,12-04 19:00:00+01:00,115_STEAM_1,0.0
2030,sc01,12-04 19:00:00+01:00,115_STEAM_2,0.0
2030,sc01,12-04 19:00:00+01:00,121_NUCLEAR_1,0.0
2030,sc01,12-04 19:00:00+01:00,118_CC_1,0.0
2030,sc01,12-04 19:00:00+01:00,107_CC_1,0.28199262387018303
2030,sc01,12-05 09:00:00+01:00,102_CT_2,0.0
2030,sc01,12-05 09:00:00+01:00,101_CT_1,0.0
2030,sc01,12-05 09:00:00+01:00,101_STEAM_4,1.0
2030,sc01,12-05 09:00:00+01:00,115_STEAM_3,1.0
2030,sc01,12-05 09:00:00+01:00,101_CT_2,0.0
2030,sc01,12-05 09:00:00+01:00,102_STEAM_4,1.0
2030,sc01,12-05 09:00:00+01:00,123_CT_1,0.0
2030,sc01,12-05 09:00:00+01:00,116_STEAM_1,0.0
2030,sc01,12-05 09:00:00+01:00,123_CT_5,0.0
2030,sc01,12-05 09:00:00+01:00,102_STEAM_3,1.0
2030,sc01,12-05 09:00:00+01:00,123_STEAM_3,0.0
2030,sc01,12-05 09:00:00+01:00,113_CT_3,0.0
2030,sc01,12-05 09:00:00+01:00,101_STEAM_3,1.0
2030,sc01,12-05 09:00:00+01:00,123_CT_4,0.0
2030,sc01,12-05 09:00:00+01:00,113_CT_1,0.0
2030,sc01,12-05 09:00:00+01:00,123_STEAM_2,0.0
2030,sc01,12-05 09:00:00+01:00,102_CT_1,0.0
2030,sc01,12-05 09:00:00+01:00,113_CT_2,0.0
2030,sc01,12-05 09:00:00+01:00,113_CT_4,0.0
2030,sc01,12-05 09:00:00+01:00,115_STEAM_1,0.0
2030,sc01,12-05 09:00:00+01:00,115_STEAM_2,0.0
2030,sc01,12-05 09:00:00+01:00,121_NUCLEAR_1,0.8318078178226159
2030,sc01,12-05 09:00:00+01:00,118_CC_1,0.0
2030,sc01,12-05 09:00:00+01:00,107_CC_1,1.0
2030,sc01,12-05 16:00:00+01:00,102_CT_2,0.0
2030,sc01,12-05 16:00:00+01:00,101_CT_1,0.0
2030,sc01,12-05 16:00:00+01:00,101_STEAM_4,1.0
2030,sc01,12-05 16:00:00+01:00,115_STEAM_3,1.0
2030,sc01,12-05 16:00:00+01:00,101_CT_2,0.0
2030,sc01,12-05 16:00:00+01:00,102_STEAM_4,1.0
2030,sc01,12-05 16:00:00+01:00,123_CT_1,0.0
2030,sc01,12-05 16:00:00+01:00,116_STEAM_1,0.0
2030,sc01,12-05 16:00:00+01:00,123_CT_5,0.0
2030,sc01,12-05 16:00:00+01:00,102_STEAM_3,0.24976216149845534
2030,sc01,12-05 16:00:00+01:00,123_STEAM_3,0.0
2030,sc01,12-05 16:00:00+01:00,113_CT_3,0.0
2030,sc01,12-05 16:00:00+01:00,101_STEAM_3,1.0
2030,sc01,12-05 16:00:00+01:00,123_CT_4,0.0
2030,sc01,12-05 16:00:00+01:00,113_CT_1,0.0
2030,sc01,12-05 16:00:00+01:00,123_STEAM_2,1.0
2030,sc01,12-05 16:00:00+01:00,102_CT_1,0.0
2030,sc01,12-05 16:00:00+01:00,113_CT_2,0.0
2030,sc01,12-05 16:00:00+01:00,113_CT_4,0.0
2030,sc01,12-05 16:00:00+01:00,115_STEAM_1,0.0
2030,sc01,12-05 16:00:00+01:00,115_STEAM_2,0.0
2030,sc01,12-05 16:00:00+01:00,121_NUCLEAR_1,0.9348083726655687
2030,sc01,12-05 16:00:00+01:00,118_CC_1,0.0
2030,sc01,12-05 16:00:00+01:00,107_CC_1,1.0
2030,sc01,12-05 17:00:00+01:00,102_CT_2,0.0
2030,sc01,12-05 17:00:00+01:00,101_CT_1,0.0
2030,sc01,12-05 17:00:00+01:00,101_STEAM_4,0.0
2030,sc01,12-05 17:00:00+01:00,115_STEAM_3,0.44534885705493016
2030,sc01,12-05 17:00:00+01:00,101_CT_2,0.0
2030,sc01,12-05 17:00:00+01:00,102_STEAM_4,0.0
2030,sc01,12-05 17:00:00+01:00,123_CT_1,0.0
2030,sc01,12-05 17:00:00+01:00,116_STEAM_1,0.0
2030,sc01,12-05 17:00:00+01:00,123_CT_5,0.0
2030,sc01,12-05 17:00:00+01:00,102_STEAM_3,0.0
2030,sc01,12-05 17:00:00+01:00,123_STEAM_3,0.0
2030,sc01,12-05 17:00:00+01:00,113_CT_3,0.0
2030,sc01,12-05 17:00:00+01:00,101_STEAM_3,0.0
2030,sc01,12-05 17:00:00+01:00,123_CT_4,0.0
2030,sc01,12-05 17:00:00+01:00,113_CT_1,0.0
2030,sc01,12-05 17:00:00+01:00,123_STEAM_2,0.0
2030,sc01,12-05 17:00:00+01:00,102_CT_1,0.0
2030,sc01,12-05 17:00:00+01:00,113_CT_2,0.0
2030,sc01,12-05 17:00:00+01:00,113_CT_4,0.0
2030,sc01,12-05 17:00:00+01:00,115_STEAM_1,0.0
2030,sc01,12-05 17:00:00+01:00,115_STEAM_2,0.0
2030,sc01,12-05 17:00:00+01:00,121_NUCLEAR_1,0.0
2030,sc01,12-05 17:00:00+01:00,118_CC_1,0.0
2030,sc01,12-05 17:00:00+01:00,107_CC_1,0.05443079591407245
2030,sc01,12-05 18:00:00+01:00,102_CT_2,0.0
2030,sc01,12-05 18:00:00+01:00,101_CT_1,0.0
2030,sc01,12-05 18:00:00+01:00,101_STEAM_4,0.0
2030,sc01,12-05 18:00:00+01:00,115_STEAM_3,0.6198592630458322
2030,sc01,12-05 18:00:00+01:00,101_CT_2,0.0
2030,sc01,12-05 18:00:00+01:00,102_STEAM_4,0.0
2030,sc01,12-05 18:00:00+01:00,123_CT_1,0.0
2030,sc01,12-05 18:00:00+01:00,116_STEAM_1,0.0
2030,sc01,12-05 18:00:00+01:00,123_CT_5,0.0
2030,sc01,12-05 18:00:00+01:00,102_STEAM_3,0.0
2030,sc01,12-05 18:00:00+01:00,123_STEAM_3,0.0
2030,sc01,12-05 18:00:00+01:00,113_CT_3,0.0
2030,sc01,12-05 18:00:00+01:00,101_STEAM_3,0.0
2030,sc01,12-05 18:00:00+01:00,123_CT_4,0.0
2030,sc01,12-05 18:00:00+01:00,113_CT_1,0.0
2030,sc01,12-05 18:00:00+01:00,123_STEAM_2,0.0
2030,sc01,12-05 18:00:00+01:00,102_CT_1,0.0
2030,sc01,12-05 18:00:00+01:00,113_CT_2,0.0
2030,sc01,12-05 18:00:00+01:00,113_CT_4,0.0
2030,sc01,12-05 18:00:00+01:00,115_STEAM_1,0.0
2030,sc01,12-05 18:00:00+01:00,115_STEAM_2,0.0
2030,sc01,12-05 18:00:00+01:00,121_NUCLEAR_1,0.0
2030,sc01,12-05 18:00:00+01:00,118_CC_1,0.0
2030,sc01,12-05 18:00:00+01:00,107_CC_1,0.1686205370756273
2030,sc01,12-05 19:00:00+01:00,102_CT_2,0.0
2030,sc01,12-05 19:00:00+01:00,101_CT_1,0.0
2030,sc01,12-05 19:00:00+01:00,101_STEAM_4,0.0
2030,sc01,12-05 19:00:00+01:00,115_STEAM_3,0.012840593649210311
2030,sc01,12-05 19:00:00+01:00,101_CT_2,0.0
2030,sc01,12-05 19:00:00+01:00,102_STEAM_4,0.0
2030,sc01,12-05 19:00:00+01:00,123_CT_1,0.0
2030,sc01,12-05 19:00:00+01:00,116_STEAM_1,0.0
2030,sc01,12-05 19:00:00+01:00,123_CT_5,0.0
2030,sc01,12-05 19:00:00+01:00,102_STEAM_3,0.0
2030,sc01,12-05 19:00:00+01:00,123_STEAM_3,0.0
2030,sc01,12-05 19:00:00+01:00,113_CT_3,0.0
2030,sc01,12-05 19:00:00+01:00,101_STEAM_3,0.0
2030,sc01,12-05 19:00:00+01:00,123_CT_4,0.0
2030,sc01,12-05 19:00:00+01:00,113_CT_1,0.0
2030,sc01,12-05 19:00:00+01:00,123_STEAM_2,0.0
2030,sc01,12-05 19:00:00+01:00,102_CT_1,0.0
2030,sc01,12-05 19:00:00+01:00,113_CT_2,0.0
2030,sc01,12-05 19:00:00+01:00,113_CT_4,0.0
2030,sc01,12-05 19:00:00+01:00,115_STEAM_1,0.0
2030,sc01,12-05 19:00:00+01:00,115_STEAM_2,0.0
2030,sc01,12-05 19:00:00+01:00,121_NUCLEAR_1,0.0
2030,sc01,12-05 19:00:00+01:00,118_CC_1,0.0
2030,sc01,12-05 19:00:00+01:00,107_CC_1,0.2571665441975144
2030,sc01,12-06 17:00:00+01:00,102_CT_2,0.0
2030,sc01,12-06 17:00:00+01:00,101_CT_1,0.0
2030,sc01,12-06 17:00:00+01:00,101_STEAM_4,0.0
2030,sc01,12-06 17:00:00+01:00,115_STEAM_3,0.0
2030,sc01,12-06 17:00:00+01:00,101_CT_2,0.0
2030,sc01,12-06 17:00:00+01:00,102_STEAM_4,0.0
2030,sc01,12-06 17:00:00+01:00,123_CT_1,0.0
2030,sc01,12-06 17:00:00+01:00,116_STEAM_1,0.0
2030,sc01,12-06 17:00:00+01:00,123_CT_5,0.0
2030,sc01,12-06 17:00:00+01:00,102_STEAM_3,0.0
2030,sc01,12-06 17:00:00+01:00,123_STEAM_3,0.0
2030,sc01,12-06 17:00:00+01:00,113_CT_3,0.0
2030,sc01,12-06 17:00:00+01:00,101_STEAM_3,0.0
2030,sc01,12-06 17:00:00+01:00,123_CT_4,0.0
2030,sc01,12-06 17:00:00+01:00,113_CT_1,0.0
2030,sc01,12-06 17:00:00+01:00,123_STEAM_2,0.0
2030,sc01,12-06 17:00:00+01:00,102_CT_1,0.0
2030,sc01,12-06 17:00:00+01:00,113_CT_2,0.0
2030,sc01,12-06 17:00:00+01:00,113_CT_4,0.0
2030,sc01,12-06 17:00:00+01:00,115_STEAM_1,0.0
2030,sc01,12-06 17:00:00+01:00,115_STEAM_2,0.0
2030,sc01,12-06 17:00:00+01:00,121_NUCLEAR_1,0.0
2030,sc01,12-06 17:00:00+01:00,118_CC_1,0.0
2030,sc01,12-06 17:00:00+01:00,107_CC_1,0.027435306056058158
2030,sc01,12-10 16:00:00+01:00,102_CT_2,0.0
2030,sc01,12-10 16:00:00+01:00,101_CT_1,0.0
2030,sc01,12-10 16:00:00+01:00,101_STEAM_4,1.0
2030,sc01,12-10 16:00:00+01:00,115_STEAM_3,1.0
2030,sc01,12-10 16:00:00+01:00,101_CT_2,0.0
2030,sc01,12-10 16:00:00+01:00,102_STEAM_4,0.0
2030,sc01,12-10 16:00:00+01:00,123_CT_1,0.0
2030,sc01,12-10 16:00:00+01:00,116_STEAM_1,0.0
2030,sc01,12-10 16:00:00+01:00,123_CT_5,0.0
2030,sc01,12-10 16:00:00+01:00,102_STEAM_3,0.0
2030,sc01,12-10 16:00:00+01:00,123_STEAM_3,0.683945235873921
2030,sc01,12-10 16:00:00+01:00,113_CT_3,0.0
2030,sc01,12-10 16:00:00+01:00,101_STEAM_3,1.0
2030,sc01,12-10 16:00:00+01:00,123_CT_4,0.0
2030,sc01,12-10 16:00:00+01:00,113_CT_1,0.0
2030,sc01,12-10 16:00:00+01:00,123_STEAM_2,1.0
2030,sc01,12-10 16:00:00+01:00,102_CT_1,0.0
2030,sc01,12-10 16:00:00+01:00,113_CT_2,0.0
2030,sc01,12-10 16:00:00+01:00,113_CT_4,0.0
2030,sc01,12-10 16:00:00+01:00,115_STEAM_1,0.0
2030,sc01,12-10 16:00:00+01:00,115_STEAM_2,0.0
2030,sc01,12-10 16:00:00+01:00,121_NUCLEAR_1,0.8615408506166664
2030,sc01,12-10 16:00:00+01:00,118_CC_1,0.0
2030,sc01,12-10 16:00:00+01:00,107_CC_1,1.0
2030,sc01,12-10 17:00:00+01:00,102_CT_2,0.0
2030,sc01,12-10 17:00:00+01:00,101_CT_1,0.0
2030,sc01,12-10 17:00:00+01:00,101_STEAM_4,0.0
2030,sc01,12-10 17:00:00+01:00,115_STEAM_3,0.6512450089239317
2030,sc01,12-10 17:00:00+01:00,101_CT_2,0.0
2030,sc01,12-10 17:00:00+01:00,102_STEAM_4,0.0
2030,sc01,12-10 17:00:00+01:00,123_CT_1,0.0
2030,sc01,12-10 17:00:00+01:00,116_STEAM_1,0.0
2030,sc01,12-10 17:00:00+01:00,123_CT_5,0.0
2030,sc01,12-10 17:00:00+01:00,102_STEAM_3,0.0
2030,sc01,12-10 17:00:00+01:00,123_STEAM_3,0.0
2030,sc01,12-10 17:00:00+01:00,113_CT_3,0.0
2030,sc01,12-10 17:00:00+01:00,101_STEAM_3,0.0
2030,sc01,12-10 17:00:00+01:00,123_CT_4,0.0
2030,sc01,12-10 17:00:00+01:00,113_CT_1,0.0
2030,sc01,12-10 17:00:00+01:00,123_STEAM_2,0.0
2030,sc01,12-10 17:00:00+01:00,102_CT_1,0.0
2030,sc01,12-10 17:00:00+01:00,113_CT_2,0.0
2030,sc01,12-10 17:00:00+01:00,113_CT_4,0.0
2030,sc01,12-10 17:00:00+01:00,115_STEAM_1,0.0
2030,sc01,12-10 17:00:00+01:00,115_STEAM_2,0.0
2030,sc01,12-10 17:00:00+01:00,121_NUCLEAR_1,0.0
2030,sc01,12-10 17:00:00+01:00,118_CC_1,0.0
2030,sc01,12-10 17:00:00+01:00,107_CC_1,0.04562504682044039
2030,sc01,12-10 18:00:00+01:00,102_CT_2,0.0
2030,sc01,12-10 18:00:00+01:00,101_CT_1,0.0
2030,sc01,12-10 18:00:00+01:00,101_STEAM_4,0.0
2030,sc01,12-10 18:00:00+01:00,115_STEAM_3,0.8280865104836418
2030,sc01,12-10 18:00:00+01:00,101_CT_2,0.0
2030,sc01,12-10 18:00:00+01:00,102_STEAM_4,0.0
2030,sc01,12-10 18:00:00+01:00,123_CT_1,0.0
2030,sc01,12-10 18:00:00+01:00,116_STEAM_1,0.0
2030,sc01,12-10 18:00:00+01:00,123_CT_5,0.0
2030,sc01,12-10 18:00:00+01:00,102_STEAM_3,0.0
2030,sc01,12-10 18:00:00+01:00,123_STEAM_3,0.0
2030,sc01,12-10 18:00:00+01:00,113_CT_3,0.0
2030,sc01,12-10 18:00:00+01:00,101_STEAM_3,0.0
2030,sc01,12-10 18:00:00+01:00,123_CT_4,0.0
2030,sc01,12-10 18:00:00+01:00,113_CT_1,0.0
2030,sc01,12-10 18:00:00+01:00,123_STEAM_2,0.0
2030,sc01,12-10 18:00:00+01:00,102_CT_1,0.0
2030,sc01,12-10 18:00:00+01:00,113_CT_2,0.0
2030,sc01,12-10 18:00:00+01:00,113_CT_4,0.0
2030,sc01,12-10 18:00:00+01:00,115_STEAM_1,0.0
2030,sc01,12-10 18:00:00+01:00,115_STEAM_2,0.0
2030,sc01,12-10 18:00:00+01:00,121_NUCLEAR_1,0.0
2030,sc01,12-10 18:00:00+01:00,118_CC_1,0.0
2030,sc01,12-10 18:00:00+01:00,107_CC_1,0.16654334826300968
2030,sc01,12-10 19:00:00+01:00,102_CT_2,0.0
2030,sc01,12-10 19:00:00+01:00,101_CT_1,0.0
2030,sc01,12-10 19:00:00+01:00,101_STEAM_4,0.0
2030,sc01,12-10 19:00:00+01:00,115_STEAM_3,0.2622153524892389
2030,sc01,12-10 19:00:00+01:00,101_CT_2,0.0
2030,sc01,12-10 19:00:00+01:00,102_STEAM_4,0.0
2030,sc01,12-10 19:00:00+01:00,123_CT_1,0.0
2030,sc01,12-10 19:00:00+01:00,116_STEAM_1,0.0
2030,sc01,12-10 19:00:00+01:00,123_CT_5,0.0
2030,sc01,12-10 19:00:00+01:00,102_STEAM_3,0.0
2030,sc01,12-10 19:00:00+01:00,123_STEAM_3,0.0
2030,sc01,12-10 19:00:00+01:00,113_CT_3,0.0
2030,sc01,12-10 19:00:00+01:00,101_STEAM_3,0.0
2030,sc01,12-10 19:00:00+01:00,123_CT_4,0.0
2030,sc01,12-10 19:00:00+01:00,113_CT_1,0.0
2030,sc01,12-10 19:00:00+01:00,123_STEAM_2,0.0
2030,sc01,12-10 19:00:00+01:00,102_CT_1,0.0
2030,sc01,12-10 19:00:00+01:00,113_CT_2,0.0
2030,sc01,12-10 19:00:00+01:00,113_CT_4,0.0
2030,sc01,12-10 19:00:00+01:00,115_STEAM_1,0.0
2030,sc01,12-10 19:00:00+01:00,115_STEAM_2,0.0
2030,sc01,12-10 19:00:00+01:00,121_NUCLEAR_1,0.0
2030,sc01,12-10 19:00:00+01:00,118_CC_1,0.0
2030,sc01,12-10 19:00:00+01:00,107_CC_1,0.24868651832468988
2030,sc01,12-11 08:00:00+01:00,102_CT_2,0.0
2030,sc01,12-11 08:00:00+01:00,101_CT_1,0.0
2030,sc01,12-11 08:00:00+01:00,101_STEAM_4,1.0
2030,sc01,12-11 08:00:00+01:00,115_STEAM_3,1.0
2030,sc01,12-11 08:00:00+01:00,101_CT_2,0.0
2030,sc01,12-11 08:00:00+01:00,102_STEAM_4,1.0
2030,sc01,12-11 08:00:00+01:00,123_CT_1,0.0
2030,sc01,12-11 08:00:00+01:00,116_STEAM_1,0.0
2030,sc01,12-11 08:00:00+01:00,123_CT_5,0.0
2030,sc01,12-11 08:00:00+01:00,102_STEAM_3,1.0
2030,sc01,12-11 08:00:00+01:00,123_STEAM_3,1.0
2030,sc01,12-11 08:00:00+01:00,113_CT_3,0.0
2030,sc01,12-11 08:00:00+01:00,101_STEAM_3,1.0
2030,sc01,12-11 08:00:00+01:00,123_CT_4,0.0
2030,sc01,12-11 08:00:00+01:00,113_CT_1,0.0
2030,sc01,12-11 08:00:00+01:00,123_STEAM_2,1.0
2030,sc01,12-11 08:00:00+01:00,102_CT_1,0.0
2030,sc01,12-11 08:00:00+01:00,113_CT_2,0.0
2030,sc01,12-11 08:00:00+01:00,113_CT_4,0.0
2030,sc01,12-11 08:00:00+01:00,115_STEAM_1,0.0
2030,sc01,12-11 08:00:00+01:00,115_STEAM_2,0.0
2030,sc01,12-11 08:00:00+01:00,121_NUCLEAR_1,0.757689316643897
2030,sc01,12-11 08:00:00+01:00,118_CC_1,0.0
2030,sc01,12-11 08:00:00+01:00,107_CC_1,1.0
2030,sc01,12-11 16:00:00+01:00,102_CT_2,0.0
2030,sc01,12-11 16:00:00+01:00,101_CT_1,0.0
2030,sc01,12-11 16:00:00+01:00,101_STEAM_4,1.0
2030,sc01,12-11 16:00:00+01:00,115_STEAM_3,1.0
2030,sc01,12-11 16:00:00+01:00,101_CT_2,0.0
2030,sc01,12-11 16:00:00+01:00,102_STEAM_4,1.0
2030,sc01,12-11 16:00:00+01:00,123_CT_1,0.0
2030,sc01,12-11 16:00:00+01:00,116_STEAM_1,0.0
2030,sc01,12-11 16:00:00+01:00,123_CT_5,0.0
2030,sc01,12-11 16:00:00+01:00,102_STEAM_3,1.0
2030,sc01,12-11 16:00:00+01:00,123_STEAM_3,0.0
2030,sc01,12-11 16:00:00+01:00,113_CT_3,0.0
2030,sc01,12-11 16:00:00+01:00,101_STEAM_3,1.0
2030,sc01,12-11 16:00:00+01:00,123_CT_4,0.0
2030,sc01,12-11 16:00:00+01:00,113_CT_1,0.0
2030,sc01,12-11 16:00:00+01:00,123_STEAM_2,0.897965116051183
2030,sc01,12-11 16:00:00+01:00,102_CT_1,0.0
2030,sc01,12-11 16:00:00+01:00,113_CT_2,0.0
2030,sc01,12-11 16:00:00+01:00,113_CT_4,0.0
2030,sc01,12-11 16:00:00+01:00,115_STEAM_1,0.0
2030,sc01,12-11 16:00:00+01:00,115_STEAM_2,0.0
2030,sc01,12-11 16:00:00+01:00,121_NUCLEAR_1,1.0
2030,sc01,12-11 16:00:00+01:00,118_CC_1,1.0
2030,sc01,12-11 16:00:00+01:00,107_CC_1,1.0
2030,sc01,12-11 17:00:00+01:00,102_CT_2,0.0
2030,sc01,12-11 17:00:00+01:00,101_CT_1,0.0
2030,sc01,12-11 17:00:00+01:00,101_STEAM_4,0.0
2030,sc01,12-11 17:00:00+01:00,115_STEAM_3,0.0
2030,sc01,12-11 17:00:00+01:00,101_CT_2,0.0
2030,sc01,12-11 17:00:00+01:00,102_STEAM_4,0.0
2030,sc01,12-11 17:00:00+01:00,123_CT_1,0.0
2030,sc01,12-11 17:00:00+01:00,116_STEAM_1,0.0
2030,sc01,12-11 17:00:00+01:00,123_CT_5,0.0
2030,sc01,12-11 17:00:00+01:00,102_STEAM_3,0.0
2030,sc01,12-11 17:00:00+01:00,123_STEAM_3,0.0
2030,sc01,12-11 17:00:00+01:00,113_CT_3,0.0
2030,sc01,12-11 17:00:00+01:00,101_STEAM_3,0.0
2030,sc01,12-11 17:00:00+01:00,123_CT_4,0.0
2030,sc01,12-11 17:00:00+01:00,113_CT_1,0.0
2030,sc01,12-11 17:00:00+01:00,123_STEAM_2,0.0
2030,sc01,12-11 17:00:00+01:00,102_CT_1,0.0
2030,sc01,12-11 17:00:00+01:00,113_CT_2,0.0
2030,sc01,12-11 17:00:00+01:00,113_CT_4,0.0
2030,sc01,12-11 17:00:00+01:00,115_STEAM_1,0.0
2030,sc01,12-11 17:00:00+01:00,115_STEAM_2,0.0
2030,sc01,12-11 17:00:00+01:00,121_NUCLEAR_1,0.1424701006002545
2030,sc01,12-11 17:00:00+01:00,118_CC_1,0.0
2030,sc01,12-11 17:00:00+01:00,107_CC_1,0.4704077632387857
2030,sc01,12-11 18:00:00+01:00,102_CT_2,0.0
2030,sc01,12-11 18:00:00+01:00,101_CT_1,0.0
2030,sc01,12-11 18:00:00+01:00,101_STEAM_4,0.0
2030,sc01,12-11 18:00:00+01:00,115_STEAM_3,0.0
2030,sc01,12-11 18:00:00+01:00,101_CT_2,0.0
2030,sc01,12-11 18:00:00+01:00,102_STEAM_4,0.0
2030,sc01,12-11 18:00:00+01:00,123_CT_1,0.0
2030,sc01,12-11 18:00:00+01:00,116_STEAM_1,0.0
2030,sc01,12-11 18:00:00+01:00,123_CT_5,0.0
2030,sc01,12-11 18:00:00+01:00,102_STEAM_3,0.0
2030,sc01,12-11 18:00:00+01:00,123_STEAM_3,0.0
2030,sc01,12-11 18:00:00+01:00,113_CT_3,0.0
2030,sc01,12-11 18:00:00+01:00,101_STEAM_3,0.0
2030,sc01,12-11 18:00:00+01:00,123_CT_4,0.0
2030,sc01,12-11 18:00:00+01:00,113_CT_1,0.0
2030,sc01,12-11 18:00:00+01:00,123_STEAM_2,0.0
2030,sc01,12-11 18:00:00+01:00,102_CT_1,0.0
2030,sc01,12-11 18:00:00+01:00,113_CT_2,0.0
2030,sc01,12-11 18:00:00+01:00,113_CT_4,0.0
2030,sc01,12-11 18:00:00+01:00,115_STEAM_1,0.0
2030,sc01,12-11 18:00:00+01:00,115_STEAM_2,0.0
2030,sc01,12-11 18:00:00+01:00,121_NUCLEAR_1,0.11317772698981976
2030,sc01,12-11 18:00:00+01:00,118_CC_1,0.0
2030,sc01,12-11 18:00:00+01:00,107_CC_1,0.5781290110261396
2030,sc01,12-12 09:00:00+01:00,102_CT_2,0.0
2030,sc01,12-12 09:00:00+01:00,101_CT_1,0.0
2030,sc01,12-12 09:00:00+01:00,101_STEAM_4,1.0
2030,sc01,12-12 09:00:00+01:00,115_STEAM_3,1.0
2030,sc01,12-12 09:00:00+01:00,101_CT_2,0.0
2030,sc01,12-12 09:00:00+01:00,102_STEAM_4,1.0
2030,sc01,12-12 09:00:00+01:00,123_CT_1,0.0
2030,sc01,12-12 09:00:00+01:00,116_STEAM_1,0.0
2030,sc01,12-12 09:00:00+01:00,123_CT_5,0.0
2030,sc01,12-12 09:00:00+01:00,102_STEAM_3,1.0
2030,sc01,12-12 09:00:00+01:00,123_STEAM_3,0.0
2030,sc01,12-12 09:00:00+01:00,113_CT_3,0.0
2030,sc01,12-12 09:00:00+01:00,101_STEAM_3,1.0
2030,sc01,12-12 09:00:00+01:00,123_CT_4,0.0
2030,sc01,12-12 09:00:00+01:00,113_CT_1,0.0
2030,sc01,12-12 09:00:00+01:00,123_STEAM_2,0.010101847063641308
2030,sc01,12-12 09:00:00+01:00,102_CT_1,0.0
2030,sc01,12-12 09:00:00+01:00,113_CT_2,0.0
2030,sc01,12-12 09:00:00+01:00,113_CT_4,0.0
2030,sc01,12-12 09:00:00+01:00,115_STEAM_1,0.0
2030,sc01,12-12 09:00:00+01:00,115_STEAM_2,0.0
2030,sc01,12-12 09:00:00+01:00,121_NUCLEAR_1,1.0
2030,sc01,12-12 09:00:00+01:00,118_CC_1,0.6520600253545557
2030,sc01,12-12 09:00:00+01:00,107_CC_1,1.0
2030,sc01,12-12 16:00:00+01:00,102_CT_2,0.0
2030,sc01,12-12 16:00:00+01:00,101_CT_1,0.0
2030,sc01,12-12 16:00:00+01:00,101_STEAM_4,1.0
2030,sc01,12-12 16:00:00+01:00,115_STEAM_3,1.0
2030,sc01,12-12 16:00:00+01:00,101_CT_2,0.0
2030,sc01,12-12 16:00:00+01:00,102_STEAM_4,1.0
2030,sc01,12-12 16:00:00+01:00,123_CT_1,0.0
2030,sc01,12-12 16:00:00+01:00,116_STEAM_1,0.0
2030,sc01,12-12 16:00:00+01:00,123_CT_5,0.0
2030,sc01,12-12 16:00:00+01:00,102_STEAM_3,1.0
2030,sc01,12-12 16:00:00+01:00,123_STEAM_3,0.0
2030,sc01,12-12 16:00:00+01:00,113_CT_3,0.0
2030,sc01,12-12 16:00:00+01:00,101_STEAM_3,1.0
2030,sc01,12-12 16:00:00+01:00,123_CT_4,0.0
2030,sc01,12-12 16:00:00+01:00,113_CT_1,0.0
2030,sc01,12-12 16:00:00+01:00,123_STEAM_2,1.0
2030,sc01,12-12 16:00:00+01:00,102_CT_1,0.0
2030,sc01,12-12 16:00:00+01:00,113_CT_2,0.0
2030,sc01,12-12 16:00:00+01:00,113_CT_4,0.0
2030,sc01,12-12 16:00:00+01:00,115_STEAM_1,0.0
2030,sc01,12-12 16:00:00+01:00,115_STEAM_2,0.0
2030,sc01,12-12 16:00:00+01:00,121_NUCLEAR_1,1.0
2030,sc01,12-12 16:00:00+01:00,118_CC_1,1.0
2030,sc01,12-12 16:00:00+01:00,107_CC_1,1.0
2030,sc01,12-12 18:00:00+01:00,102_CT_2,0.0
2030,sc01,12-12 18:00:00+01:00,101_CT_1,0.0
2030,sc01,12-12 18:00:00+01:00,101_STEAM_4,0.0
2030,sc01,12-12 18:00:00+01:00,115_STEAM_3,0.7113620988207753
2030,sc01,12-12 18:00:00+01:00,101_CT_2,0.0
2030,sc01,12-12 18:00:00+01:00,102_STEAM_4,0.0
2030,sc01,12-12 18:00:00+01:00,123_CT_1,0.0
2030,sc01,12-12 18:00:00+01:00,116_STEAM_1,0.0
2030,sc01,12-12 18:00:00+01:00,123_CT_5,0.0
2030,sc01,12-12 18:00:00+01:00,102_STEAM_3,0.0
2030,sc01,12-12 18:00:00+01:00,123_STEAM_3,0.0
2030,sc01,12-12 18:00:00+01:00,113_CT_3,0.0
2030,sc01,12-12 18:00:00+01:00,101_STEAM_3,0.0
2030,sc01,12-12 18:00:00+01:00,123_CT_4,0.0
2030,sc01,12-12 18:00:00+01:00,113_CT_1,0.0
2030,sc01,12-12 18:00:00+01:00,123_STEAM_2,0.0
2030,sc01,12-12 18:00:00+01:00,102_CT_1,0.0
2030,sc01,12-12 18:00:00+01:00,113_CT_2,0.0
2030,sc01,12-12 18:00:00+01:00,113_CT_4,0.0
2030,sc01,12-12 18:00:00+01:00,115_STEAM_1,0.0
2030,sc01,12-12 18:00:00+01:00,115_STEAM_2,0.0
2030,sc01,12-12 18:00:00+01:00,121_NUCLEAR_1,0.0
2030,sc01,12-12 18:00:00+01:00,118_CC_1,0.0
2030,sc01,12-12 18:00:00+01:00,107_CC_1,0.19247459295604455
2030,sc01,12-12 19:00:00+01:00,102_CT_2,0.0
2030,sc01,12-12 19:00:00+01:00,101_CT_1,0.0
2030,sc01,12-12 19:00:00+01:00,101_STEAM_4,0.0
2030,sc01,12-12 19:00:00+01:00,115_STEAM_3,0.016017630081105086
2030,sc01,12-12 19:00:00+01:00,101_CT_2,0.0
2030,sc01,12-12 19:00:00+01:00,102_STEAM_4,0.0
2030,sc01,12-12 19:00:00+01:00,123_CT_1,0.0
2030,sc01,12-12 19:00:00+01:00,116_STEAM_1,0.0
2030,sc01,12-12 19:00:00+01:00,123_CT_5,0.0
2030,sc01,12-12 19:00:00+01:00,102_STEAM_3,0.0
2030,sc01,12-12 19:00:00+01:00,123_STEAM_3,0.0
2030,sc01,12-12 19:00:00+01:00,113_CT_3,0.0
2030,sc01,12-12 19:00:00+01:00,101_STEAM_3,0.0
2030,sc01,12-12 19:00:00+01:00,123_CT_4,0.0
2030,sc01,12-12 19:00:00+01:00,113_CT_1,0.0
2030,sc01,12-12 19:00:00+01:00,123_STEAM_2,0.0
2030,sc01,12-12 19:00:00+01:00,102_CT_1,0.0
2030,sc01,12-12 19:00:00+01:00,113_CT_2,0.0
2030,sc01,12-12 19:00:00+01:00,113_CT_4,0.0
2030,sc01,12-12 19:00:00+01:00,115_STEAM_1,0.0
2030,sc01,12-12 19:00:00+01:00,115_STEAM_2,0.0
2030,sc01,12-12 19:00:00+01:00,121_NUCLEAR_1,0.0
2030,sc01,12-12 19:00:00+01:00,118_CC_1,0.0
2030,sc01,12-12 19:00:00+01:00,107_CC_1,0.24809277089621878
2030,sc01,12-13 08:00:00+01:00,102_CT_2,0.0
2030,sc01,12-13 08:00:00+01:00,101_CT_1,0.0
2030,sc01,12-13 08:00:00+01:00,101_STEAM_4,1.0
2030,sc01,12-13 08:00:00+01:00,115_STEAM_3,1.0
2030,sc01,12-13 08:00:00+01:00,101_CT_2,0.0
2030,sc01,12-13 08:00:00+01:00,102_STEAM_4,1.0
2030,sc01,12-13 08:00:00+01:00,123_CT_1,0.0
2030,sc01,12-13 08:00:00+01:00,116_STEAM_1,0.0
2030,sc01,12-13 08:00:00+01:00,123_CT_5,0.0
2030,sc01,12-13 08:00:00+01:00,102_STEAM_3,1.0
2030,sc01,12-13 08:00:00+01:00,123_STEAM_3,0.9405181282274571
2030,sc01,12-13 08:00:00+01:00,113_CT_3,0.0
2030,sc01,12-13 08:00:00+01:00,101_STEAM_3,1.0
2030,sc01,12-13 08:00:00+01:00,123_CT_4,0.0
2030,sc01,12-13 08:00:00+01:00,113_CT_1,0.0
2030,sc01,12-13 08:00:00+01:00,123_STEAM_2,1.0
2030,sc01,12-13 08:00:00+01:00,102_CT_1,0.0
2030,sc01,12-13 08:00:00+01:00,113_CT_2,0.0
2030,sc01,12-13 08:00:00+01:00,113_CT_4,0.0
2030,sc01,12-13 08:00:00+01:00,115_STEAM_1,0.0
2030,sc01,12-13 08:00:00+01:00,115_STEAM_2,0.0
2030,sc01,12-13 08:00:00+01:00,121_NUCLEAR_1,0.8064402942604608
2030,sc01,12-13 08:00:00+01:00,118_CC_1,0.0
2030,sc01,12-13 08:00:00+01:00,107_CC_1,1.0
2030,sc01,12-13 16:00:00+01:00,102_CT_2,0.0
2030,sc01,12-13 16:00:00+01:00,101_CT_1,0.0
2030,sc01,12-13 16:00:00+01:00,101_STEAM_4,1.0
2030,sc01,12-13 16:00:00+01:00,115_STEAM_3,1.0
2030,sc01,12-13 16:00:00+01:00,101_CT_2,0.0
2030,sc01,12-13 16:00:00+01:00,102_STEAM_4,1.0
2030,sc01,12-13 16:00:00+01:00,123_CT_1,0.0
2030,sc01,12-13 16:00:00+01:00,116_STEAM_1,0.0
2030,sc01,12-13 16:00:00+01:00,123_CT_5,0.0
2030,sc01,12-13 16:00:00+01:00,102_STEAM_3,1.0
2030,sc01,12-13 16:00:00+01:00,123_STEAM_3,0.0
2030,sc01,12-13 16:00:00+01:00,113_CT_3,0.0
2030,sc01,12-13 16:00:00+01:00,101_STEAM_3,1.0
2030,sc01,12-13 16:00:00+01:00,123_CT_4,0.0
2030,sc01,12-13 16:00:00+01:00,113_CT_1,0.0
2030,sc01,12-13 16:00:00+01:00,123_STEAM_2,0.48471213330035634
2030,sc01,12-13 16:00:00+01:00,102_CT_1,0.0
2030,sc01,12-13 16:00:00+01:00,113_CT_2,0.0
2030,sc01,12-13 16:00:00+01:00,113_CT_4,0.0
2030,sc01,12-13 16:00:00+01:00,115_STEAM_1,0.0
2030,sc01,12-13 16:00:00+01:00,115_STEAM_2,0.0
2030,sc01,12-13 16:00:00+01:00,121_NUCLEAR_1,0.924290236268059
2030,sc01,12-13 16:00:00+01:00,118_CC_1,0.0
2030,sc01,12-13 16:00:00+01:00,107_CC_1,1.0
2030,sc01,12-13 17:00:00+01:00,102_CT_2,0.0
2030,sc01,12-13 17:00:00+01:00,101_CT_1,0.0
2030,sc01,12-13 17:00:00+01:00,101_STEAM_4,0.0
2030,sc01,12-13 17:00:00+01:00,115_STEAM_3,0.0
2030,sc01,12-13 17:00:00+01:00,101_CT_2,0.0
2030,sc01,12-13 17:00:00+01:00,102_STEAM_4,0.0
2030,sc01,12-13 17:00:00+01:00,123_CT_1,0.0
2030,sc01,12-13 17:00:00+01:00,116_STEAM_1,0.0
2030,sc01,12-13 17:00:00+01:00,123_CT_5,0.0
2030,sc01,12-13 17:00:00+01:00,102_STEAM_3,0.0
2030,sc01,12-13 17:00:00+01:00,123_STEAM_3,0.0
2030,sc01,12-13 17:00:00+01:00,113_CT_3,0.0
2030,sc01,12-13 17:00:00+01:00,101_STEAM_3,0.0
2030,sc01,12-13 17:00:00+01:00,123_CT_4,0.0
2030,sc01,12-13 17:00:00+01:00,113_CT_1,0.0
2030,sc01,12-13 17:00:00+01:00,123_STEAM_2,0.0
2030,sc01,12-13 17:00:00+01:00,102_CT_1,0.0
2030,sc01,12-13 17:00:00+01:00,113_CT_2,0.0
2030,sc01,12-13 17:00:00+01:00,113_CT_4,0.0
2030,sc01,12-13 17:00:00+01:00,115_STEAM_1,0.0
2030,sc01,12-13 17:00:00+01:00,115_STEAM_2,0.0
2030,sc01,12-13 17:00:00+01:00,121_NUCLEAR_1,0.0
2030,sc01,12-13 17:00:00+01:00,118_CC_1,0.0
2030,sc01,12-13 17:00:00+01:00,107_CC_1,0.031875977089567284
2030,sc01,12-13 18:00:00+01:00,102_CT_2,0.0
2030,sc01,12-13 18:00:00+01:00,101_CT_1,0.0
2030,sc01,12-13 18:00:00+01:00,101_STEAM_4,0.0
2030,sc01,12-13 18:00:00+01:00,115_STEAM_3,0.0
2030,sc01,12-13 18:00:00+01:00,101_CT_2,0.0
2030,sc01,12-13 18:00:00+01:00,102_STEAM_4,0.0
2030,sc01,12-13 18:00:00+01:00,123_CT_1,0.0
2030,sc01,12-13 18:00:00+01:00,116_STEAM_1,0.0
2030,sc01,12-13 18:00:00+01:00,123_CT_5,0.0
2030,sc01,12-13 18:00:00+01:00,102_STEAM_3,0.0
2030,sc01,12-13 18:00:00+01:00,123_STEAM_3,0.0
2030,sc01,12-13 18:00:00+01:00,113_CT_3,0.0
2030,sc01,12-13 18:00:00+01:00,101_STEAM_3,0.0
2030,sc01,12-13 18:00:00+01:00,123_CT_4,0.0
2030,sc01,12-13 18:00:00+01:00,113_CT_1,0.0
2030,sc01,12-13 18:00:00+01:00,123_STEAM_2,0.0
2030,sc01,12-13 18:00:00+01:00,102_CT_1,0.0
2030,sc01,12-13 18:00:00+01:00,113_CT_2,0.0
2030,sc01,12-13 18:00:00+01:00,113_CT_4,0.0
2030,sc01,12-13 18:00:00+01:00,115_STEAM_1,0.0
2030,sc01,12-13 18:00:00+01:00,115_STEAM_2,0.0
2030,sc01,12-13 18:00:00+01:00,121_NUCLEAR_1,0.0
2030,sc01,12-13 18:00:00+01:00,118_CC_1,0.0
2030,sc01,12-13 18:00:00+01:00,107_CC_1,0.04648484163447132
2030,sc01,12-16 16:00:00+01:00,102_CT_2,0.0
2030,sc01,12-16 16:00:00+01:00,101_CT_1,0.0
2030,sc01,12-16 16:00:00+01:00,101_STEAM_4,1.0
2030,sc01,12-16 16:00:00+01:00,115_STEAM_3,1.0
2030,sc01,12-16 16:00:00+01:00,101_CT_2,0.0
2030,sc01,12-16 16:00:00+01:00,102_STEAM_4,1.0
2030,sc01,12-16 16:00:00+01:00,123_CT_1,0.0
2030,sc01,12-16 16:00:00+01:00,116_STEAM_1,0.0
2030,sc01,12-16 16:00:00+01:00,123_CT_5,0.0
2030,sc01,12-16 16:00:00+01:00,102_STEAM_3,1.0
2030,sc01,12-16 16:00:00+01:00,123_STEAM_3,0.2997340561432255
2030,sc01,12-16 16:00:00+01:00,113_CT_3,0.0
2030,sc01,12-16 16:00:00+01:00,101_STEAM_3,1.0
2030,sc01,12-16 16:00:00+01:00,123_CT_4,0.0
2030,sc01,12-16 16:00:00+01:00,113_CT_1,0.0
2030,sc01,12-16 16:00:00+01:00,123_STEAM_2,1.0
2030,sc01,12-16 16:00:00+01:00,102_CT_1,0.0
2030,sc01,12-16 16:00:00+01:00,113_CT_2,0.0
2030,sc01,12-16 16:00:00+01:00,113_CT_4,0.0
2030,sc01,12-16 16:00:00+01:00,115_STEAM_1,0.0
2030,sc01,12-16 16:00:00+01:00,115_STEAM_2,0.0
2030,sc01,12-16 16:00:00+01:00,121_NUCLEAR_1,0.8989593865011971
2030,sc01,12-16 16:00:00+01:00,118_CC_1,0.0
2030,sc01,12-16 16:00:00+01:00,107_CC_1,1.0
2030,sc01,12-16 18:00:00+01:00,102_CT_2,0.0
2030,sc01,12-16 18:00:00+01:00,101_CT_1,0.0
2030,sc01,12-16 18:00:00+01:00,101_STEAM_4,0.0
2030,sc01,12-16 18:00:00+01:00,115_STEAM_3,0.0
2030,sc01,12-16 18:00:00+01:00,101_CT_2,0.0
2030,sc01,12-16 18:00:00+01:00,102_STEAM_4,0.0
2030,sc01,12-16 18:00:00+01:00,123_CT_1,0.0
2030,sc01,12-16 18:00:00+01:00,116_STEAM_1,0.0
2030,sc01,12-16 18:00:00+01:00,123_CT_5,0.0
2030,sc01,12-16 18:00:00+01:00,102_STEAM_3,0.0
2030,sc01,12-16 18:00:00+01:00,123_STEAM_3,0.0
2030,sc01,12-16 18:00:00+01:00,113_CT_3,0.0
2030,sc01,12-16 18:00:00+01:00,101_STEAM_3,0.0
2030,sc01,12-16 18:00:00+01:00,123_CT_4,0.0
2030,sc01,12-16 18:00:00+01:00,113_CT_1,0.0
2030,sc01,12-16 18:00:00+01:00,123_STEAM_2,0.0
2030,sc01,12-16 18:00:00+01:00,102_CT_1,0.0
2030,sc01,12-16 18:00:00+01:00,113_CT_2,0.0
2030,sc01,12-16 18:00:00+01:00,113_CT_4,0.0
2030,sc01,12-16 18:00:00+01:00,115_STEAM_1,0.0
2030,sc01,12-16 18:00:00+01:00,115_STEAM_2,0.0
2030,sc01,12-16 18:00:00+01:00,121_NUCLEAR_1,0.0
2030,sc01,12-16 18:00:00+01:00,118_CC_1,0.0
2030,sc01,12-16 18:00:00+01:00,107_CC_1,0.19087204082696319
2030,sc01,12-17 17:00:00+01:00,102_CT_2,0.0
2030,sc01,12-17 17:00:00+01:00,101_CT_1,0.0
2030,sc01,12-17 17:00:00+01:00,101_STEAM_4,0.0
2030,sc01,12-17 17:00:00+01:00,115_STEAM_3,0.0
2030,sc01,12-17 17:00:00+01:00,101_CT_2,0.0
2030,sc01,12-17 17:00:00+01:00,102_STEAM_4,0.0
2030,sc01,12-17 17:00:00+01:00,123_CT_1,0.0
2030,sc01,12-17 17:00:00+01:00,116_STEAM_1,0.0
2030,sc01,12-17 17:00:00+01:00,123_CT_5,0.0
2030,sc01,12-17 17:00:00+01:00,102_STEAM_3,0.0
2030,sc01,12-17 17:00:00+01:00,123_STEAM_3,0.0
2030,sc01,12-17 17:00:00+01:00,113_CT_3,0.0
2030,sc01,12-17 17:00:00+01:00,101_STEAM_3,0.0
2030,sc01,12-17 17:00:00+01:00,123_CT_4,0.0
2030,sc01,12-17 17:00:00+01:00,113_CT_1,0.0
2030,sc01,12-17 17:00:00+01:00,123_STEAM_2,0.0
2030,sc01,12-17 17:00:00+01:00,102_CT_1,0.0
2030,sc01,12-17 17:00:00+01:00,113_CT_2,0.0
2030,sc01,12-17 17:00:00+01:00,113_CT_4,0.0
2030,sc01,12-17 17:00:00+01:00,115_STEAM_1,0.0
2030,sc01,12-17 17:00:00+01:00,115_STEAM_2,0.0
2030,sc01,12-17 17:00:00+01:00,121_NUCLEAR_1,0.0
2030,sc01,12-17 17:00:00+01:00,118_CC_1,0.0
2030,sc01,12-17 17:00:00+01:00,107_CC_1,0.03489729992223996
2030,sc01,12-17 18:00:00+01:00,102_CT_2,0.0
2030,sc01,12-17 18:00:00+01:00,101_CT_1,0.0
2030,sc01,12-17 18:00:00+01:00,101_STEAM_4,0.0
2030,sc01,12-17 18:00:00+01:00,115_STEAM_3,0.0
2030,sc01,12-17 18:00:00+01:00,101_CT_2,0.0
2030,sc01,12-17 18:00:00+01:00,102_STEAM_4,0.0
2030,sc01,12-17 18:00:00+01:00,123_CT_1,0.0
2030,sc01,12-17 18:00:00+01:00,116_STEAM_1,0.0
2030,sc01,12-17 18:00:00+01:00,123_CT_5,0.0
2030,sc01,12-17 18:00:00+01:00,102_STEAM_3,0.0
2030,sc01,12-17 18:00:00+01:00,123_STEAM_3,0.0
2030,sc01,12-17 18:00:00+01:00,113_CT_3,0.0
2030,sc01,12-17 18:00:00+01:00,101_STEAM_3,0.0
2030,sc01,12-17 18:00:00+01:00,123_CT_4,0.0
2030,sc01,12-17 18:00:00+01:00,113_CT_1,0.0
2030,sc01,12-17 18:00:00+01:00,123_STEAM_2,0.0
2030,sc01,12-17 18:00:00+01:00,102_CT_1,0.0
2030,sc01,12-17 18:00:00+01:00,113_CT_2,0.0
2030,sc01,12-17 18:00:00+01:00,113_CT_4,0.0
2030,sc01,12-17 18:00:00+01:00,115_STEAM_1,0.0
2030,sc01,12-17 18:00:00+01:00,115_STEAM_2,0.0
2030,sc01,12-17 18:00:00+01:00,121_NUCLEAR_1,0.0
2030,sc01,12-17 18:00:00+01:00,118_CC_1,0.0
2030,sc01,12-17 18:00:00+01:00,107_CC_1,0.052712442352187916
2030,sc01,12-18 17:00:00+01:00,102_CT_2,0.0
2030,sc01,12-18 17:00:00+01:00,101_CT_1,0.0
2030,sc01,12-18 17:00:00+01:00,101_STEAM_4,0.0
2030,sc01,12-18 17:00:00+01:00,115_STEAM_3,0.0
2030,sc01,12-18 17:00:00+01:00,101_CT_2,0.0
2030,sc01,12-18 17:00:00+01:00,102_STEAM_4,0.0
2030,sc01,12-18 17:00:00+01:00,123_CT_1,0.0
2030,sc01,12-18 17:00:00+01:00,116_STEAM_1,0.0
2030,sc01,12-18 17:00:00+01:00,123_CT_5,0.0
2030,sc01,12-18 17:00:00+01:00,102_STEAM_3,0.0
2030,sc01,12-18 17:00:00+01:00,123_STEAM_3,0.0
2030,sc01,12-18 17:00:00+01:00,113_CT_3,0.0
2030,sc01,12-18 17:00:00+01:00,101_STEAM_3,0.0
2030,sc01,12-18 17:00:00+01:00,123_CT_4,0.0
2030,sc01,12-18 17:00:00+01:00,113_CT_1,0.0
2030,sc01,12-18 17:00:00+01:00,123_STEAM_2,0.0
2030,sc01,12-18 17:00:00+01:00,102_CT_1,0.0
2030,sc01,12-18 17:00:00+01:00,113_CT_2,0.0
2030,sc01,12-18 17:00:00+01:00,113_CT_4,0.0
2030,sc01,12-18 17:00:00+01:00,115_STEAM_1,0.0
2030,sc01,12-18 17:00:00+01:00,115_STEAM_2,0.0
2030,sc01,12-18 17:00:00+01:00,121_NUCLEAR_1,0.0
2030,sc01,12-18 17:00:00+01:00,118_CC_1,0.0
2030,sc01,12-18 17:00:00+01:00,107_CC_1,0.16091033993913892
2030,sc01,12-18 18:00:00+01:00,102_CT_2,0.0
2030,sc01,12-18 18:00:00+01:00,101_CT_1,0.0
2030,sc01,12-18 18:00:00+01:00,101_STEAM_4,0.0
2030,sc01,12-18 18:00:00+01:00,115_STEAM_3,0.0
2030,sc01,12-18 18:00:00+01:00,101_CT_2,0.0
2030,sc01,12-18 18:00:00+01:00,102_STEAM_4,0.0
2030,sc01,12-18 18:00:00+01:00,123_CT_1,0.0
2030,sc01,12-18 18:00:00+01:00,116_STEAM_1,0.0
2030,sc01,12-18 18:00:00+01:00,123_CT_5,0.0
2030,sc01,12-18 18:00:00+01:00,102_STEAM_3,0.0
2030,sc01,12-18 18:00:00+01:00,123_STEAM_3,0.0
2030,sc01,12-18 18:00:00+01:00,113_CT_3,0.0
2030,sc01,12-18 18:00:00+01:00,101_STEAM_3,0.0
2030,sc01,12-18 18:00:00+01:00,123_CT_4,0.0
2030,sc01,12-18 18:00:00+01:00,113_CT_1,0.0
2030,sc01,12-18 18:00:00+01:00,123_STEAM_2,0.0
2030,sc01,12-18 18:00:00+01:00,102_CT_1,0.0
2030,sc01,12-18 18:00:00+01:00,113_CT_2,0.0
2030,sc01,12-18 18:00:00+01:00,113_CT_4,0.0
2030,sc01,12-18 18:00:00+01:00,115_STEAM_1,0.0
2030,sc01,12-18 18:00:00+01:00,115_STEAM_2,0.0
2030,sc01,12-18 18:00:00+01:00,121_NUCLEAR_1,0.0
2030,sc01,12-18 18:00:00+01:00,118_CC_1,0.0
2030,sc01,12-18 18:00:00+01:00,107_CC_1,0.19165907841087515
2030,sc01,12-20 21:00:00+01:00,102_CT_2,0.0
2030,sc01,12-20 21:00:00+01:00,101_CT_1,0.0
2030,sc01,12-20 21:00:00+01:00,101_STEAM_4,0.0
2030,sc01,12-20 21:00:00+01:00,115_STEAM_3,0.0
2030,sc01,12-20 21:00:00+01:00,101_CT_2,0.0
2030,sc01,12-20 21:00:00+01:00,102_STEAM_4,0.0
2030,sc01,12-20 21:00:00+01:00,123_CT_1,0.0
2030,sc01,12-20 21:00:00+01:00,116_STEAM_1,0.0
2030,sc01,12-20 21:00:00+01:00,123_CT_5,0.0
2030,sc01,12-20 21:00:00+01:00,102_STEAM_3,0.0
2030,sc01,12-20 21:00:00+01:00,123_STEAM_3,0.0
2030,sc01,12-20 21:00:00+01:00,113_CT_3,0.0
2030,sc01,12-20 21:00:00+01:00,101_STEAM_3,0.0
2030,sc01,12-20 21:00:00+01:00,123_CT_4,0.0
2030,sc01,12-20 21:00:00+01:00,113_CT_1,0.0
2030,sc01,12-20 21:00:00+01:00,123_STEAM_2,0.0
2030,sc01,12-20 21:00:00+01:00,102_CT_1,0.0
2030,sc01,12-20 21:00:00+01:00,113_CT_2,0.0
2030,sc01,12-20 21:00:00+01:00,113_CT_4,0.0
2030,sc01,12-20 21:00:00+01:00,115_STEAM_1,0.0
2030,sc01,12-20 21:00:00+01:00,115_STEAM_2,0.0
2030,sc01,12-20 21:00:00+01:00,121_NUCLEAR_1,0.0
2030,sc01,12-20 21:00:00+01:00,118_CC_1,0.0
2030,sc01,12-20 21:00:00+01:00,107_CC_1,0.0
2030,sc01,12-21 23:00:00+01:00,102_CT_2,0.0
2030,sc01,12-21 23:00:00+01:00,101_CT_1,0.0
2030,sc01,12-21 23:00:00+01:00,101_STEAM_4,0.0
2030,sc01,12-21 23:00:00+01:00,115_STEAM_3,0.0
2030,sc01,12-21 23:00:00+01:00,101_CT_2,0.0
2030,sc01,12-21 23:00:00+01:00,102_STEAM_4,0.0
2030,sc01,12-21 23:00:00+01:00,123_CT_1,0.0
2030,sc01,12-21 23:00:00+01:00,116_STEAM_1,0.0
2030,sc01,12-21 23:00:00+01:00,123_CT_5,0.0
2030,sc01,12-21 23:00:00+01:00,102_STEAM_3,0.0
2030,sc01,12-21 23:00:00+01:00,123_STEAM_3,0.0
2030,sc01,12-21 23:00:00+01:00,113_CT_3,0.0
2030,sc01,12-21 23:00:00+01:00,101_STEAM_3,0.0
2030,sc01,12-21 23:00:00+01:00,123_CT_4,0.0
2030,sc01,12-21 23:00:00+01:00,113_CT_1,0.0
2030,sc01,12-21 23:00:00+01:00,123_STEAM_2,0.0
2030,sc01,12-21 23:00:00+01:00,102_CT_1,0.0
2030,sc01,12-21 23:00:00+01:00,113_CT_2,0.0
2030,sc01,12-21 23:00:00+01:00,113_CT_4,0.0
2030,sc01,12-21 23:00:00+01:00,115_STEAM_1,0.0
2030,sc01,12-21 23:00:00+01:00,115_STEAM_2,0.0
2030,sc01,12-21 23:00:00+01:00,121_NUCLEAR_1,0.0
2030,sc01,12-21 23:00:00+01:00,118_CC_1,0.0
2030,sc01,12-21 23:00:00+01:00,107_CC_1,0.0
2030,sc01,12-23 00:00:00+01:00,102_CT_2,0.0
2030,sc01,12-23 00:00:00+01:00,101_CT_1,0.0
2030,sc01,12-23 00:00:00+01:00,101_STEAM_4,0.0
2030,sc01,12-23 00:00:00+01:00,115_STEAM_3,0.0
2030,sc01,12-23 00:00:00+01:00,101_CT_2,0.0
2030,sc01,12-23 00:00:00+01:00,102_STEAM_4,0.0
2030,sc01,12-23 00:00:00+01:00,123_CT_1,0.0
2030,sc01,12-23 00:00:00+01:00,116_STEAM_1,0.0
2030,sc01,12-23 00:00:00+01:00,123_CT_5,0.0
2030,sc01,12-23 00:00:00+01:00,102_STEAM_3,0.0
2030,sc01,12-23 00:00:00+01:00,123_STEAM_3,0.0
2030,sc01,12-23 00:00:00+01:00,113_CT_3,0.0
2030,sc01,12-23 00:00:00+01:00,101_STEAM_3,0.0
2030,sc01,12-23 00:00:00+01:00,123_CT_4,0.0
2030,sc01,12-23 00:00:00+01:00,113_CT_1,0.0
2030,sc01,12-23 00:00:00+01:00,123_STEAM_2,0.0
2030,sc01,12-23 00:00:00+01:00,102_CT_1,0.0
2030,sc01,12-23 00:00:00+01:00,113_CT_2,0.0
2030,sc01,12-23 00:00:00+01:00,113_CT_4,0.0
2030,sc01,12-23 00:00:00+01:00,115_STEAM_1,0.0
2030,sc01,12-23 00:00:00+01:00,115_STEAM_2,0.0
2030,sc01,12-23 00:00:00+01:00,121_NUCLEAR_1,0.0
2030,sc01,12-23 00:00:00+01:00,118_CC_1,0.0
2030,sc01,12-23 00:00:00+01:00,107_CC_1,0.0
